session_date,observer_id,session_id,location_id,participant_id,Gender,session_start,session_end,observer_session_task id,What,start_time,end_time,elapsed_time,total_time,total_time(fixed_sec),Who,How,How_(subcategories),Where,ended_by,multi_with,num_of_multitask_fragments,num_of_tasks_in_multi_1,multi_task_id_1,multi_start_1,multi_end_1,num_of_tasks_in_multi_2,multi_task_id_2,multi_start_2,multi_end_2,num_of_tasks_in_multi_3,multi_task_id_3,multi_start_3,multi_end_3,num_of_tasks_in_multi_4,multi_task_id_4,multi_start_4,multi_end_4,total_overlapping_time,is_interrupting_task?,interrupted_by,num_of_interrupts,int_task_id_1,int_start_1,int_end_1,active_1,active_2,inactive_1,is_session_complete?
10-Aug-21,10020,10422,S1E4,Doug Ross,M,13:12:11,14:01:48,10020_10422_1,Nothing Happening,13:12:11,13:12:23,0:00:12,0:00:12,12,0,0,0,Nothing Happening,10020_10422_2,,0,,,,,,,,,,,,,,,,,0:00:00,FALSE,,0,,,,0:00:12,,,TRUE
10-Aug-21,10020,10422,S1E4,Doug Ross,M,13:12:11,14:01:48,10020_10422_2,Off-Screen,13:12:23,13:13:09,0:00:46,0:00:46,46,0,0,0,Off-Screen,10020_10422_3,,0,,,,,,,,,,,,,,,,,0:00:00,FALSE,,0,,,,0:00:46,,,TRUE
10-Aug-21,10020,10422,S1E4,Doug Ross,M,13:12:11,14:01:48,10020_10422_3,Social,13:13:09,13:13:22,0:00:13,0:00:13,13,Doctor(s),Talking,0,Hospital,10020_10422_5,10020_10422_4,1,2,10020_10422_4,13:13:14,13:13:22,,,,,,,,,,,,,0:00:08,FALSE,,0,,,,0:00:13,,,TRUE
10-Aug-21,10020,10422,S1E4,Doug Ross,M,13:12:11,14:01:48,10020_10422_4,In-transit,13:13:14,13:13:22,0:00:08,0:00:08,8,0,0,0,Hospital,10020_10422_5,10020_10422_3,1,2,10020_10422_3,13:13:14,13:13:22,,,,,,,,,,,,,0:00:08,FALSE,,0,,,,0:00:08,,,TRUE
10-Aug-21,10020,10422,S1E4,Doug Ross,M,13:12:11,14:01:48,10020_10422_5,Professional Communication,13:13:22,13:13:26,0:00:04,0:00:04,4,Doctor(s),Talking,0,Hospital,10020_10422_6,,0,,,,,,,,,,,,,,,,,0:00:00,FALSE,,0,,,,0:00:04,,,TRUE
10-Aug-21,10020,10422,S1E4,Doug Ross,M,13:12:11,14:01:48,10020_10422_6,Social,13:13:26,13:13:36,0:00:10,0:00:10,10,Doctor(s),Talking,0,Hospital,10020_10422_8,10020_10422_7,1,2,10020_10422_7,13:13:28,13:13:36,,,,,,,,,,,,,0:00:08,FALSE,,0,,,,0:00:10,,,TRUE
10-Aug-21,10020,10422,S1E4,Doug Ross,M,13:12:11,14:01:48,10020_10422_7,In-transit,13:13:28,13:13:36,0:00:08,0:00:08,8,0,0,0,Hospital,10020_10422_8,10020_10422_6,1,2,10020_10422_6,13:13:28,13:13:36,,,,,,,,,,,,,0:00:08,FALSE,,0,,,,0:00:08,,,TRUE
10-Aug-21,10020,10422,S1E4,Doug Ross,M,13:12:11,14:01:48,10020_10422_8,Professional Communication,13:13:36,13:13:42,0:00:06,0:00:06,6,Nurse,Talking,0,Hospital,10020_10422_9,,0,,,,,,,,,,,,,,,,,0:00:00,FALSE,,0,,,,0:00:06,,,TRUE
10-Aug-21,10020,10422,S1E4,Doug Ross,M,13:12:11,14:01:48,10020_10422_9,Off-Screen,13:13:42,13:14:13,0:00:31,0:00:31,31,0,0,0,Off-Screen,10020_10422_10,,0,,,,,,,,,,,,,,,,,0:00:00,FALSE,,0,,,,0:00:31,,,TRUE
10-Aug-21,10020,10422,S1E4,Doug Ross,M,13:12:11,14:01:48,10020_10422_10,Direct Care,13:14:13,13:14:22,0:00:09,0:00:09,9,Relative (Patient),Talking,0,Hospital,10020_10422_11,,0,,,,,,,,,,,,,,,,,0:00:00,FALSE,,0,,,,0:00:09,,,TRUE
10-Aug-21,10020,10422,S1E4,Doug Ross,M,13:12:11,14:01:48,10020_10422_11,Direct Care,13:14:22,13:14:37,0:00:15,0:00:15,15,Patient,Talking,0,Hospital,10020_10422_12,,0,,,,,,,,,,,,,,,,,0:00:00,FALSE,,0,,,,0:00:15,,,TRUE
10-Aug-21,10020,10422,S1E4,Doug Ross,M,13:12:11,14:01:48,10020_10422_12,Direct Care,13:14:37,13:15:30,0:00:53,0:00:53,53,Relative (Patient),Talking,0,Hospital,10020_10422_13,,0,,,,,,,,,,,,,,,,,0:00:00,FALSE,,0,,,,0:00:53,,,TRUE
10-Aug-21,10020,10422,S1E4,Doug Ross,M,13:12:11,14:01:48,10020_10422_13,In-transit,13:15:30,13:15:34,0:00:04,0:00:04,4,0,0,0,Hospital,10020_10422_14,,0,,,,,,,,,,,,,,,,,0:00:00,FALSE,,0,,,,0:00:04,,,TRUE
10-Aug-21,10020,10422,S1E4,Doug Ross,M,13:12:11,14:01:48,10020_10422_14,Professional Communication,13:15:34,13:15:43,0:00:09,0:00:09,9,Nurse,Talking,0,Hospital,10020_10422_15,,0,,,,,,,,,,,,,,,,,0:00:00,FALSE,,0,,,,0:00:09,,,TRUE
10-Aug-21,10020,10422,S1E4,Doug Ross,M,13:12:11,14:01:48,10020_10422_15,Direct Care,13:15:43,13:15:59,0:00:16,0:00:16,16,Patient,Talking,0,Hospital,10020_10422_16,,0,,,,,,,,,,,,,,,,,0:00:00,FALSE,,0,,,,0:00:16,,,TRUE
10-Aug-21,10020,10422,S1E4,Doug Ross,M,13:12:11,14:01:48,10020_10422_16,Nothing Happening,13:15:59,13:17:28,0:01:29,0:01:29,89,0,0,0,Nothing Happening,10020_10422_17,,0,,,,,,,,,,,,,,,,,0:00:00,FALSE,,0,,,,0:01:29,,,TRUE
10-Aug-21,10020,10422,S1E4,Doug Ross,M,13:12:11,14:01:48,10020_10422_17,Off-Screen,13:17:28,13:18:48,0:01:20,0:01:20,80,0,0,0,Off-Screen,10020_10422_18,,0,,,,,,,,,,,,,,,,,0:00:00,FALSE,,0,,,,0:01:20,,,TRUE
10-Aug-21,10020,10422,S1E4,Doug Ross,M,13:12:11,14:01:48,10020_10422_18,Professional Communication,13:18:48,13:19:19,0:00:31,0:00:31,31,Doctor(s),Talking,0,Hospital,10020_10422_20,10020_10422_19,1,2,10020_10422_19,13:18:59,13:19:19,,,,,,,,,,,,,0:00:20,FALSE,,0,,,,0:00:31,,,TRUE
10-Aug-21,10020,10422,S1E4,Doug Ross,M,13:12:11,14:01:48,10020_10422_19,Document,13:18:59,13:19:19,0:00:20,0:00:20,20,0,0,0,Hospital,10020_10422_20,10020_10422_18,1,2,10020_10422_18,13:18:59,13:19:19,,,,,,,,,,,,,0:00:20,FALSE,,0,,,,0:00:20,,,TRUE
10-Aug-21,10020,10422,S1E4,Doug Ross,M,13:12:11,14:01:48,10020_10422_20,In-transit,13:19:19,13:19:24,0:00:05,0:00:05,5,0,0,0,Hospital,10020_10422_21,,0,,,,,,,,,,,,,,,,,0:00:00,FALSE,,0,,,,0:00:05,,,TRUE
10-Aug-21,10020,10422,S1E4,Doug Ross,M,13:12:11,14:01:48,10020_10422_21,Off-Screen,13:19:24,13:21:53,0:02:29,0:02:29,149,0,0,0,Off-Screen,10020_10422_22,,0,,,,,,,,,,,,,,,,,0:00:00,FALSE,,0,,,,0:02:29,,,TRUE
10-Aug-21,10020,10422,S1E4,Doug Ross,M,13:12:11,14:01:48,10020_10422_22,Nothing Happening,13:21:53,13:22:01,0:00:08,0:00:08,8,0,0,0,Nothing Happening,10020_10422_23,,0,,,,,,,,,,,,,,,,,0:00:00,FALSE,,0,,,,0:00:08,,,TRUE
10-Aug-21,10020,10422,S1E4,Doug Ross,M,13:12:11,14:01:48,10020_10422_23,Professional Communication,13:22:01,13:22:16,0:00:15,0:00:15,15,Doctor(s),Talking,0,Hospital,10020_10422_24,,0,,,,,,,,,,,,,,,,,0:00:00,FALSE,,0,,,,0:00:15,,,TRUE
10-Aug-21,10020,10422,S1E4,Doug Ross,M,13:12:11,14:01:48,10020_10422_24,Professional Communication,13:22:16,13:22:25,0:00:09,0:00:09,9,Nurse,Talking,0,Hospital,10020_10422_25,,0,,,,,,,,,,,,,,,,,0:00:00,FALSE,,0,,,,0:00:09,,,TRUE
10-Aug-21,10020,10422,S1E4,Doug Ross,M,13:12:11,14:01:48,10020_10422_25,Off-Screen,13:22:25,13:23:50,0:01:25,0:01:25,85,0,0,0,Off-Screen,10020_10422_26,,0,,,,,,,,,,,,,,,,,0:00:00,FALSE,,0,,,,0:01:25,,,TRUE
10-Aug-21,10020,10422,S1E4,Doug Ross,M,13:12:11,14:01:48,10020_10422_26,Nothing Happening,13:23:50,13:24:56,0:01:06,0:01:06,66,0,0,0,Nothing Happening,10020_10422_27,,0,,,,,,,,,,,,,,,,,0:00:00,FALSE,,0,,,,0:01:06,,,TRUE
10-Aug-21,10020,10422,S1E4,Doug Ross,M,13:12:11,14:01:48,10020_10422_27,Off-Screen,13:24:56,13:26:18,0:01:22,0:01:22,82,0,0,0,Off-Screen,10020_10422_28,,0,,,,,,,,,,,,,,,,,0:00:00,FALSE,,0,,,,0:01:22,,,TRUE
10-Aug-21,10020,10422,S1E4,Doug Ross,M,13:12:11,14:01:48,10020_10422_28,Professional Communication,13:26:18,13:26:24,0:00:06,0:00:06,6,0,Landline,0,Hospital,10020_10422_29,,0,,,,,,,,,,,,,,,,,0:00:00,FALSE,,0,,,,0:00:06,,,TRUE
10-Aug-21,10020,10422,S1E4,Doug Ross,M,13:12:11,14:01:48,10020_10422_29,In-transit,13:26:24,13:26:34,0:00:10,0:00:10,10,0,0,0,Hospital,10020_10422_30,,0,,,,,,,,,,,,,,,,,0:00:00,FALSE,,0,,,,0:00:10,,,TRUE
10-Aug-21,10020,10422,S1E4,Doug Ross,M,13:12:11,14:01:48,10020_10422_30,Off-Screen,13:26:34,13:26:43,0:00:09,0:00:09,9,0,0,0,Off-Screen,10020_10422_31,,0,,,,,,,,,,,,,,,,,0:00:00,FALSE,,0,,,,0:00:09,,,TRUE
10-Aug-21,10020,10422,S1E4,Doug Ross,M,13:12:11,14:01:48,10020_10422_31,Direct Care,13:26:43,13:27:06,0:00:23,0:00:23,23,0,0,0,Hospital,10020_10422_32,,0,,,,,,,,,,,,,,,,,0:00:00,FALSE,,0,,,,0:00:23,,,TRUE
10-Aug-21,10020,10422,S1E4,Doug Ross,M,13:12:11,14:01:48,10020_10422_32,Off-Screen,13:27:06,13:27:08,0:00:02,0:00:02,2,0,0,0,Off-Screen,10020_10422_33,,0,,,,,,,,,,,,,,,,,0:00:00,FALSE,,0,,,,0:00:02,,,TRUE
10-Aug-21,10020,10422,S1E4,Doug Ross,M,13:12:11,14:01:48,10020_10422_33,Direct Care,13:27:08,13:27:18,0:00:10,0:00:10,10,0,0,0,Hospital,10020_10422_35,10020_10422_34,1,2,10020_10422_34,13:27:13,13:27:18,,,,,,,,,,,,,0:00:05,FALSE,,0,,,,0:00:10,,,TRUE
10-Aug-21,10020,10422,S1E4,Doug Ross,M,13:12:11,14:01:48,10020_10422_34,In-transit,13:27:13,13:27:18,0:00:05,0:00:05,5,0,0,0,Hospital,10020_10422_35,10020_10422_33,1,2,10020_10422_33,13:27:13,13:27:18,,,,,,,,,,,,,0:00:05,FALSE,,0,,,,0:00:05,,,TRUE
10-Aug-21,10020,10422,S1E4,Doug Ross,M,13:12:11,14:01:48,10020_10422_35,Off-Screen,13:27:18,13:29:49,0:02:31,0:02:31,151,0,0,0,Off-Screen,10020_10422_36,,0,,,,,,,,,,,,,,,,,0:00:00,FALSE,,0,,,,0:02:31,,,TRUE
10-Aug-21,10020,10422,S1E4,Doug Ross,M,13:12:11,14:01:48,10020_10422_36,Off-Screen,13:29:49,13:29:58,0:00:09,0:00:09,9,0,0,0,Off-Screen,10020_10422_37,,0,,,,,,,,,,,,,,,,,0:00:00,FALSE,,0,,,,0:00:09,,,TRUE
10-Aug-21,10020,10422,S1E4,Doug Ross,M,13:12:11,14:01:48,10020_10422_37,Professional Communication,13:29:58,13:30:35,0:00:37,0:00:37,37,Doctor(s),Talking,0,Hospital,10020_10422_38,,0,,,,,,,,,,,,,,,,,0:00:00,FALSE,,0,,,,0:00:37,,,TRUE
10-Aug-21,10020,10422,S1E4,Doug Ross,M,13:12:11,14:01:48,10020_10422_38,Off-Screen,13:30:35,13:36:39,0:06:04,0:06:04,364,0,0,0,Off-Screen,10020_10422_39,,0,,,,,,,,,,,,,,,,,0:00:00,FALSE,,0,,,,0:06:04,,,TRUE
10-Aug-21,10020,10422,S1E4,Doug Ross,M,13:12:11,14:01:48,10020_10422_39,Nothing Happening,13:36:39,13:37:12,0:00:33,0:00:33,33,0,0,0,Nothing Happening,10020_10422_40,,0,,,,,,,,,,,,,,,,,0:00:00,FALSE,,0,,,,0:00:33,,,TRUE
10-Aug-21,10020,10422,S1E4,Doug Ross,M,13:12:11,14:01:48,10020_10422_40,Off-Screen,13:37:12,13:38:26,0:01:14,0:01:14,74,0,0,0,Off-Screen,10020_10422_41,,0,,,,,,,,,,,,,,,,,0:00:00,FALSE,,0,,,,0:01:14,,,TRUE
10-Aug-21,10020,10422,S1E4,Doug Ross,M,13:12:11,14:01:48,10020_10422_41,Social,13:38:26,13:39:02,0:00:36,0:00:36,36,Doctor(s),Talking,0,Hospital,10020_10422_43,10020_10422_42,1,2,10020_10422_42,13:38:32,13:39:02,,,,,,,,,,,,,0:00:30,FALSE,,0,,,,0:00:36,,,TRUE
10-Aug-21,10020,10422,S1E4,Doug Ross,M,13:12:11,14:01:48,10020_10422_42,In-transit,13:38:32,13:39:02,0:00:30,0:00:30,30,0,0,0,Hospital,10020_10422_43,10020_10422_41,1,2,10020_10422_41,13:38:32,13:39:02,,,,,,,,,,,,,0:00:30,FALSE,,0,,,,0:00:30,,,TRUE
10-Aug-21,10020,10422,S1E4,Doug Ross,M,13:12:11,14:01:48,10020_10422_43,Off-Screen,13:39:02,13:43:00,0:03:58,0:03:58,238,0,0,0,Off-Screen,10020_10422_44,,0,,,,,,,,,,,,,,,,,0:00:00,FALSE,,0,,,,0:03:58,,,TRUE
10-Aug-21,10020,10422,S1E4,Doug Ross,M,13:12:11,14:01:48,10020_10422_44,Professional Communication,13:43:00,13:43:59,0:00:59,0:00:59,59,Nurse,Talking,0,Hospital,10020_10422_45,,0,,,,,,,,,,,,,,,,,0:00:00,FALSE,,0,,,,0:00:59,,,TRUE
10-Aug-21,10020,10422,S1E4,Doug Ross,M,13:12:11,14:01:48,10020_10422_45,Off-Screen,13:43:59,13:48:45,0:04:46,0:04:46,286,0,0,0,Off-Screen,10020_10422_46,,0,,,,,,,,,,,,,,,,,0:00:00,FALSE,,0,,,,0:04:46,,,TRUE
10-Aug-21,10020,10422,S1E4,Doug Ross,M,13:12:11,14:01:48,10020_10422_46,Nothing Happening,13:48:45,13:49:51,0:01:06,0:01:06,66,0,0,0,Nothing Happening,10020_10422_47,,0,,,,,,,,,,,,,,,,,0:00:00,FALSE,,0,,,,0:01:06,,,TRUE
10-Aug-21,10020,10422,S1E4,Doug Ross,M,13:12:11,14:01:48,10020_10422_47,Off-Screen,13:49:51,13:53:18,0:03:27,0:03:27,207,0,0,0,Off-Screen,10020_10422_48,,0,,,,,,,,,,,,,,,,,0:00:00,FALSE,,0,,,,0:03:27,,,TRUE
10-Aug-21,10020,10422,S1E4,Doug Ross,M,13:12:11,14:01:48,10020_10422_48,Document,13:53:18,13:53:27,0:00:09,0:00:09,9,0,0,0,Hospital,10020_10422_50,10020_10422_49,1,2,10020_10422_49,13:53:21,13:53:27,,,,,,,,,,,,,0:00:06,FALSE,,0,,,,0:00:09,,,TRUE
10-Aug-21,10020,10422,S1E4,Doug Ross,M,13:12:11,14:01:48,10020_10422_49,Professional Communication,13:53:21,13:53:27,0:00:06,0:00:06,6,Other,Talking,0,Hospital,10020_10422_50,10020_10422_48,1,2,10020_10422_48,13:53:21,13:53:27,,,,,,,,,,,,,0:00:06,FALSE,,0,,,,0:00:06,,,TRUE
10-Aug-21,10020,10422,S1E4,Doug Ross,M,13:12:11,14:01:48,10020_10422_50,In-transit,13:53:27,13:53:31,0:00:04,0:00:04,4,0,0,0,Hospital,10020_10422_51,,0,,,,,,,,,,,,,,,,,0:00:00,FALSE,,0,,,,0:00:04,,,TRUE
10-Aug-21,10020,10422,S1E4,Doug Ross,M,13:12:11,14:01:48,10020_10422_51,Off-Screen,13:53:31,13:53:42,0:00:11,0:00:11,11,0,0,0,Off-Screen,10020_10422_52,,0,,,,,,,,,,,,,,,,,0:00:00,FALSE,,0,,,,0:00:11,,,TRUE
10-Aug-21,10020,10422,S1E4,Doug Ross,M,13:12:11,14:01:48,10020_10422_52,In-transit,13:53:42,13:53:46,0:00:04,0:00:04,4,0,0,0,Hospital,10020_10422_53,,0,,,,,,,,,,,,,,,,,0:00:00,FALSE,,0,,,,0:00:04,,,TRUE
10-Aug-21,10020,10422,S1E4,Doug Ross,M,13:12:11,14:01:48,10020_10422_53,Direct Care,13:53:46,13:54:45,0:00:59,0:00:59,59,Patient,Talking,0,Hospital,10020_10422_54,,0,,,,,,,,,,,,,,,,,0:00:00,FALSE,,0,,,,0:00:59,,,TRUE
10-Aug-21,10020,10422,S1E4,Doug Ross,M,13:12:11,14:01:48,10020_10422_54,Off-Screen,13:54:45,13:58:58,0:04:13,0:04:13,253,0,0,0,Off-Screen,10020_10422_55,,0,,,,,,,,,,,,,,,,,0:00:00,FALSE,,0,,,,0:04:13,,,TRUE
10-Aug-21,10020,10422,S1E4,Doug Ross,M,13:12:11,14:01:48,10020_10422_55,In-transit,13:58:58,13:59:20,0:00:22,0:00:22,22,0,0,0,Community,10020_10422_56,,0,,,,,,,,,,,,,,,,,0:00:00,FALSE,,0,,,,0:00:22,,,TRUE
10-Aug-21,10020,10422,S1E4,Doug Ross,M,13:12:11,14:01:48,10020_10422_56,Social,13:59:20,14:00:33,0:01:13,0:01:13,73,Doctor(s),Talking,0,Community,10020_10422_57,,0,,,,,,,,,,,,,,,,,0:00:00,FALSE,,0,,,,0:01:13,,,TRUE
10-Aug-21,10020,10422,S1E4,Doug Ross,M,13:12:11,14:01:48,10020_10422_57,In-transit,14:00:33,14:00:44,0:00:11,0:00:11,11,0,0,0,Community,10020_10422_58,,0,,,,,,,,,,,,,,,,,0:00:00,FALSE,,0,,,,0:00:11,,,TRUE
10-Aug-21,10020,10422,S1E4,Doug Ross,M,13:12:11,14:01:48,10020_10422_58,Social,14:00:44,14:01:36,0:00:52,0:00:52,52,Nurse,Talking,0,Hospital,10020_10422_59,,0,,,,,,,,,,,,,,,,,0:00:00,FALSE,,0,,,,0:00:52,,,TRUE
10-Aug-21,10020,10422,S1E4,Doug Ross,M,13:12:11,14:01:48,10020_10422_59,Nothing Happening,14:01:36,14:01:48,0:00:12,0:00:12,12,0,0,0,Nothing Happening,session,,0,,,,,,,,,,,,,,,,,0:00:00,FALSE,,0,,,,0:00:12,,,TRUE
10-Aug-21,10020,10421,S1E5,Doug Ross,M,15:07:34,15:56:51,10020_10421_1,Nothing Happening,15:07:34,15:07:46,0:00:12,0:00:12,12,0,0,0,Nothing Happening,10020_10421_2,,0,,,,,,,,,,,,,,,,,0:00:00,FALSE,,0,,,,0:00:12,,,TRUE
10-Aug-21,10020,10421,S1E5,Doug Ross,M,15:07:34,15:56:51,10020_10421_2,Professional Communication,15:07:46,15:07:58,0:00:12,0:00:12,12,Nurse,Talking,0,Hospital,10020_10421_3,,0,,,,,,,,,,,,,,,,,0:00:00,FALSE,,0,,,,0:00:12,,,TRUE
10-Aug-21,10020,10421,S1E5,Doug Ross,M,15:07:34,15:56:51,10020_10421_3,Social,15:07:58,15:08:05,0:00:07,0:00:07,7,Nurse,Talking,0,Hospital,10020_10421_4,,0,,,,,,,,,,,,,,,,,0:00:00,FALSE,,0,,,,0:00:07,,,TRUE
10-Aug-21,10020,10421,S1E5,Doug Ross,M,15:07:34,15:56:51,10020_10421_4,In-transit,15:08:05,15:08:08,0:00:03,0:00:03,3,0,0,0,Hospital,10020_10421_5,,0,,,,,,,,,,,,,,,,,0:00:00,FALSE,,0,,,,0:00:03,,,TRUE
10-Aug-21,10020,10421,S1E5,Doug Ross,M,15:07:34,15:56:51,10020_10421_5,Off-Screen,15:08:08,15:08:12,0:00:04,0:00:04,4,0,0,0,Off-Screen,10020_10421_6,,0,,,,,,,,,,,,,,,,,0:00:00,FALSE,,0,,,,0:00:04,,,TRUE
10-Aug-21,10020,10421,S1E5,Doug Ross,M,15:07:34,15:56:51,10020_10421_6,In-transit,15:08:12,15:08:22,0:00:10,0:00:10,10,0,0,0,Hospital,10020_10421_8,10020_10421_7,1,2,10020_10421_7,15:08:14,15:08:22,,,,,,,,,,,,,0:00:08,FALSE,,0,,,,0:00:10,,,TRUE
10-Aug-21,10020,10421,S1E5,Doug Ross,M,15:07:34,15:56:51,10020_10421_7,Professional Communication,15:08:14,15:08:22,0:00:08,0:00:08,8,Nurse,Talking,0,Hospital,10020_10421_8,10020_10421_6,1,2,10020_10421_6,15:08:14,15:08:22,,,,,,,,,,,,,0:00:08,FALSE,,0,,,,0:00:08,,,TRUE
10-Aug-21,10020,10421,S1E5,Doug Ross,M,15:07:34,15:56:51,10020_10421_8,Professional Communication,15:08:22,15:08:30,0:00:08,0:00:08,8,Doctor(s),Talking,0,Hospital,10020_10421_10,10020_10421_9,1,2,10020_10421_9,15:08:27,15:08:30,,,,,,,,,,,,,0:00:03,FALSE,,0,,,,0:00:08,,,TRUE
10-Aug-21,10020,10421,S1E5,Doug Ross,M,15:07:34,15:56:51,10020_10421_9,In-transit,15:08:27,15:08:30,0:00:03,0:00:03,3,0,0,0,Hospital,10020_10421_10,10020_10421_8,1,2,10020_10421_8,15:08:27,15:08:30,,,,,,,,,,,,,0:00:03,FALSE,,0,,,,0:00:03,,,TRUE
10-Aug-21,10020,10421,S1E5,Doug Ross,M,15:07:34,15:56:51,10020_10421_10,Document,15:08:30,15:08:52,0:00:22,0:00:22,22,0,0,0,Hospital,10020_10421_12,10020_10421_11,1,2,10020_10421_11,15:08:37,15:08:52,,,,,,,,,,,,,0:00:15,FALSE,,0,,,,0:00:22,,,TRUE
10-Aug-21,10020,10421,S1E5,Doug Ross,M,15:07:34,15:56:51,10020_10421_11,Social,15:08:37,15:08:52,0:00:15,0:00:15,15,Doctor(s),Talking,0,Hospital,10020_10421_12,10020_10421_10,1,2,10020_10421_10,15:08:37,15:08:52,,,,,,,,,,,,,0:00:15,FALSE,,0,,,,0:00:15,,,TRUE
10-Aug-21,10020,10421,S1E5,Doug Ross,M,15:07:34,15:56:51,10020_10421_12,In-transit,15:08:52,15:09:06,0:00:14,0:00:14,14,0,0,0,Hospital,10020_10421_14,10020_10421_13,1,2,10020_10421_13,15:08:54,15:09:06,,,,,,,,,,,,,0:00:12,FALSE,,0,,,,0:00:14,,,TRUE
10-Aug-21,10020,10421,S1E5,Doug Ross,M,15:07:34,15:56:51,10020_10421_13,Professional Communication,15:08:54,15:09:06,0:00:12,0:00:12,12,Other,Talking,0,Hospital,10020_10421_14,10020_10421_12,1,2,10020_10421_12,15:08:54,15:09:06,,,,,,,,,,,,,0:00:12,FALSE,,0,,,,0:00:12,,,TRUE
10-Aug-21,10020,10421,S1E5,Doug Ross,M,15:07:34,15:56:51,10020_10421_14,Professional Communication,15:09:06,15:09:15,0:00:09,0:00:09,9,Doctor(s),Talking,0,Hospital,10020_10421_15,,0,,,,,,,,,,,,,,,,,0:00:00,FALSE,,0,,,,0:00:09,,,TRUE
10-Aug-21,10020,10421,S1E5,Doug Ross,M,15:07:34,15:56:51,10020_10421_15,Direct Care,15:09:15,15:09:25,0:00:10,0:00:10,10,Patient,Talking,0,Hospital,10020_10421_16,,0,,,,,,,,,,,,,,,,,0:00:00,FALSE,,0,,,,0:00:10,,,TRUE
10-Aug-21,10020,10421,S1E5,Doug Ross,M,15:07:34,15:56:51,10020_10421_16,Off-Screen,15:09:25,15:09:41,0:00:16,0:00:16,16,0,0,0,Off-Screen,10020_10421_17,,0,,,,,,,,,,,,,,,,,0:00:00,FALSE,,0,,,,0:00:16,,,TRUE
10-Aug-21,10020,10421,S1E5,Doug Ross,M,15:07:34,15:56:51,10020_10421_17,Direct Care,15:09:41,15:10:58,0:01:17,0:01:17,77,Patient,Talking,0,Hospital,10020_10421_19,10020_10421_18,1,2,10020_10421_18,15:09:48,15:10:58,,,,,,,,,,,,,0:01:10,FALSE,,0,,,,0:01:17,,,TRUE
10-Aug-21,10020,10421,S1E5,Doug Ross,M,15:07:34,15:56:51,10020_10421_18,Professional Communication,15:09:48,15:10:58,0:01:10,0:01:10,70,Nurse,Talking,0,Hospital,10020_10421_19,10020_10421_17,1,2,10020_10421_17,15:09:48,15:10:58,,,,,,,,,,,,,0:01:10,FALSE,,0,,,,0:01:10,,,TRUE
10-Aug-21,10020,10421,S1E5,Doug Ross,M,15:07:34,15:56:51,10020_10421_19,Nothing Happening,15:10:58,15:12:22,0:01:24,0:01:24,84,0,0,0,Nothing Happening,10020_10421_20,,0,,,,,,,,,,,,,,,,,0:00:00,FALSE,,0,,,,0:01:24,,,TRUE
10-Aug-21,10020,10421,S1E5,Doug Ross,M,15:07:34,15:56:51,10020_10421_20,Off-Screen,15:12:22,15:13:57,0:01:35,0:01:35,95,0,0,0,Off-Screen,10020_10421_21,,0,,,,,,,,,,,,,,,,,0:00:00,FALSE,,0,,,,0:01:35,,,TRUE
10-Aug-21,10020,10421,S1E5,Doug Ross,M,15:07:34,15:56:51,10020_10421_21,Professional Communication,15:13:57,15:14:43,0:00:46,0:00:46,46,Doctor(s),Talking,0,Hospital,10020_10421_24,"10020_10421_22,10020_10421_23",2,2,10020_10421_22,15:14:02,15:14:29,3,"10020_10421_22,10020_10421_23",15:14:29,15:14:43,,,,,,,,,0:00:41,FALSE,,0,,,,0:00:46,,,TRUE
10-Aug-21,10020,10421,S1E5,Doug Ross,M,15:07:34,15:56:51,10020_10421_22,Direct Care,15:14:02,15:14:43,0:00:41,0:00:41,41,0,0,0,Hospital,10020_10421_24,"10020_10421_21,10020_10421_23",2,2,10020_10421_21,15:14:02,15:14:29,3,"10020_10421_21,10020_10421_23",15:14:29,15:14:43,,,,,,,,,0:00:41,FALSE,,0,,,,0:00:41,,,TRUE
10-Aug-21,10020,10421,S1E5,Doug Ross,M,15:07:34,15:56:51,10020_10421_23,In-transit,15:14:29,15:14:43,0:00:14,0:00:14,14,0,0,0,Hospital,10020_10421_24,"10020_10421_22,10020_10421_21",1,3,"10020_10421_22,10020_10421_21",15:14:29,15:14:43,,,,,,,,,,,,,0:00:14,FALSE,,0,,,,0:00:14,,,TRUE
10-Aug-21,10020,10421,S1E5,Doug Ross,M,15:07:34,15:56:51,10020_10421_24,Off-Screen,15:14:43,15:15:43,0:01:00,0:01:00,60,0,0,0,Off-Screen,10020_10421_25,,0,,,,,,,,,,,,,,,,,0:00:00,FALSE,,0,,,,0:01:00,,,TRUE
10-Aug-21,10020,10421,S1E5,Doug Ross,M,15:07:34,15:56:51,10020_10421_25,Professional Communication,15:15:43,15:15:50,0:00:07,0:00:07,7,Nurse,Talking,0,Hospital,10020_10421_26,,0,,,,,,,,,,,,,,,,,0:00:00,FALSE,,0,,,,0:00:07,,,TRUE
10-Aug-21,10020,10421,S1E5,Doug Ross,M,15:07:34,15:56:51,10020_10421_26,Professional Communication,15:15:50,15:16:35,0:00:45,0:00:45,45,Doctor(s),Talking,0,Hospital,10020_10421_28,10020_10421_27,1,2,10020_10421_27,15:15:53,15:15:59,,,,,,,,,,,,,0:00:06,FALSE,,0,,,,0:00:45,,,TRUE
10-Aug-21,10020,10421,S1E5,Doug Ross,M,15:07:34,15:56:51,10020_10421_27,In-transit,15:15:53,15:15:59,0:00:06,0:00:06,6,0,0,0,Hospital,user,10020_10421_26,1,2,10020_10421_26,15:15:53,15:15:59,,,,,,,,,,,,,0:00:06,FALSE,,0,,,,0:00:06,,,TRUE
10-Aug-21,10020,10421,S1E5,Doug Ross,M,15:07:34,15:56:51,10020_10421_28,Off-Screen,15:16:35,15:19:15,0:02:40,0:02:40,160,0,0,0,Off-Screen,10020_10421_29,,0,,,,,,,,,,,,,,,,,0:00:00,FALSE,,0,,,,0:02:40,,,TRUE
10-Aug-21,10020,10421,S1E5,Doug Ross,M,15:07:34,15:56:51,10020_10421_29,Direct Care,15:19:15,15:19:47,0:00:32,0:00:32,32,Patient,Talking,0,Hospital,10020_10421_31,10020_10421_30,1,2,10020_10421_30,15:19:40,15:19:47,,,,,,,,,,,,,0:00:07,FALSE,,0,,,,0:00:32,,,TRUE
10-Aug-21,10020,10421,S1E5,Doug Ross,M,15:07:34,15:56:51,10020_10421_30,Professional Communication,15:19:40,15:19:47,0:00:07,0:00:07,7,Nurse,Talking,0,Hospital,10020_10421_31,10020_10421_29,1,2,10020_10421_29,15:19:40,15:19:47,,,,,,,,,,,,,0:00:07,FALSE,,0,,,,0:00:07,,,TRUE
10-Aug-21,10020,10421,S1E5,Doug Ross,M,15:07:34,15:56:51,10020_10421_31,Direct Care,15:19:47,15:20:21,0:00:34,0:00:34,34,Relative (Patient),Talking,0,Hospital,10020_10421_32,,0,,,,,,,,,,,,,,,,,0:00:00,FALSE,,0,,,,0:00:34,,,TRUE
10-Aug-21,10020,10421,S1E5,Doug Ross,M,15:07:34,15:56:51,10020_10421_32,Off-Screen,15:20:21,15:22:05,0:01:44,0:01:44,104,0,0,0,Off-Screen,10020_10421_33,,0,,,,,,,,,,,,,,,,,0:00:00,FALSE,,0,,,,0:01:44,,,TRUE
10-Aug-21,10020,10421,S1E5,Doug Ross,M,15:07:34,15:56:51,10020_10421_33,Nothing Happening,15:22:05,15:23:13,0:01:08,0:01:08,68,0,0,0,Nothing Happening,10020_10421_34,,0,,,,,,,,,,,,,,,,,0:00:00,FALSE,,0,,,,0:01:08,,,TRUE
10-Aug-21,10020,10421,S1E5,Doug Ross,M,15:07:34,15:56:51,10020_10421_34,Off-Screen,15:23:13,15:23:47,0:00:34,0:00:34,34,0,0,0,Off-Screen,10020_10421_35,,0,,,,,,,,,,,,,,,,,0:00:00,FALSE,,0,,,,0:00:34,,,TRUE
10-Aug-21,10020,10421,S1E5,Doug Ross,M,15:07:34,15:56:51,10020_10421_35,Professional Communication,15:23:47,15:24:10,0:00:23,0:00:23,23,Nurse,Talking,0,Hospital,10020_10421_37,10020_10421_36,1,2,10020_10421_36,15:23:51,15:24:10,,,,,,,,,,,,,0:00:19,FALSE,,0,,,,0:00:23,,,TRUE
10-Aug-21,10020,10421,S1E5,Doug Ross,M,15:07:34,15:56:51,10020_10421_36,Direct Care,15:23:51,15:24:10,0:00:19,0:00:19,19,Patient,Talking,0,Hospital,10020_10421_37,10020_10421_35,1,2,10020_10421_35,15:23:51,15:24:10,,,,,,,,,,,,,0:00:19,FALSE,,0,,,,0:00:19,,,TRUE
10-Aug-21,10020,10421,S1E5,Doug Ross,M,15:07:34,15:56:51,10020_10421_37,In-transit,15:24:10,15:24:13,0:00:03,0:00:03,3,0,0,0,Hospital,10020_10421_38,,0,,,,,,,,,,,,,,,,,0:00:00,FALSE,,0,,,,0:00:03,,,TRUE
10-Aug-21,10020,10421,S1E5,Doug Ross,M,15:07:34,15:56:51,10020_10421_38,Off-Screen,15:24:13,15:25:18,0:01:05,0:01:05,65,0,0,0,Off-Screen,10020_10421_39,,0,,,,,,,,,,,,,,,,,0:00:00,FALSE,,0,,,,0:01:05,,,TRUE
10-Aug-21,10020,10421,S1E5,Doug Ross,M,15:07:34,15:56:51,10020_10421_39,In-transit,15:25:18,15:25:25,0:00:07,0:00:07,7,0,0,0,Hospital,10020_10421_40,,0,,,,,,,,,,,,,,,,,0:00:00,FALSE,,0,,,,0:00:07,,,TRUE
10-Aug-21,10020,10421,S1E5,Doug Ross,M,15:07:34,15:56:51,10020_10421_40,Off-Screen,15:25:25,15:25:42,0:00:17,0:00:17,17,0,0,0,Off-Screen,10020_10421_41,,0,,,,,,,,,,,,,,,,,0:00:00,FALSE,,0,,,,0:00:17,,,TRUE
10-Aug-21,10020,10421,S1E5,Doug Ross,M,15:07:34,15:56:51,10020_10421_41,Indirect Care,15:25:42,15:26:03,0:00:21,0:00:21,21,0,0,0,Hospital,10020_10421_42,,0,,,,,,,,,,,,,,,,,0:00:00,FALSE,,0,,,,0:00:21,,,TRUE
10-Aug-21,10020,10421,S1E5,Doug Ross,M,15:07:34,15:56:51,10020_10421_42,Off-Screen,15:26:03,15:26:19,0:00:16,0:00:16,16,0,0,0,Off-Screen,10020_10421_43,,0,,,,,,,,,,,,,,,,,0:00:00,FALSE,,0,,,,0:00:16,,,TRUE
10-Aug-21,10020,10421,S1E5,Doug Ross,M,15:07:34,15:56:51,10020_10421_43,Indirect Care,15:26:19,15:26:27,0:00:08,0:00:08,8,0,0,0,Hospital,10020_10421_44,,0,,,,,,,,,,,,,,,,,0:00:00,FALSE,,0,,,,0:00:08,,,TRUE
10-Aug-21,10020,10421,S1E5,Doug Ross,M,15:07:34,15:56:51,10020_10421_44,Off-Screen,15:26:27,15:26:41,0:00:14,0:00:14,14,0,0,0,Off-Screen,10020_10421_45,,0,,,,,,,,,,,,,,,,,0:00:00,FALSE,,0,,,,0:00:14,,,TRUE
10-Aug-21,10020,10421,S1E5,Doug Ross,M,15:07:34,15:56:51,10020_10421_45,Indirect Care,15:26:41,15:26:51,0:00:10,0:00:10,10,0,0,0,Hospital,10020_10421_46,,0,,,,,,,,,,,,,,,,,0:00:00,FALSE,,0,,,,0:00:10,,,TRUE
10-Aug-21,10020,10421,S1E5,Doug Ross,M,15:07:34,15:56:51,10020_10421_46,Off-Screen,15:26:51,15:29:26,0:02:35,0:02:35,155,0,0,0,Off-Screen,10020_10421_47,,0,,,,,,,,,,,,,,,,,0:00:00,FALSE,,0,,,,0:02:35,,,TRUE
10-Aug-21,10020,10421,S1E5,Doug Ross,M,15:07:34,15:56:51,10020_10421_47,Nothing Happening,15:29:26,15:29:59,0:00:33,0:00:33,33,0,0,0,Nothing Happening,10020_10421_48,,0,,,,,,,,,,,,,,,,,0:00:00,FALSE,,0,,,,0:00:33,,,TRUE
10-Aug-21,10020,10421,S1E5,Doug Ross,M,15:07:34,15:56:51,10020_10421_48,Off-Screen,15:29:59,15:30:12,0:00:13,0:00:13,13,0,0,0,Off-Screen,10020_10421_49,,0,,,,,,,,,,,,,,,,,0:00:00,FALSE,,0,,,,0:00:13,,,TRUE
10-Aug-21,10020,10421,S1E5,Doug Ross,M,15:07:34,15:56:51,10020_10421_49,Social,15:30:12,15:30:37,0:00:25,0:00:25,25,Doctor(s),Talking,0,Hospital,10020_10421_50,,0,,,,,,,,,,,,,,,,,0:00:00,FALSE,,0,,,,0:00:25,,,TRUE
10-Aug-21,10020,10421,S1E5,Doug Ross,M,15:07:34,15:56:51,10020_10421_50,Professional Communication,15:30:37,15:30:43,0:00:06,0:00:06,6,Nurse,Talking,0,Hospital,10020_10421_51,,0,,,,,,,,,,,,,,,,,0:00:00,FALSE,,0,,,,0:00:06,,,TRUE
10-Aug-21,10020,10421,S1E5,Doug Ross,M,15:07:34,15:56:51,10020_10421_51,Social,15:30:43,15:30:53,0:00:10,0:00:10,10,Doctor(s),Talking,0,Hospital,10020_10421_52,,0,,,,,,,,,,,,,,,,,0:00:00,FALSE,,0,,,,0:00:10,,,TRUE
10-Aug-21,10020,10421,S1E5,Doug Ross,M,15:07:34,15:56:51,10020_10421_52,In-transit,15:30:53,15:30:56,0:00:03,0:00:03,3,0,0,0,Hospital,10020_10421_53,,0,,,,,,,,,,,,,,,,,0:00:00,FALSE,,0,,,,0:00:03,,,TRUE
10-Aug-21,10020,10421,S1E5,Doug Ross,M,15:07:34,15:56:51,10020_10421_53,Off-Screen,15:30:56,15:32:06,0:01:10,0:01:10,70,0,0,0,Off-Screen,10020_10421_54,,0,,,,,,,,,,,,,,,,,0:00:00,FALSE,,0,,,,0:01:10,,,TRUE
10-Aug-21,10020,10421,S1E5,Doug Ross,M,15:07:34,15:56:51,10020_10421_54,Direct Care,15:32:06,15:32:43,0:00:37,0:00:37,37,Patient,Talking,0,Hospital,10020_10421_55,,0,,,,,,,,,,,,,,,,,0:00:00,FALSE,,0,,,,0:00:37,,,TRUE
10-Aug-21,10020,10421,S1E5,Doug Ross,M,15:07:34,15:56:51,10020_10421_55,In-transit,15:32:43,15:32:45,0:00:02,0:00:02,2,0,0,0,Hospital,10020_10421_56,,0,,,,,,,,,,,,,,,,,0:00:00,FALSE,,0,,,,0:00:02,,,TRUE
10-Aug-21,10020,10421,S1E5,Doug Ross,M,15:07:34,15:56:51,10020_10421_56,Professional Communication,15:32:45,15:32:56,0:00:11,0:00:11,11,Nurse,Talking,0,Hospital,10020_10421_57,,0,,,,,,,,,,,,,,,,,0:00:00,FALSE,,0,,,,0:00:11,,,TRUE
10-Aug-21,10020,10421,S1E5,Doug Ross,M,15:07:34,15:56:51,10020_10421_57,Off-Screen,15:32:56,15:36:39,0:03:43,0:03:43,223,0,0,0,Off-Screen,10020_10421_58,,0,,,,,,,,,,,,,,,,,0:00:00,FALSE,,0,,,,0:03:43,,,TRUE
10-Aug-21,10020,10421,S1E5,Doug Ross,M,15:07:34,15:56:51,10020_10421_58,Professional Communication,15:36:39,15:36:56,0:00:17,0:00:17,17,Nurse,Talking,0,Hospital,10020_10421_60,10020_10421_59,1,2,10020_10421_59,15:36:47,15:36:56,,,,,,,,,,,,,0:00:09,FALSE,,0,,,,0:00:17,,,TRUE
10-Aug-21,10020,10421,S1E5,Doug Ross,M,15:07:34,15:56:51,10020_10421_59,In-transit,15:36:47,15:36:56,0:00:09,0:00:09,9,0,0,0,Hospital,10020_10421_60,10020_10421_58,1,2,10020_10421_58,15:36:47,15:36:56,,,,,,,,,,,,,0:00:09,FALSE,,0,,,,0:00:09,,,TRUE
10-Aug-21,10020,10421,S1E5,Doug Ross,M,15:07:34,15:56:51,10020_10421_60,Direct Care,15:36:56,15:37:23,0:00:27,0:00:27,27,Relative (Patient),Talking,0,Hospital,10020_10421_61,,0,,,,,,,,,,,,,,,,,0:00:00,FALSE,,0,,,,0:00:27,,,TRUE
10-Aug-21,10020,10421,S1E5,Doug Ross,M,15:07:34,15:56:51,10020_10421_61,In-transit,15:37:23,15:37:29,0:00:06,0:00:06,6,0,0,0,Hospital,10020_10421_62,,0,,,,,,,,,,,,,,,,,0:00:00,FALSE,,0,,,,0:00:06,,,TRUE
10-Aug-21,10020,10421,S1E5,Doug Ross,M,15:07:34,15:56:51,10020_10421_62,Off-Screen,15:37:29,15:42:29,0:05:00,0:05:00,300,0,0,0,Off-Screen,10020_10421_63,,0,,,,,,,,,,,,,,,,,0:00:00,FALSE,,0,,,,0:05:00,,,TRUE
10-Aug-21,10020,10421,S1E5,Doug Ross,M,15:07:34,15:56:51,10020_10421_63,Nothing Happening,15:42:29,15:43:44,0:01:15,0:01:15,75,0,0,0,Nothing Happening,10020_10421_64,,0,,,,,,,,,,,,,,,,,0:00:00,FALSE,,0,,,,0:01:15,,,TRUE
10-Aug-21,10020,10421,S1E5,Doug Ross,M,15:07:34,15:56:51,10020_10421_64,Off-Screen,15:43:44,15:45:07,0:01:23,0:01:23,83,0,0,0,Off-Screen,10020_10421_65,,0,,,,,,,,,,,,,,,,,0:00:00,FALSE,,0,,,,0:01:23,,,TRUE
10-Aug-21,10020,10421,S1E5,Doug Ross,M,15:07:34,15:56:51,10020_10421_65,Social,15:45:07,15:45:16,0:00:09,0:00:09,9,Nurse,Talking,0,Hospital,10020_10421_66,,0,,,,,,,,,,,,,,,,,0:00:00,FALSE,,0,,,,0:00:09,,,TRUE
10-Aug-21,10020,10421,S1E5,Doug Ross,M,15:07:34,15:56:51,10020_10421_66,Professional Communication,15:45:16,15:45:19,0:00:03,0:00:03,3,Nurse,Talking,0,Hospital,10020_10421_67,,0,,,,,,,,,,,,,,,,,0:00:00,FALSE,,0,,,,0:00:03,,,TRUE
10-Aug-21,10020,10421,S1E5,Doug Ross,M,15:07:34,15:56:51,10020_10421_67,In-transit,15:45:19,15:45:21,0:00:02,0:00:02,2,0,0,0,Hospital,10020_10421_68,,0,,,,,,,,,,,,,,,,,0:00:00,FALSE,,0,,,,0:00:02,,,TRUE
10-Aug-21,10020,10421,S1E5,Doug Ross,M,15:07:34,15:56:51,10020_10421_68,Direct Care,15:45:21,15:46:03,0:00:42,0:00:42,42,Relative (Patient),Talking,0,Hospital,10020_10421_69,,0,,,,,,,,,,,,,,,,,0:00:00,FALSE,,0,,,,0:00:42,,,TRUE
10-Aug-21,10020,10421,S1E5,Doug Ross,M,15:07:34,15:56:51,10020_10421_69,Professional Communication,15:46:03,15:46:25,0:00:22,0:00:22,22,Nurse,Talking,0,Hospital,10020_10421_70,,0,,,,,,,,,,,,,,,,,0:00:00,FALSE,,0,,,,0:00:22,,,TRUE
10-Aug-21,10020,10421,S1E5,Doug Ross,M,15:07:34,15:56:51,10020_10421_70,Off-Screen,15:46:25,15:49:15,0:02:50,0:02:50,170,0,0,0,Off-Screen,10020_10421_71,,0,,,,,,,,,,,,,,,,,0:00:00,FALSE,,0,,,,0:02:50,,,TRUE
10-Aug-21,10020,10421,S1E5,Doug Ross,M,15:07:34,15:56:51,10020_10421_71,Direct Care,15:49:15,15:49:29,0:00:14,0:00:14,14,Relative (Patient),Talking,0,Hospital,10020_10421_72,,0,,,,,,,,,,,,,,,,,0:00:00,FALSE,,0,,,,0:00:14,,,TRUE
10-Aug-21,10020,10421,S1E5,Doug Ross,M,15:07:34,15:56:51,10020_10421_72,Professional Communication,15:49:29,15:49:32,0:00:03,0:00:03,3,Nurse,Talking,0,Hospital,10020_10421_73,,0,,,,,,,,,,,,,,,,,0:00:00,FALSE,,0,,,,0:00:03,,,TRUE
10-Aug-21,10020,10421,S1E5,Doug Ross,M,15:07:34,15:56:51,10020_10421_73,Direct Care,15:49:32,15:49:46,0:00:14,0:00:14,14,Relative (Patient),Talking,0,Hospital,10020_10421_74,,0,,,,,,,,,,,,,,,,,0:00:00,FALSE,,0,,,,0:00:14,,,TRUE
10-Aug-21,10020,10421,S1E5,Doug Ross,M,15:07:34,15:56:51,10020_10421_74,Off-Screen,15:49:46,15:51:42,0:01:56,0:01:56,116,0,0,0,Off-Screen,10020_10421_75,,0,,,,,,,,,,,,,,,,,0:00:00,FALSE,,0,,,,0:01:56,,,TRUE
10-Aug-21,10020,10421,S1E5,Doug Ross,M,15:07:34,15:56:51,10020_10421_75,In-transit,15:51:42,15:51:52,0:00:10,0:00:10,10,0,0,0,Community,10020_10421_76,,0,,,,,,,,,,,,,,,,,0:00:00,FALSE,,0,,,,0:00:10,,,TRUE
10-Aug-21,10020,10421,S1E5,Doug Ross,M,15:07:34,15:56:51,10020_10421_76,Social,15:51:52,15:52:42,0:00:50,0:00:50,50,Doctor(s),Talking,0,Community,10020_10421_77,,0,,,,,,,,,,,,,,,,,0:00:00,FALSE,,0,,,,0:00:50,,,TRUE
10-Aug-21,10020,10421,S1E5,Doug Ross,M,15:07:34,15:56:51,10020_10421_77,Off-Screen,15:52:42,15:53:21,0:00:39,0:00:39,39,0,0,0,Off-Screen,10020_10421_78,,0,,,,,,,,,,,,,,,,,0:00:00,FALSE,,0,,,,0:00:39,,,TRUE
10-Aug-21,10020,10421,S1E5,Doug Ross,M,15:07:34,15:56:51,10020_10421_78,In-transit,15:53:21,15:54:06,0:00:45,0:00:45,45,0,0,0,Community,10020_10421_79,,0,,,,,,,,,,,,,,,,,0:00:00,FALSE,,0,,,,0:00:45,,,TRUE
10-Aug-21,10020,10421,S1E5,Doug Ross,M,15:07:34,15:56:51,10020_10421_79,Direct Care,15:54:06,15:54:26,0:00:20,0:00:20,20,Relative (Patient),Talking,0,Community,10020_10421_80,,0,,,,,,,,,,,,,,,,,0:00:00,FALSE,,0,,,,0:00:20,,,TRUE
10-Aug-21,10020,10421,S1E5,Doug Ross,M,15:07:34,15:56:51,10020_10421_80,In-transit,15:54:26,15:54:34,0:00:08,0:00:08,8,0,0,0,Community,10020_10421_81,,0,,,,,,,,,,,,,,,,,0:00:00,FALSE,,0,,,,0:00:08,,,TRUE
10-Aug-21,10020,10421,S1E5,Doug Ross,M,15:07:34,15:56:51,10020_10421_81,Off-Screen,15:54:34,15:56:51,0:02:17,0:02:17,137,0,0,0,Off-Screen,session,,0,,,,,,,,,,,,,,,,,0:00:00,FALSE,,0,,,,0:02:17,,,TRUE
10-Aug-21,10020,10433,S1E7,Doug Ross,M,19:22:09,20:08:52,10020_10433_1,Off-Screen,19:22:09,19:24:09,0:02:00,0:02:00,120,0,0,0,Off-Screen,10020_10433_2,,0,,,,,,,,,,,,,,,,,0:00:00,FALSE,,0,,,,0:02:00,,,TRUE
10-Aug-21,10020,10433,S1E7,Doug Ross,M,19:22:09,20:08:52,10020_10433_2,Social,19:24:09,19:24:17,0:00:08,0:00:08,8,Doctor(s),Talking,0,Hospital,10020_10433_3,,0,,,,,,,,,,,,,,,,,0:00:00,FALSE,,0,,,,0:00:08,,,TRUE
10-Aug-21,10020,10433,S1E7,Doug Ross,M,19:22:09,20:08:52,10020_10433_3,Off-Screen,19:24:17,19:27:14,0:02:57,0:02:57,177,0,0,0,Off-Screen,10020_10433_4,,0,,,,,,,,,,,,,,,,,0:00:00,FALSE,,0,,,,0:02:57,,,TRUE
10-Aug-21,10020,10433,S1E7,Doug Ross,M,19:22:09,20:08:52,10020_10433_4,Nothing Happening,19:27:14,19:28:48,0:01:34,0:01:34,94,0,0,0,Nothing Happening,10020_10433_5,,0,,,,,,,,,,,,,,,,,0:00:00,FALSE,,0,,,,0:01:34,,,TRUE
10-Aug-21,10020,10433,S1E7,Doug Ross,M,19:22:09,20:08:52,10020_10433_5,Off-Screen,19:28:48,19:32:51,0:04:03,0:04:03,243,0,0,0,Off-Screen,10020_10433_6,,0,,,,,,,,,,,,,,,,,0:00:00,FALSE,,0,,,,0:04:03,,,TRUE
10-Aug-21,10020,10433,S1E7,Doug Ross,M,19:22:09,20:08:52,10020_10433_6,Social,19:32:51,19:33:04,0:00:13,0:00:13,13,Nurse,Talking,0,Hospital,10020_10433_7,,0,,,,,,,,,,,,,,,,,0:00:00,FALSE,,0,,,,0:00:13,,,TRUE
10-Aug-21,10020,10433,S1E7,Doug Ross,M,19:22:09,20:08:52,10020_10433_7,Off-Screen,19:33:04,19:37:08,0:04:04,0:04:04,244,0,0,0,Off-Screen,10020_10433_8,,0,,,,,,,,,,,,,,,,,0:00:00,FALSE,,0,,,,0:04:04,,,TRUE
10-Aug-21,10020,10433,S1E7,Doug Ross,M,19:22:09,20:08:52,10020_10433_8,Social,19:37:08,19:37:23,0:00:15,0:00:15,15,Nurse,Talking,0,Hospital,10020_10433_9,,0,,,,,,,,,,,,,,,,,0:00:00,FALSE,,0,,,,0:00:15,,,TRUE
10-Aug-21,10020,10433,S1E7,Doug Ross,M,19:22:09,20:08:52,10020_10433_9,Social,19:37:23,19:37:38,0:00:15,0:00:15,15,Doctor(s),Talking,0,Hospital,10020_10433_10,,0,,,,,,,,,,,,,,,,,0:00:00,FALSE,,0,,,,0:00:15,,,TRUE
10-Aug-21,10020,10433,S1E7,Doug Ross,M,19:22:09,20:08:52,10020_10433_10,Off-Screen,19:37:38,19:40:46,0:03:08,0:03:08,188,0,0,0,Off-Screen,10020_10433_11,,0,,,,,,,,,,,,,,,,,0:00:00,FALSE,,0,,,,0:03:08,,,TRUE
10-Aug-21,10020,10433,S1E7,Doug Ross,M,19:22:09,20:08:52,10020_10433_11,Direct Care,19:40:46,19:43:21,0:02:35,0:02:35,155,0,0,0,Hospital,10020_10433_14,"10020_10433_12,10020_10433_13",2,2,10020_10433_12,19:40:49,19:43:16,3,"10020_10433_12,10020_10433_13",19:43:16,19:43:21,,,,,,,,,0:02:32,FALSE,,0,,,,0:02:35,,,TRUE
10-Aug-21,10020,10433,S1E7,Doug Ross,M,19:22:09,20:08:52,10020_10433_12,Professional Communication,19:40:49,19:43:21,0:02:32,0:02:32,152,Nurse,Talking,0,Hospital,10020_10433_14,"10020_10433_11,10020_10433_13",2,2,10020_10433_11,19:40:49,19:43:16,3,"10020_10433_11,10020_10433_13",19:43:16,19:43:21,,,,,,,,,0:02:32,FALSE,,0,,,,0:02:32,,,TRUE
10-Aug-21,10020,10433,S1E7,Doug Ross,M,19:22:09,20:08:52,10020_10433_13,In-transit,19:43:16,19:43:21,0:00:05,0:00:05,5,0,0,0,Hospital,10020_10433_14,"10020_10433_12,10020_10433_11",1,3,"10020_10433_12,10020_10433_11",19:43:16,19:43:21,,,,,,,,,,,,,0:00:05,FALSE,,0,,,,0:00:05,,,TRUE
10-Aug-21,10020,10433,S1E7,Doug Ross,M,19:22:09,20:08:52,10020_10433_14,Professional Communication,19:43:21,19:43:42,0:00:21,0:00:21,21,Nurse,Talking,0,Hospital,10020_10433_15,,0,,,,,,,,,,,,,,,,,0:00:00,FALSE,,0,,,,0:00:21,,,TRUE
10-Aug-21,10020,10433,S1E7,Doug Ross,M,19:22:09,20:08:52,10020_10433_15,Social,19:43:42,19:44:19,0:00:37,0:00:37,37,Nurse,Talking,0,Hospital,10020_10433_16,,0,,,,,,,,,,,,,,,,,0:00:00,FALSE,,0,,,,0:00:37,,,TRUE
10-Aug-21,10020,10433,S1E7,Doug Ross,M,19:22:09,20:08:52,10020_10433_16,Off-Screen,19:44:19,19:44:28,0:00:09,0:00:09,9,0,0,0,Off-Screen,10020_10433_17,,0,,,,,,,,,,,,,,,,,0:00:00,FALSE,,0,,,,0:00:09,,,TRUE
10-Aug-21,10020,10433,S1E7,Doug Ross,M,19:22:09,20:08:52,10020_10433_17,Nothing Happening,19:44:28,19:45:37,0:01:09,0:01:09,69,0,0,0,Nothing Happening,10020_10433_18,,0,,,,,,,,,,,,,,,,,0:00:00,FALSE,,0,,,,0:01:09,,,TRUE
10-Aug-21,10020,10433,S1E7,Doug Ross,M,19:22:09,20:08:52,10020_10433_18,Off-Screen,19:45:37,19:46:31,0:00:54,0:00:54,54,0,0,0,Off-Screen,10020_10433_19,,0,,,,,,,,,,,,,,,,,0:00:00,FALSE,,0,,,,0:00:54,,,TRUE
10-Aug-21,10020,10433,S1E7,Doug Ross,M,19:22:09,20:08:52,10020_10433_19,In-transit,19:46:31,19:46:36,0:00:05,0:00:05,5,0,0,0,Hospital,10020_10433_20,,0,,,,,,,,,,,,,,,,,0:00:00,FALSE,,0,,,,0:00:05,,,TRUE
10-Aug-21,10020,10433,S1E7,Doug Ross,M,19:22:09,20:08:52,10020_10433_20,Nothing Happening,19:46:36,19:46:42,0:00:06,0:00:06,6,0,0,0,Hospital,10020_10433_21,,0,,,,,,,,,,,,,,,,,0:00:00,FALSE,,0,,,,0:00:06,,,TRUE
10-Aug-21,10020,10433,S1E7,Doug Ross,M,19:22:09,20:08:52,10020_10433_21,Professional Communication,19:46:42,19:47:03,0:00:21,0:00:21,21,Nurse,Talking,0,Hospital,10020_10433_22,,0,,,,,,,,,,,,,,,,,0:00:00,FALSE,,0,,,,0:00:21,,,TRUE
10-Aug-21,10020,10433,S1E7,Doug Ross,M,19:22:09,20:08:52,10020_10433_22,Document,19:47:03,19:47:05,0:00:02,0:00:02,2,0,0,0,Hospital,10020_10433_23,,0,,,,,,,,,,,,,,,,,0:00:00,FALSE,,0,,,,0:00:02,,,TRUE
10-Aug-21,10020,10433,S1E7,Doug Ross,M,19:22:09,20:08:52,10020_10433_23,Off-Screen,19:47:05,19:56:35,0:09:30,0:09:30,570,0,0,0,Off-Screen,10020_10433_24,,0,,,,,,,,,,,,,,,,,0:00:00,FALSE,,0,,,,0:09:30,,,TRUE
10-Aug-21,10020,10433,S1E7,Doug Ross,M,19:22:09,20:08:52,10020_10433_24,Nothing Happening,19:56:35,19:57:13,0:00:38,0:00:38,38,0,0,0,Nothing Happening,10020_10433_25,,0,,,,,,,,,,,,,,,,,0:00:00,FALSE,,0,,,,0:00:38,,,TRUE
10-Aug-21,10020,10433,S1E7,Doug Ross,M,19:22:09,20:08:52,10020_10433_25,Off-Screen,19:57:13,19:58:26,0:01:13,0:01:13,73,0,0,0,Off-Screen,10020_10433_26,,0,,,,,,,,,,,,,,,,,0:00:00,FALSE,,0,,,,0:01:13,,,TRUE
10-Aug-21,10020,10433,S1E7,Doug Ross,M,19:22:09,20:08:52,10020_10433_26,Social,19:58:26,19:59:06,0:00:40,0:00:40,40,Other,Talking,0,Hospital,10020_10433_27,,0,,,,,,,,,,,,,,,,,0:00:00,FALSE,,0,,,,0:00:40,,,TRUE
10-Aug-21,10020,10433,S1E7,Doug Ross,M,19:22:09,20:08:52,10020_10433_27,Social,19:59:06,19:59:54,0:00:48,0:00:48,48,Doctor(s),Talking,0,Hospital,10020_10433_28,,0,,,,,,,,,,,,,,,,,0:00:00,FALSE,,0,,,,0:00:48,,,TRUE
10-Aug-21,10020,10433,S1E7,Doug Ross,M,19:22:09,20:08:52,10020_10433_28,Social,19:59:54,20:00:12,0:00:18,0:00:18,18,Other,Talking,0,Hospital,10020_10433_29,,0,,,,,,,,,,,,,,,,,0:00:00,FALSE,,0,,,,0:00:18,,,TRUE
10-Aug-21,10020,10433,S1E7,Doug Ross,M,19:22:09,20:08:52,10020_10433_29,In-transit,20:00:12,20:00:15,0:00:03,0:00:03,3,0,0,0,Hospital,10020_10433_30,,0,,,,,,,,,,,,,,,,,0:00:00,FALSE,,0,,,,0:00:03,,,TRUE
10-Aug-21,10020,10433,S1E7,Doug Ross,M,19:22:09,20:08:52,10020_10433_30,Off-Screen,20:00:15,20:02:46,0:02:31,0:02:31,151,0,0,0,Off-Screen,10020_10433_31,,0,,,,,,,,,,,,,,,,,0:00:00,FALSE,,0,,,,0:02:31,,,TRUE
10-Aug-21,10020,10433,S1E7,Doug Ross,M,19:22:09,20:08:52,10020_10433_31,In-transit,20:02:46,20:02:54,0:00:08,0:00:08,8,0,0,0,Community,10020_10433_32,,0,,,,,,,,,,,,,,,,,0:00:00,FALSE,,0,,,,0:00:08,,,TRUE
10-Aug-21,10020,10433,S1E7,Doug Ross,M,19:22:09,20:08:52,10020_10433_32,Social,20:02:54,20:03:52,0:00:58,0:00:58,58,Doctor(s),Talking,0,Community,10020_10433_33,,0,,,,,,,,,,,,,,,,,0:00:00,FALSE,,0,,,,0:00:58,,,TRUE
10-Aug-21,10020,10433,S1E7,Doug Ross,M,19:22:09,20:08:52,10020_10433_33,Off-Screen,20:03:52,20:05:12,0:01:20,0:01:20,80,0,0,0,Off-Screen,10020_10433_34,,0,,,,,,,,,,,,,,,,,0:00:00,FALSE,,0,,,,0:01:20,,,TRUE
10-Aug-21,10020,10433,S1E7,Doug Ross,M,19:22:09,20:08:52,10020_10433_34,Professional Communication,20:05:12,20:05:34,0:00:22,0:00:22,22,Nurse,Talking,0,Hospital,10020_10433_35,,0,,,,,,,,,,,,,,,,,0:00:00,FALSE,,0,,,,0:00:22,,,TRUE
10-Aug-21,10020,10433,S1E7,Doug Ross,M,19:22:09,20:08:52,10020_10433_35,Social,20:05:34,20:06:26,0:00:52,0:00:52,52,Nurse,Talking,0,Hospital,10020_10433_36,,0,,,,,,,,,,,,,,,,,0:00:00,FALSE,,0,,,,0:00:52,,,TRUE
10-Aug-21,10020,10433,S1E7,Doug Ross,M,19:22:09,20:08:52,10020_10433_36,Nothing Happening,20:06:26,20:06:29,0:00:03,0:00:03,3,0,0,0,Nothing Happening,10020_10433_37,,0,,,,,,,,,,,,,,,,,0:00:00,FALSE,,0,,,,0:00:03,,,TRUE
10-Aug-21,10020,10433,S1E7,Doug Ross,M,19:22:09,20:08:52,10020_10433_37,Off-Screen,20:06:29,20:08:52,0:02:23,0:02:23,143,0,0,0,Off-Screen,session,,0,,,,,,,,,,,,,,,,,0:00:00,FALSE,,0,,,,0:02:23,,,TRUE
11-Aug-21,10020,10432,S1E8,Doug Ross,M,17:46:28,18:29:26,10020_10432_1,Off-Screen,17:46:28,17:47:39,0:01:11,0:01:11,71,0,0,0,Off-Screen,10020_10432_2,,0,,,,,,,,,,,,,,,,,0:00:00,FALSE,,0,,,,0:01:11,,,TRUE
11-Aug-21,10020,10432,S1E8,Doug Ross,M,17:46:28,18:29:26,10020_10432_2,Professional Communication,17:47:39,17:48:01,0:00:22,0:00:22,22,Nurse,Talking,0,Hospital,10020_10432_4,10020_10432_3,1,2,10020_10432_3,17:47:44,17:48:01,,,,,,,,,,,,,0:00:17,FALSE,,0,,,,0:00:22,,,TRUE
11-Aug-21,10020,10432,S1E8,Doug Ross,M,17:46:28,18:29:26,10020_10432_3,Document,17:47:44,17:48:01,0:00:17,0:00:17,17,0,0,0,Hospital,10020_10432_4,10020_10432_2,1,2,10020_10432_2,17:47:44,17:48:01,,,,,,,,,,,,,0:00:17,FALSE,,0,,,,0:00:17,,,TRUE
11-Aug-21,10020,10432,S1E8,Doug Ross,M,17:46:28,18:29:26,10020_10432_4,In-transit,17:48:01,17:48:03,0:00:02,0:00:02,2,0,0,0,Hospital,10020_10432_5,,0,,,,,,,,,,,,,,,,,0:00:00,FALSE,,0,,,,0:00:02,,,TRUE
11-Aug-21,10020,10432,S1E8,Doug Ross,M,17:46:28,18:29:26,10020_10432_5,Off-Screen,17:48:03,17:48:17,0:00:14,0:00:14,14,0,0,0,Off-Screen,10020_10432_6,,0,,,,,,,,,,,,,,,,,0:00:00,FALSE,,0,,,,0:00:14,,,TRUE
11-Aug-21,10020,10432,S1E8,Doug Ross,M,17:46:28,18:29:26,10020_10432_6,Professional Communication,17:48:17,17:48:35,0:00:18,0:00:18,18,Nurse,Talking,0,Hospital,10020_10432_8,10020_10432_7,1,2,10020_10432_7,17:48:20,17:48:35,,,,,,,,,,,,,0:00:15,FALSE,,0,,,,0:00:18,,,TRUE
11-Aug-21,10020,10432,S1E8,Doug Ross,M,17:46:28,18:29:26,10020_10432_7,Document,17:48:20,17:48:35,0:00:15,0:00:15,15,0,0,0,Hospital,10020_10432_8,10020_10432_6,1,2,10020_10432_6,17:48:20,17:48:35,,,,,,,,,,,,,0:00:15,FALSE,,0,,,,0:00:15,,,TRUE
11-Aug-21,10020,10432,S1E8,Doug Ross,M,17:46:28,18:29:26,10020_10432_8,Professional Communication,17:48:35,17:48:43,0:00:08,0:00:08,8,0,Landline,0,Hospital,10020_10432_9,,0,,,,,,,,,,,,,,,,,0:00:00,FALSE,,0,,,,0:00:08,,,TRUE
11-Aug-21,10020,10432,S1E8,Doug Ross,M,17:46:28,18:29:26,10020_10432_9,Off-Screen,17:48:43,17:49:00,0:00:17,0:00:17,17,0,0,0,Off-Screen,10020_10432_10,,0,,,,,,,,,,,,,,,,,0:00:00,FALSE,,0,,,,0:00:17,,,TRUE
11-Aug-21,10020,10432,S1E8,Doug Ross,M,17:46:28,18:29:26,10020_10432_10,Professional Communication,17:49:00,17:49:07,0:00:07,0:00:07,7,Doctor(s),Landline,0,Hospital,10020_10432_11,,0,,,,,,,,,,,,,,,,,0:00:00,FALSE,,0,,,,0:00:07,,,TRUE
11-Aug-21,10020,10432,S1E8,Doug Ross,M,17:46:28,18:29:26,10020_10432_11,Off-Screen,17:49:07,17:50:04,0:00:57,0:00:57,57,0,0,0,Off-Screen,10020_10432_12,,0,,,,,,,,,,,,,,,,,0:00:00,FALSE,,0,,,,0:00:57,,,TRUE
11-Aug-21,10020,10432,S1E8,Doug Ross,M,17:46:28,18:29:26,10020_10432_12,Nothing Happening,17:50:04,17:50:56,0:00:52,0:00:52,52,0,0,0,Nothing Happening,10020_10432_13,,0,,,,,,,,,,,,,,,,,0:00:00,FALSE,,0,,,,0:00:52,,,TRUE
11-Aug-21,10020,10432,S1E8,Doug Ross,M,17:46:28,18:29:26,10020_10432_13,Off-Screen,17:50:56,17:53:00,0:02:04,0:02:04,124,0,0,0,Off-Screen,10020_10432_14,,0,,,,,,,,,,,,,,,,,0:00:00,FALSE,,0,,,,0:02:04,,,TRUE
11-Aug-21,10020,10432,S1E8,Doug Ross,M,17:46:28,18:29:26,10020_10432_14,Document,17:53:00,17:53:16,0:00:16,0:00:16,16,0,0,0,Hospital,10020_10432_16,10020_10432_15,1,2,10020_10432_15,17:53:03,17:53:16,,,,,,,,,,,,,0:00:13,FALSE,,0,,,,0:00:16,,,TRUE
11-Aug-21,10020,10432,S1E8,Doug Ross,M,17:46:28,18:29:26,10020_10432_15,Professional Communication,17:53:03,17:53:16,0:00:13,0:00:13,13,Nurse,Talking,0,Hospital,10020_10432_16,10020_10432_14,1,2,10020_10432_14,17:53:03,17:53:16,,,,,,,,,,,,,0:00:13,FALSE,,0,,,,0:00:13,,,TRUE
11-Aug-21,10020,10432,S1E8,Doug Ross,M,17:46:28,18:29:26,10020_10432_16,Off-Screen,17:53:16,17:56:02,0:02:46,0:02:46,166,0,0,0,Off-Screen,10020_10432_17,,0,,,,,,,,,,,,,,,,,0:00:00,FALSE,,0,,,,0:02:46,,,TRUE
11-Aug-21,10020,10432,S1E8,Doug Ross,M,17:46:28,18:29:26,10020_10432_17,Document,17:56:02,17:56:18,0:00:16,0:00:16,16,0,0,0,Hospital,10020_10432_19,10020_10432_18,1,2,10020_10432_18,17:56:05,17:56:18,,,,,,,,,,,,,0:00:13,FALSE,,0,,,,0:00:16,,,TRUE
11-Aug-21,10020,10432,S1E8,Doug Ross,M,17:46:28,18:29:26,10020_10432_18,Professional Communication,17:56:05,17:56:18,0:00:13,0:00:13,13,Nurse,Talking,0,Hospital,10020_10432_19,10020_10432_17,1,2,10020_10432_17,17:56:05,17:56:18,,,,,,,,,,,,,0:00:13,FALSE,,0,,,,0:00:13,,,TRUE
11-Aug-21,10020,10432,S1E8,Doug Ross,M,17:46:28,18:29:26,10020_10432_19,Off-Screen,17:56:18,17:57:37,0:01:19,0:01:19,79,0,0,0,Off-Screen,10020_10432_20,,0,,,,,,,,,,,,,,,,,0:00:00,FALSE,,0,,,,0:01:19,,,TRUE
11-Aug-21,10020,10432,S1E8,Doug Ross,M,17:46:28,18:29:26,10020_10432_20,Professional Communication,17:57:37,17:58:02,0:00:25,0:00:25,25,Doctor(s),Landline,0,Hospital,10020_10432_22,10020_10432_21,1,2,10020_10432_21,17:57:53,17:58:02,,,,,,,,,,,,,0:00:09,FALSE,,0,,,,0:00:25,,,TRUE
11-Aug-21,10020,10432,S1E8,Doug Ross,M,17:46:28,18:29:26,10020_10432_21,Document,17:57:53,17:58:02,0:00:09,0:00:09,9,0,0,0,Hospital,10020_10432_22,10020_10432_20,1,2,10020_10432_20,17:57:53,17:58:02,,,,,,,,,,,,,0:00:09,FALSE,,0,,,,0:00:09,,,TRUE
11-Aug-21,10020,10432,S1E8,Doug Ross,M,17:46:28,18:29:26,10020_10432_22,Off-Screen,17:58:02,18:02:48,0:04:46,0:04:46,286,0,0,0,Off-Screen,10020_10432_23,,0,,,,,,,,,,,,,,,,,0:00:00,FALSE,,0,,,,0:04:46,,,TRUE
11-Aug-21,10020,10432,S1E8,Doug Ross,M,17:46:28,18:29:26,10020_10432_23,Professional Communication,18:02:48,18:03:35,0:00:47,0:00:47,47,Doctor(s),Landline,0,Hospital,10020_10432_25,10020_10432_24,1,2,10020_10432_24,18:03:19,18:03:35,,,,,,,,,,,,,0:00:16,FALSE,,0,,,,0:00:47,,,TRUE
11-Aug-21,10020,10432,S1E8,Doug Ross,M,17:46:28,18:29:26,10020_10432_24,Document,18:03:19,18:03:35,0:00:16,0:00:16,16,0,0,0,Hospital,10020_10432_25,10020_10432_23,1,2,10020_10432_23,18:03:19,18:03:35,,,,,,,,,,,,,0:00:16,FALSE,,0,,,,0:00:16,,,TRUE
11-Aug-21,10020,10432,S1E8,Doug Ross,M,17:46:28,18:29:26,10020_10432_25,Document,18:03:35,18:03:50,0:00:15,0:00:15,15,0,0,0,Hospital,10020_10432_27,10020_10432_26,1,2,10020_10432_26,18:03:40,18:03:50,,,,,,,,,,,,,0:00:10,FALSE,,0,,,,0:00:15,,,TRUE
11-Aug-21,10020,10432,S1E8,Doug Ross,M,17:46:28,18:29:26,10020_10432_26,Social,18:03:40,18:03:50,0:00:10,0:00:10,10,Nurse,Talking,0,Hospital,10020_10432_27,10020_10432_25,1,2,10020_10432_25,18:03:40,18:03:50,,,,,,,,,,,,,0:00:10,FALSE,,0,,,,0:00:10,,,TRUE
11-Aug-21,10020,10432,S1E8,Doug Ross,M,17:46:28,18:29:26,10020_10432_27,Off-Screen,18:03:50,18:05:37,0:01:47,0:01:47,107,0,0,0,Off-Screen,10020_10432_28,,0,,,,,,,,,,,,,,,,,0:00:00,FALSE,,0,,,,0:01:47,,,TRUE
11-Aug-21,10020,10432,S1E8,Doug Ross,M,17:46:28,18:29:26,10020_10432_28,Direct Care,18:05:37,18:06:16,0:00:39,0:00:39,39,Relative (Patient),Talking,0,Hospital,10020_10432_29,,0,,,,,,,,,,,,,,,,,0:00:00,FALSE,,0,,,,0:00:39,,,TRUE
11-Aug-21,10020,10432,S1E8,Doug Ross,M,17:46:28,18:29:26,10020_10432_29,In-transit,18:06:16,18:06:19,0:00:03,0:00:03,3,0,0,0,Hospital,10020_10432_30,,0,,,,,,,,,,,,,,,,,0:00:00,FALSE,,0,,,,0:00:03,,,TRUE
11-Aug-21,10020,10432,S1E8,Doug Ross,M,17:46:28,18:29:26,10020_10432_30,Off-Screen,18:06:19,18:06:21,0:00:02,0:00:02,2,0,0,0,Off-Screen,10020_10432_31,,0,,,,,,,,,,,,,,,,,0:00:00,FALSE,,0,,,,0:00:02,,,TRUE
11-Aug-21,10020,10432,S1E8,Doug Ross,M,17:46:28,18:29:26,10020_10432_31,Professional Communication,18:06:21,18:06:35,0:00:14,0:00:14,14,Nurse,Talking,0,Hospital,10020_10432_32,,0,,,,,,,,,,,,,,,,,0:00:00,FALSE,,0,,,,0:00:14,,,TRUE
11-Aug-21,10020,10432,S1E8,Doug Ross,M,17:46:28,18:29:26,10020_10432_32,In-transit,18:06:35,18:06:40,0:00:05,0:00:05,5,0,0,0,Hospital,10020_10432_33,,0,,,,,,,,,,,,,,,,,0:00:00,FALSE,,0,,,,0:00:05,,,TRUE
11-Aug-21,10020,10432,S1E8,Doug Ross,M,17:46:28,18:29:26,10020_10432_33,Off-Screen,18:06:40,18:08:53,0:02:13,0:02:13,133,0,0,0,Off-Screen,10020_10432_34,,0,,,,,,,,,,,,,,,,,0:00:00,FALSE,,0,,,,0:02:13,,,TRUE
11-Aug-21,10020,10432,S1E8,Doug Ross,M,17:46:28,18:29:26,10020_10432_34,Nothing Happening,18:08:53,18:09:26,0:00:33,0:00:33,33,0,0,0,Nothing Happening,10020_10432_35,,0,,,,,,,,,,,,,,,,,0:00:00,FALSE,,0,,,,0:00:33,,,TRUE
11-Aug-21,10020,10432,S1E8,Doug Ross,M,17:46:28,18:29:26,10020_10432_35,Off-Screen,18:09:26,18:09:41,0:00:15,0:00:15,15,0,0,0,Off-Screen,10020_10432_36,,0,,,,,,,,,,,,,,,,,0:00:00,FALSE,,0,,,,0:00:15,,,TRUE
11-Aug-21,10020,10432,S1E8,Doug Ross,M,17:46:28,18:29:26,10020_10432_36,Professional Communication,18:09:41,18:09:56,0:00:15,0:00:15,15,Doctor(s),Talking,0,Hospital,10020_10432_37,,0,,,,,,,,,,,,,,,,,0:00:00,FALSE,,0,,,,0:00:15,,,TRUE
11-Aug-21,10020,10432,S1E8,Doug Ross,M,17:46:28,18:29:26,10020_10432_37,Off-Screen,18:09:56,18:10:01,0:00:05,0:00:05,5,0,0,0,Off-Screen,10020_10432_38,,0,,,,,,,,,,,,,,,,,0:00:00,FALSE,,0,,,,0:00:05,,,TRUE
11-Aug-21,10020,10432,S1E8,Doug Ross,M,17:46:28,18:29:26,10020_10432_38,Professional Communication,18:10:01,18:10:05,0:00:04,0:00:04,4,Doctor(s),Talking,0,Hospital,10020_10432_39,,0,,,,,,,,,,,,,,,,,0:00:00,FALSE,,0,,,,0:00:04,,,TRUE
11-Aug-21,10020,10432,S1E8,Doug Ross,M,17:46:28,18:29:26,10020_10432_39,Off-Screen,18:10:05,18:16:46,0:06:41,0:06:41,401,0,0,0,Off-Screen,10020_10432_40,,0,,,,,,,,,,,,,,,,,0:00:00,FALSE,,0,,,,0:06:41,,,TRUE
11-Aug-21,10020,10432,S1E8,Doug Ross,M,17:46:28,18:29:26,10020_10432_40,Professional Communication,18:16:46,18:17:05,0:00:19,0:00:19,19,Nurse,Talking,0,Hospital,10020_10432_42,10020_10432_41,1,2,10020_10432_41,18:16:52,18:17:05,,,,,,,,,,,,,0:00:13,FALSE,,0,,,,0:00:19,,,TRUE
11-Aug-21,10020,10432,S1E8,Doug Ross,M,17:46:28,18:29:26,10020_10432_41,In-transit,18:16:52,18:17:05,0:00:13,0:00:13,13,0,0,0,Hospital,10020_10432_42,10020_10432_40,1,2,10020_10432_40,18:16:52,18:17:05,,,,,,,,,,,,,0:00:13,FALSE,,0,,,,0:00:13,,,TRUE
11-Aug-21,10020,10432,S1E8,Doug Ross,M,17:46:28,18:29:26,10020_10432_42,Professional Communication,18:17:05,18:17:33,0:00:28,0:00:28,28,Nurse,Talking,0,Hospital,10020_10432_44,10020_10432_43,1,2,10020_10432_43,18:17:08,18:17:33,,,,,,,,,,,,,0:00:25,FALSE,,0,,,,0:00:28,,,TRUE
11-Aug-21,10020,10432,S1E8,Doug Ross,M,17:46:28,18:29:26,10020_10432_43,Direct Care,18:17:08,18:17:33,0:00:25,0:00:25,25,Patient,0,0,Hospital,10020_10432_44,10020_10432_42,1,2,10020_10432_42,18:17:08,18:17:33,,,,,,,,,,,,,0:00:25,FALSE,,0,,,,0:00:25,,,TRUE
11-Aug-21,10020,10432,S1E8,Doug Ross,M,17:46:28,18:29:26,10020_10432_44,Off-Screen,18:17:33,18:18:09,0:00:36,0:00:36,36,0,0,0,Off-Screen,10020_10432_45,,0,,,,,,,,,,,,,,,,,0:00:00,FALSE,,0,,,,0:00:36,,,TRUE
11-Aug-21,10020,10432,S1E8,Doug Ross,M,17:46:28,18:29:26,10020_10432_45,Direct Care,18:18:09,18:18:17,0:00:08,0:00:08,8,0,0,0,Hospital,10020_10432_46,,0,,,,,,,,,,,,,,,,,0:00:00,FALSE,,0,,,,0:00:08,,,TRUE
11-Aug-21,10020,10432,S1E8,Doug Ross,M,17:46:28,18:29:26,10020_10432_46,Professional Communication,18:18:17,18:19:20,0:01:03,0:01:03,63,Doctor(s),Talking,0,Hospital,10020_10432_48,10020_10432_47,1,2,10020_10432_47,18:18:24,18:19:20,,,,,,,,,,,,,0:00:56,FALSE,,0,,,,0:01:03,,,TRUE
11-Aug-21,10020,10432,S1E8,Doug Ross,M,17:46:28,18:29:26,10020_10432_47,Direct Care,18:18:24,18:19:20,0:00:56,0:00:56,56,0,0,0,Hospital,10020_10432_48,10020_10432_46,1,2,10020_10432_46,18:18:24,18:19:20,,,,,,,,,,,,,0:00:56,FALSE,,0,,,,0:00:56,,,TRUE
11-Aug-21,10020,10432,S1E8,Doug Ross,M,17:46:28,18:29:26,10020_10432_48,Professional Communication,18:19:20,18:19:26,0:00:06,0:00:06,6,Nurse,Talking,0,Hospital,10020_10432_49,,0,,,,,,,,,,,,,,,,,0:00:00,FALSE,,0,,,,0:00:06,,,TRUE
11-Aug-21,10020,10432,S1E8,Doug Ross,M,17:46:28,18:29:26,10020_10432_49,Nothing Happening,18:19:26,18:20:00,0:00:34,0:00:34,34,0,0,0,Nothing Happening,10020_10432_50,,0,,,,,,,,,,,,,,,,,0:00:00,FALSE,,0,,,,0:00:34,,,TRUE
11-Aug-21,10020,10432,S1E8,Doug Ross,M,17:46:28,18:29:26,10020_10432_50,In-transit,18:20:00,18:20:10,0:00:10,0:00:10,10,0,0,0,Hospital,10020_10432_51,,0,,,,,,,,,,,,,,,,,0:00:00,FALSE,,0,,,,0:00:10,,,TRUE
11-Aug-21,10020,10432,S1E8,Doug Ross,M,17:46:28,18:29:26,10020_10432_51,Professional Communication,18:20:10,18:21:41,0:01:31,0:01:31,91,Doctor(s),Talking,0,Hospital,10020_10432_52,,0,,,,,,,,,,,,,,,,,0:00:00,FALSE,,0,,,,0:01:31,,,TRUE
11-Aug-21,10020,10432,S1E8,Doug Ross,M,17:46:28,18:29:26,10020_10432_52,In-transit,18:21:41,18:21:43,0:00:02,0:00:02,2,0,0,0,Hospital,10020_10432_53,,0,,,,,,,,,,,,,,,,,0:00:00,FALSE,,0,,,,0:00:02,,,TRUE
11-Aug-21,10020,10432,S1E8,Doug Ross,M,17:46:28,18:29:26,10020_10432_53,Off-Screen,18:21:43,18:23:40,0:01:57,0:01:57,117,0,0,0,Off-Screen,10020_10432_54,,0,,,,,,,,,,,,,,,,,0:00:00,FALSE,,0,,,,0:01:57,,,TRUE
11-Aug-21,10020,10432,S1E8,Doug Ross,M,17:46:28,18:29:26,10020_10432_54,In-transit,18:23:40,18:23:42,0:00:02,0:00:02,2,0,0,0,Hospital,10020_10432_55,,0,,,,,,,,,,,,,,,,,0:00:00,FALSE,,0,,,,0:00:02,,,TRUE
11-Aug-21,10020,10432,S1E8,Doug Ross,M,17:46:28,18:29:26,10020_10432_55,Professional Communication,18:23:42,18:23:59,0:00:17,0:00:17,17,Nurse,Talking,0,Hospital,10020_10432_56,,0,,,,,,,,,,,,,,,,,0:00:00,FALSE,,0,,,,0:00:17,,,TRUE
11-Aug-21,10020,10432,S1E8,Doug Ross,M,17:46:28,18:29:26,10020_10432_56,In-transit,18:23:59,18:24:02,0:00:03,0:00:03,3,0,0,0,Hospital,10020_10432_57,,0,,,,,,,,,,,,,,,,,0:00:00,FALSE,,0,,,,0:00:03,,,TRUE
11-Aug-21,10020,10432,S1E8,Doug Ross,M,17:46:28,18:29:26,10020_10432_57,Off-Screen,18:24:02,18:29:26,0:05:24,0:05:24,324,0,0,0,Off-Screen,session,,0,,,,,,,,,,,,,,,,,0:00:00,FALSE,,0,,,,0:05:24,,,TRUE
12-Aug-21,10020,10429,S1E11,Doug Ross,M,16:12:37,16:59:02,10020_10429_1,Nothing Happening,16:12:37,16:13:21,0:00:44,0:00:44,44,0,0,0,Nothing Happening,10020_10429_2,,0,,,,,,,,,,,,,,,,,0:00:00,FALSE,,0,,,,0:00:44,,,TRUE
12-Aug-21,10020,10429,S1E11,Doug Ross,M,16:12:37,16:59:02,10020_10429_2,Off-Screen,16:13:21,16:15:11,0:01:50,0:01:50,110,0,0,0,Off-Screen,10020_10429_3,,0,,,,,,,,,,,,,,,,,0:00:00,FALSE,,0,,,,0:01:50,,,TRUE
12-Aug-21,10020,10429,S1E11,Doug Ross,M,16:12:37,16:59:02,10020_10429_3,Direct Care,16:15:11,16:15:16,0:00:05,0:00:05,5,Relative (Patient),Talking,0,Hospital,10020_10429_4,,0,,,,,,,,,,,,,,,,,0:00:00,FALSE,,0,,,,0:00:05,,,TRUE
12-Aug-21,10020,10429,S1E11,Doug Ross,M,16:12:37,16:59:02,10020_10429_4,Direct Care,16:15:16,16:16:21,0:01:05,0:01:05,65,0,0,0,Hospital,10020_10429_6,10020_10429_5,1,2,10020_10429_5,16:15:18,16:16:21,,,,,,,,,,,,,0:01:03,FALSE,,0,,,,0:01:05,,,TRUE
12-Aug-21,10020,10429,S1E11,Doug Ross,M,16:12:37,16:59:02,10020_10429_5,Professional Communication,16:15:18,16:16:21,0:01:03,0:01:03,63,Doctor(s),Talking,0,Hospital,10020_10429_6,10020_10429_4,1,2,10020_10429_4,16:15:18,16:16:21,,,,,,,,,,,,,0:01:03,FALSE,,0,,,,0:01:03,,,TRUE
12-Aug-21,10020,10429,S1E11,Doug Ross,M,16:12:37,16:59:02,10020_10429_6,Nothing Happening,16:16:21,16:17:10,0:00:49,0:00:49,49,0,0,0,Nothing Happening,10020_10429_7,,0,,,,,,,,,,,,,,,,,0:00:00,FALSE,,0,,,,0:00:49,,,TRUE
12-Aug-21,10020,10429,S1E11,Doug Ross,M,16:12:37,16:59:02,10020_10429_7,Off-Screen,16:17:10,16:17:34,0:00:24,0:00:24,24,0,0,0,Off-Screen,10020_10429_8,,0,,,,,,,,,,,,,,,,,0:00:00,FALSE,,0,,,,0:00:24,,,TRUE
12-Aug-21,10020,10429,S1E11,Doug Ross,M,16:12:37,16:59:02,10020_10429_8,Direct Care,16:17:34,16:17:55,0:00:21,0:00:21,21,0,0,0,Hospital,10020_10429_10,10020_10429_9,1,2,10020_10429_9,16:17:36,16:17:55,,,,,,,,,,,,,0:00:19,FALSE,,0,,,,0:00:21,,,TRUE
12-Aug-21,10020,10429,S1E11,Doug Ross,M,16:12:37,16:59:02,10020_10429_9,Professional Communication,16:17:36,16:17:55,0:00:19,0:00:19,19,Doctor(s),Talking,0,Hospital,10020_10429_10,10020_10429_8,1,2,10020_10429_8,16:17:36,16:17:55,,,,,,,,,,,,,0:00:19,FALSE,,0,,,,0:00:19,,,TRUE
12-Aug-21,10020,10429,S1E11,Doug Ross,M,16:12:37,16:59:02,10020_10429_10,Off-Screen,16:17:55,16:18:44,0:00:49,0:00:49,49,0,0,0,Off-Screen,10020_10429_11,,0,,,,,,,,,,,,,,,,,0:00:00,FALSE,,0,,,,0:00:49,,,TRUE
12-Aug-21,10020,10429,S1E11,Doug Ross,M,16:12:37,16:59:02,10020_10429_11,Direct Care,16:18:44,16:19:05,0:00:21,0:00:21,21,0,0,0,Hospital,10020_10429_13,10020_10429_12,1,2,10020_10429_12,16:18:46,16:19:05,,,,,,,,,,,,,0:00:19,FALSE,,0,,,,0:00:21,,,TRUE
12-Aug-21,10020,10429,S1E11,Doug Ross,M,16:12:37,16:59:02,10020_10429_12,Professional Communication,16:18:46,16:19:05,0:00:19,0:00:19,19,Doctor(s),Talking,0,Hospital,10020_10429_13,10020_10429_11,1,2,10020_10429_11,16:18:46,16:19:05,,,,,,,,,,,,,0:00:19,FALSE,,0,,,,0:00:19,,,TRUE
12-Aug-21,10020,10429,S1E11,Doug Ross,M,16:12:37,16:59:02,10020_10429_13,Off-Screen,16:19:05,16:20:09,0:01:04,0:01:04,64,0,0,0,Off-Screen,10020_10429_14,,0,,,,,,,,,,,,,,,,,0:00:00,FALSE,,0,,,,0:01:04,,,TRUE
12-Aug-21,10020,10429,S1E11,Doug Ross,M,16:12:37,16:59:02,10020_10429_14,Direct Care,16:20:09,16:20:47,0:00:38,0:00:38,38,0,0,0,Hospital,10020_10429_17,"10020_10429_15,10020_10429_16",2,2,10020_10429_15,16:20:14,16:20:30,2,10020_10429_16,16:20:31,16:20:47,,,,,,,,,0:00:32,FALSE,,0,,,,0:00:38,,,TRUE
12-Aug-21,10020,10429,S1E11,Doug Ross,M,16:12:37,16:59:02,10020_10429_15,Professional Communication,16:20:14,16:20:30,0:00:16,0:00:16,16,Doctor(s),Talking,0,Hospital,user,10020_10429_14,1,2,10020_10429_14,16:20:14,16:20:30,,,,,,,,,,,,,0:00:16,FALSE,,0,,,,0:00:16,,,TRUE
12-Aug-21,10020,10429,S1E11,Doug Ross,M,16:12:37,16:59:02,10020_10429_16,Social,16:20:31,16:20:47,0:00:16,0:00:16,16,Doctor(s),Talking,0,Hospital,10020_10429_17,10020_10429_14,1,2,10020_10429_14,16:20:31,16:20:47,,,,,,,,,,,,,0:00:16,FALSE,,0,,,,0:00:16,,,TRUE
12-Aug-21,10020,10429,S1E11,Doug Ross,M,16:12:37,16:59:02,10020_10429_17,Off-Screen,16:20:47,16:24:16,0:03:29,0:03:29,209,0,0,0,Off-Screen,10020_10429_18,,0,,,,,,,,,,,,,,,,,0:00:00,FALSE,,0,,,,0:03:29,,,TRUE
12-Aug-21,10020,10429,S1E11,Doug Ross,M,16:12:37,16:59:02,10020_10429_18,Professional Communication,16:24:16,16:24:32,0:00:16,0:00:16,16,Nurse,Talking,0,Hospital,10020_10429_19,,0,,,,,,,,,,,,,,,,,0:00:00,FALSE,,0,,,,0:00:16,,,TRUE
12-Aug-21,10020,10429,S1E11,Doug Ross,M,16:12:37,16:59:02,10020_10429_19,Direct Care,16:24:32,16:24:52,0:00:20,0:00:20,20,Patient,0,0,Hospital,10020_10429_20,,0,,,,,,,,,,,,,,,,,0:00:00,FALSE,,0,,,,0:00:20,,,TRUE
12-Aug-21,10020,10429,S1E11,Doug Ross,M,16:12:37,16:59:02,10020_10429_20,Nothing Happening,16:24:52,16:25:31,0:00:39,0:00:39,39,0,0,0,Nothing Happening,10020_10429_21,,0,,,,,,,,,,,,,,,,,0:00:00,FALSE,,0,,,,0:00:39,,,TRUE
12-Aug-21,10020,10429,S1E11,Doug Ross,M,16:12:37,16:59:02,10020_10429_21,Off-Screen,16:25:31,16:30:36,0:05:05,0:05:05,305,0,0,0,Off-Screen,10020_10429_22,,0,,,,,,,,,,,,,,,,,0:00:00,FALSE,,0,,,,0:05:05,,,TRUE
12-Aug-21,10020,10429,S1E11,Doug Ross,M,16:12:37,16:59:02,10020_10429_22,Direct Care,16:30:36,16:30:55,0:00:19,0:00:19,19,Relative (Patient),Talking,0,Hospital,10020_10429_23,,0,,,,,,,,,,,,,,,,,0:00:00,FALSE,,0,,,,0:00:19,,,TRUE
12-Aug-21,10020,10429,S1E11,Doug Ross,M,16:12:37,16:59:02,10020_10429_23,Professional Communication,16:30:55,16:31:12,0:00:17,0:00:17,17,Nurse,Talking,0,Hospital,10020_10429_24,,0,,,,,,,,,,,,,,,,,0:00:00,FALSE,,0,,,,0:00:17,,,TRUE
12-Aug-21,10020,10429,S1E11,Doug Ross,M,16:12:37,16:59:02,10020_10429_24,Professional Communication,16:31:12,16:31:15,0:00:03,0:00:03,3,Doctor(s),Talking,0,Hospital,10020_10429_25,,0,,,,,,,,,,,,,,,,,0:00:00,FALSE,,0,,,,0:00:03,,,TRUE
12-Aug-21,10020,10429,S1E11,Doug Ross,M,16:12:37,16:59:02,10020_10429_25,Off-Screen,16:31:15,16:32:06,0:00:51,0:00:51,51,0,0,0,Off-Screen,10020_10429_26,,0,,,,,,,,,,,,,,,,,0:00:00,FALSE,,0,,,,0:00:51,,,TRUE
12-Aug-21,10020,10429,S1E11,Doug Ross,M,16:12:37,16:59:02,10020_10429_26,Direct Care,16:32:06,16:32:49,0:00:43,0:00:43,43,Patient,Talking,0,Hospital,10020_10429_27,,0,,,,,,,,,,,,,,,,,0:00:00,FALSE,,0,,,,0:00:43,,,TRUE
12-Aug-21,10020,10429,S1E11,Doug Ross,M,16:12:37,16:59:02,10020_10429_27,Off-Screen,16:32:49,16:34:00,0:01:11,0:01:11,71,0,0,0,Off-Screen,10020_10429_28,,0,,,,,,,,,,,,,,,,,0:00:00,FALSE,,0,,,,0:01:11,,,TRUE
12-Aug-21,10020,10429,S1E11,Doug Ross,M,16:12:37,16:59:02,10020_10429_28,Nothing Happening,16:34:00,16:34:37,0:00:37,0:00:37,37,0,0,0,Nothing Happening,10020_10429_29,,0,,,,,,,,,,,,,,,,,0:00:00,FALSE,,0,,,,0:00:37,,,TRUE
12-Aug-21,10020,10429,S1E11,Doug Ross,M,16:12:37,16:59:02,10020_10429_29,Off-Screen,16:34:37,16:34:50,0:00:13,0:00:13,13,0,0,0,Off-Screen,10020_10429_30,,0,,,,,,,,,,,,,,,,,0:00:00,FALSE,,0,,,,0:00:13,,,TRUE
12-Aug-21,10020,10429,S1E11,Doug Ross,M,16:12:37,16:59:02,10020_10429_30,Social,16:34:50,16:35:07,0:00:17,0:00:17,17,Other,Talking,0,Hospital,10020_10429_31,,0,,,,,,,,,,,,,,,,,0:00:00,FALSE,,0,,,,0:00:17,,,TRUE
12-Aug-21,10020,10429,S1E11,Doug Ross,M,16:12:37,16:59:02,10020_10429_31,Social,16:35:07,16:35:26,0:00:19,0:00:19,19,Doctor(s),Talking,0,Hospital,10020_10429_32,,0,,,,,,,,,,,,,,,,,0:00:00,FALSE,,0,,,,0:00:19,,,TRUE
12-Aug-21,10020,10429,S1E11,Doug Ross,M,16:12:37,16:59:02,10020_10429_32,Off-Screen,16:35:26,16:37:36,0:02:10,0:02:10,130,0,0,0,Off-Screen,10020_10429_33,,0,,,,,,,,,,,,,,,,,0:00:00,FALSE,,0,,,,0:02:10,,,TRUE
12-Aug-21,10020,10429,S1E11,Doug Ross,M,16:12:37,16:59:02,10020_10429_33,Direct Care,16:37:36,16:38:47,0:01:11,0:01:11,71,Patient,Talking,0,Hospital,10020_10429_34,,0,,,,,,,,,,,,,,,,,0:00:00,FALSE,,0,,,,0:01:11,,,TRUE
12-Aug-21,10020,10429,S1E11,Doug Ross,M,16:12:37,16:59:02,10020_10429_34,Off-Screen,16:38:47,16:41:51,0:03:04,0:03:04,184,0,0,0,Off-Screen,10020_10429_35,,0,,,,,,,,,,,,,,,,,0:00:00,FALSE,,0,,,,0:03:04,,,TRUE
12-Aug-21,10020,10429,S1E11,Doug Ross,M,16:12:37,16:59:02,10020_10429_35,Professional Communication,16:41:51,16:42:05,0:00:14,0:00:14,14,Doctor(s),Talking,0,Hospital,10020_10429_36,,0,,,,,,,,,,,,,,,,,0:00:00,FALSE,,0,,,,0:00:14,,,TRUE
12-Aug-21,10020,10429,S1E11,Doug Ross,M,16:12:37,16:59:02,10020_10429_36,In-transit,16:42:05,16:42:07,0:00:02,0:00:02,2,0,0,0,Hospital,10020_10429_37,,0,,,,,,,,,,,,,,,,,0:00:00,FALSE,,0,,,,0:00:02,,,TRUE
12-Aug-21,10020,10429,S1E11,Doug Ross,M,16:12:37,16:59:02,10020_10429_37,Off-Screen,16:42:07,16:43:43,0:01:36,0:01:36,96,0,0,0,Off-Screen,10020_10429_38,,0,,,,,,,,,,,,,,,,,0:00:00,FALSE,,0,,,,0:01:36,,,TRUE
12-Aug-21,10020,10429,S1E11,Doug Ross,M,16:12:37,16:59:02,10020_10429_38,Social,16:43:43,16:44:48,0:01:05,0:01:05,65,Doctor(s),Talking,0,Hospital,10020_10429_39,,0,,,,,,,,,,,,,,,,,0:00:00,FALSE,,0,,,,0:01:05,,,TRUE
12-Aug-21,10020,10429,S1E11,Doug Ross,M,16:12:37,16:59:02,10020_10429_39,Off-Screen,16:44:48,16:46:39,0:01:51,0:01:51,111,0,0,0,Off-Screen,10020_10429_40,,0,,,,,,,,,,,,,,,,,0:00:00,FALSE,,0,,,,0:01:51,,,TRUE
12-Aug-21,10020,10429,S1E11,Doug Ross,M,16:12:37,16:59:02,10020_10429_40,Nothing Happening,16:46:39,16:47:14,0:00:35,0:00:35,35,0,0,0,Nothing Happening,10020_10429_41,,0,,,,,,,,,,,,,,,,,0:00:00,FALSE,,0,,,,0:00:35,,,TRUE
12-Aug-21,10020,10429,S1E11,Doug Ross,M,16:12:37,16:59:02,10020_10429_41,Off-Screen,16:47:14,16:49:41,0:02:27,0:02:27,147,0,0,0,Off-Screen,10020_10429_42,,0,,,,,,,,,,,,,,,,,0:00:00,FALSE,,0,,,,0:02:27,,,TRUE
12-Aug-21,10020,10429,S1E11,Doug Ross,M,16:12:37,16:59:02,10020_10429_42,Social,16:49:41,16:49:54,0:00:13,0:00:13,13,Other,Talking,0,Community,10020_10429_43,,0,,,,,,,,,,,,,,,,,0:00:00,FALSE,,0,,,,0:00:13,,,TRUE
12-Aug-21,10020,10429,S1E11,Doug Ross,M,16:12:37,16:59:02,10020_10429_43,In-transit,16:49:54,16:50:41,0:00:47,0:00:47,47,0,0,0,Community,10020_10429_44,,0,,,,,,,,,,,,,,,,,0:00:00,FALSE,,0,,,,0:00:47,,,TRUE
12-Aug-21,10020,10429,S1E11,Doug Ross,M,16:12:37,16:59:02,10020_10429_44,Off-Screen,16:50:41,16:53:59,0:03:18,0:03:18,198,0,0,0,Off-Screen,10020_10429_45,,0,,,,,,,,,,,,,,,,,0:00:00,FALSE,,0,,,,0:03:18,,,TRUE
12-Aug-21,10020,10429,S1E11,Doug Ross,M,16:12:37,16:59:02,10020_10429_45,In-transit,16:53:59,16:54:14,0:00:15,0:00:15,15,0,0,0,Community,10020_10429_46,,0,,,,,,,,,,,,,,,,,0:00:00,FALSE,,0,,,,0:00:15,,,TRUE
12-Aug-21,10020,10429,S1E11,Doug Ross,M,16:12:37,16:59:02,10020_10429_46,Off-Screen,16:54:14,16:54:31,0:00:17,0:00:17,17,0,0,0,Off-Screen,10020_10429_47,,0,,,,,,,,,,,,,,,,,0:00:00,FALSE,,0,,,,0:00:17,,,TRUE
12-Aug-21,10020,10429,S1E11,Doug Ross,M,16:12:37,16:59:02,10020_10429_47,Social,16:54:31,16:55:33,0:01:02,0:01:02,62,Nurse,Talking,0,Community,10020_10429_48,,0,,,,,,,,,,,,,,,,,0:00:00,FALSE,,0,,,,0:01:02,,,TRUE
12-Aug-21,10020,10429,S1E11,Doug Ross,M,16:12:37,16:59:02,10020_10429_48,Nothing Happening,16:55:33,16:55:36,0:00:03,0:00:03,3,0,0,0,Community,10020_10429_49,,0,,,,,,,,,,,,,,,,,0:00:00,FALSE,,0,,,,0:00:03,,,TRUE
12-Aug-21,10020,10429,S1E11,Doug Ross,M,16:12:37,16:59:02,10020_10429_49,Off-Screen,16:55:36,16:56:56,0:01:20,0:01:20,80,0,0,0,Off-Screen,10020_10429_50,,0,,,,,,,,,,,,,,,,,0:00:00,FALSE,,0,,,,0:01:20,,,TRUE
12-Aug-21,10020,10429,S1E11,Doug Ross,M,16:12:37,16:59:02,10020_10429_50,Nothing Happening,16:56:56,16:57:14,0:00:18,0:00:18,18,0,0,0,Community,10020_10429_51,,0,,,,,,,,,,,,,,,,,0:00:00,FALSE,,0,,,,0:00:18,,,TRUE
12-Aug-21,10020,10429,S1E11,Doug Ross,M,16:12:37,16:59:02,10020_10429_51,Off-Screen,16:57:14,16:59:02,0:01:48,0:01:48,108,0,0,0,Off-Screen,session,,0,,,,,,,,,,,,,,,,,0:00:00,FALSE,,0,,,,0:01:48,,,TRUE
13-Aug-21,10020,10445,S1E17,Doug Ross,M,17:25:18,18:13:10,10020_10445_1,Nothing Happening,17:25:18,17:25:28,0:00:10,0:00:10,10,0,0,0,Nothing Happening,10020_10445_2,,0,,,,,,,,,,,,,,,,,0:00:00,FALSE,,0,,,,0:00:10,,,TRUE
13-Aug-21,10020,10445,S1E17,Doug Ross,M,17:25:18,18:13:10,10020_10445_2,Nothing Happening,17:25:28,17:25:41,0:00:13,0:00:13,13,0,0,0,Community,10020_10445_3,,0,,,,,,,,,,,,,,,,,0:00:00,FALSE,,0,,,,0:00:13,,,TRUE
13-Aug-21,10020,10445,S1E17,Doug Ross,M,17:25:18,18:13:10,10020_10445_3,Social,17:25:41,17:26:46,0:01:05,0:01:05,65,Other,Talking,0,Community,10020_10445_4,,0,,,,,,,,,,,,,,,,,0:00:00,FALSE,,0,,,,0:01:05,,,TRUE
13-Aug-21,10020,10445,S1E17,Doug Ross,M,17:25:18,18:13:10,10020_10445_4,In-transit,17:26:46,17:26:55,0:00:09,0:00:09,9,0,0,0,Community,10020_10445_5,,0,,,,,,,,,,,,,,,,,0:00:00,FALSE,,0,,,,0:00:09,,,TRUE
13-Aug-21,10020,10445,S1E17,Doug Ross,M,17:25:18,18:13:10,10020_10445_5,In-transit,17:26:55,17:27:26,0:00:31,0:00:31,31,0,0,0,Community,10020_10445_6,,0,,,,,,,,,,,,,,,,,0:00:00,FALSE,,0,,,,0:00:31,,,TRUE
13-Aug-21,10020,10445,S1E17,Doug Ross,M,17:25:18,18:13:10,10020_10445_6,In-transit,17:27:26,17:28:00,0:00:34,0:00:34,34,0,0,0,Hospital,10020_10445_7,,0,,,,,,,,,,,,,,,,,0:00:00,FALSE,,0,,,,0:00:34,,,TRUE
13-Aug-21,10020,10445,S1E17,Doug Ross,M,17:25:18,18:13:10,10020_10445_7,Professional Communication,17:28:00,17:28:15,0:00:15,0:00:15,15,Other,Talking,0,Hospital,10020_10445_8,,0,,,,,,,,,,,,,,,,,0:00:00,FALSE,,0,,,,0:00:15,,,TRUE
13-Aug-21,10020,10445,S1E17,Doug Ross,M,17:25:18,18:13:10,10020_10445_8,Professional Communication,17:28:15,17:28:44,0:00:29,0:00:29,29,Nurse,Talking,0,Hospital,10020_10445_9,,0,,,,,,,,,,,,,,,,,0:00:00,FALSE,,0,,,,0:00:29,,,TRUE
13-Aug-21,10020,10445,S1E17,Doug Ross,M,17:25:18,18:13:10,10020_10445_9,In-transit,17:28:44,17:29:03,0:00:19,0:00:19,19,0,0,0,Hospital,10020_10445_10,,0,,,,,,,,,,,,,,,,,0:00:00,FALSE,,0,,,,0:00:19,,,TRUE
13-Aug-21,10020,10445,S1E17,Doug Ross,M,17:25:18,18:13:10,10020_10445_10,Nothing Happening,17:29:03,17:29:11,0:00:08,0:00:08,8,0,0,0,Hospital,10020_10445_11,,0,,,,,,,,,,,,,,,,,0:00:00,FALSE,,0,,,,0:00:08,,,TRUE
13-Aug-21,10020,10445,S1E17,Doug Ross,M,17:25:18,18:13:10,10020_10445_11,Direct Care,17:29:11,17:29:19,0:00:08,0:00:08,8,Patient,Talking,0,Hospital,10020_10445_12,,0,,,,,,,,,,,,,,,,,0:00:00,FALSE,,0,,,,0:00:08,,,TRUE
13-Aug-21,10020,10445,S1E17,Doug Ross,M,17:25:18,18:13:10,10020_10445_12,Off-Screen,17:29:19,17:31:54,0:02:35,0:02:35,155,0,0,0,Off-Screen,10020_10445_13,,0,,,,,,,,,,,,,,,,,0:00:00,FALSE,,0,,,,0:02:35,,,TRUE
13-Aug-21,10020,10445,S1E17,Doug Ross,M,17:25:18,18:13:10,10020_10445_13,Nothing Happening,17:31:54,17:33:17,0:01:23,0:01:23,83,0,0,0,Nothing Happening,10020_10445_14,,0,,,,,,,,,,,,,,,,,0:00:00,FALSE,,0,,,,0:01:23,,,TRUE
13-Aug-21,10020,10445,S1E17,Doug Ross,M,17:25:18,18:13:10,10020_10445_14,Off-Screen,17:33:17,17:35:04,0:01:47,0:01:47,107,0,0,0,Off-Screen,10020_10445_15,,0,,,,,,,,,,,,,,,,,0:00:00,FALSE,,0,,,,0:01:47,,,TRUE
13-Aug-21,10020,10445,S1E17,Doug Ross,M,17:25:18,18:13:10,10020_10445_15,Direct Care,17:35:04,17:36:04,0:01:00,0:01:00,60,Relative (Patient),Talking,0,Hospital,10020_10445_16,,0,,,,,,,,,,,,,,,,,0:00:00,FALSE,,0,,,,0:01:00,,,TRUE
13-Aug-21,10020,10445,S1E17,Doug Ross,M,17:25:18,18:13:10,10020_10445_16,Off-Screen,17:36:04,17:39:01,0:02:57,0:02:57,177,0,0,0,Off-Screen,10020_10445_17,,0,,,,,,,,,,,,,,,,,0:00:00,FALSE,,0,,,,0:02:57,,,TRUE
13-Aug-21,10020,10445,S1E17,Doug Ross,M,17:25:18,18:13:10,10020_10445_17,In-transit,17:39:01,17:39:09,0:00:08,0:00:08,8,0,0,0,Hospital,10020_10445_18,,0,,,,,,,,,,,,,,,,,0:00:00,FALSE,,0,,,,0:00:08,,,TRUE
13-Aug-21,10020,10445,S1E17,Doug Ross,M,17:25:18,18:13:10,10020_10445_18,In-transit,17:39:09,17:39:14,0:00:05,0:00:05,5,0,0,0,Hospital,10020_10445_19,,0,,,,,,,,,,,,,,,,,0:00:00,FALSE,,0,,,,0:00:05,,,TRUE
13-Aug-21,10020,10445,S1E17,Doug Ross,M,17:25:18,18:13:10,10020_10445_19,Off-Screen,17:39:14,17:41:48,0:02:34,0:02:34,154,0,0,0,Off-Screen,10020_10445_20,,0,,,,,,,,,,,,,,,,,0:00:00,FALSE,,0,,,,0:02:34,,,TRUE
13-Aug-21,10020,10445,S1E17,Doug Ross,M,17:25:18,18:13:10,10020_10445_20,Professional Communication,17:41:48,17:42:52,0:01:04,0:01:04,64,Doctor(s),Talking,0,Hospital,10020_10445_22,10020_10445_21,1,2,10020_10445_21,17:41:51,17:42:52,,,,,,,,,,,,,0:01:01,FALSE,,0,,,,0:01:04,,,TRUE
13-Aug-21,10020,10445,S1E17,Doug Ross,M,17:25:18,18:13:10,10020_10445_21,Direct Care,17:41:51,17:42:52,0:01:01,0:01:01,61,Patient,0,0,Hospital,10020_10445_22,10020_10445_20,1,2,10020_10445_20,17:41:51,17:42:52,,,,,,,,,,,,,0:01:01,FALSE,,0,,,,0:01:01,,,TRUE
13-Aug-21,10020,10445,S1E17,Doug Ross,M,17:25:18,18:13:10,10020_10445_22,Nothing Happening,17:42:52,17:43:28,0:00:36,0:00:36,36,0,0,0,Nothing Happening,10020_10445_23,,0,,,,,,,,,,,,,,,,,0:00:00,FALSE,,0,,,,0:00:36,,,TRUE
13-Aug-21,10020,10445,S1E17,Doug Ross,M,17:25:18,18:13:10,10020_10445_23,Off-Screen,17:43:28,17:43:32,0:00:04,0:00:04,4,0,0,0,Off-Screen,10020_10445_24,,0,,,,,,,,,,,,,,,,,0:00:00,FALSE,,0,,,,0:00:04,,,TRUE
13-Aug-21,10020,10445,S1E17,Doug Ross,M,17:25:18,18:13:10,10020_10445_24,Professional Communication,17:43:32,17:43:39,0:00:07,0:00:07,7,Doctor(s),Talking,0,Hospital,10020_10445_26,10020_10445_25,1,2,10020_10445_25,17:43:35,17:43:39,,,,,,,,,,,,,0:00:04,FALSE,,0,,,,0:00:07,,,TRUE
13-Aug-21,10020,10445,S1E17,Doug Ross,M,17:25:18,18:13:10,10020_10445_25,Indirect Care,17:43:35,17:43:39,0:00:04,0:00:04,4,0,0,0,Hospital,10020_10445_26,10020_10445_24,1,2,10020_10445_24,17:43:35,17:43:39,,,,,,,,,,,,,0:00:04,FALSE,,0,,,,0:00:04,,,TRUE
13-Aug-21,10020,10445,S1E17,Doug Ross,M,17:25:18,18:13:10,10020_10445_26,Professional Communication,17:43:39,17:44:01,0:00:22,0:00:22,22,Doctor(s),Talking,0,Hospital,10020_10445_28,10020_10445_27,1,2,10020_10445_27,17:43:42,17:44:01,,,,,,,,,,,,,0:00:19,FALSE,,0,,,,0:00:22,,,TRUE
13-Aug-21,10020,10445,S1E17,Doug Ross,M,17:25:18,18:13:10,10020_10445_27,Direct Care,17:43:42,17:44:01,0:00:19,0:00:19,19,Patient,0,0,Hospital,10020_10445_28,10020_10445_26,1,2,10020_10445_26,17:43:42,17:44:01,,,,,,,,,,,,,0:00:19,FALSE,,0,,,,0:00:19,,,TRUE
13-Aug-21,10020,10445,S1E17,Doug Ross,M,17:25:18,18:13:10,10020_10445_28,Off-Screen,17:44:01,17:46:29,0:02:28,0:02:28,148,0,0,0,Off-Screen,10020_10445_29,,0,,,,,,,,,,,,,,,,,0:00:00,FALSE,,0,,,,0:02:28,,,TRUE
13-Aug-21,10020,10445,S1E17,Doug Ross,M,17:25:18,18:13:10,10020_10445_29,Direct Care,17:46:29,17:47:32,0:01:03,0:01:03,63,Relative (Patient),Talking,0,Hospital,10020_10445_30,,0,,,,,,,,,,,,,,,,,0:00:00,FALSE,,0,,,,0:01:03,,,TRUE
13-Aug-21,10020,10445,S1E17,Doug Ross,M,17:25:18,18:13:10,10020_10445_30,Nothing Happening,17:47:32,17:47:39,0:00:07,0:00:07,7,0,0,0,Hospital,10020_10445_31,,0,,,,,,,,,,,,,,,,,0:00:00,FALSE,,0,,,,0:00:07,,,TRUE
13-Aug-21,10020,10445,S1E17,Doug Ross,M,17:25:18,18:13:10,10020_10445_31,Direct Care,17:47:39,17:47:56,0:00:17,0:00:17,17,Relative (Patient),Talking,0,Hospital,10020_10445_32,,0,,,,,,,,,,,,,,,,,0:00:00,FALSE,,0,,,,0:00:17,,,TRUE
13-Aug-21,10020,10445,S1E17,Doug Ross,M,17:25:18,18:13:10,10020_10445_32,Off-Screen,17:47:56,17:52:20,0:04:24,0:04:24,264,0,0,0,Off-Screen,10020_10445_33,,0,,,,,,,,,,,,,,,,,0:00:00,FALSE,,0,,,,0:04:24,,,TRUE
13-Aug-21,10020,10445,S1E17,Doug Ross,M,17:25:18,18:13:10,10020_10445_33,Professional Communication,17:52:20,17:52:26,0:00:06,0:00:06,6,Nurse,Talking,0,Hospital,10020_10445_34,,0,,,,,,,,,,,,,,,,,0:00:00,FALSE,,0,,,,0:00:06,,,TRUE
13-Aug-21,10020,10445,S1E17,Doug Ross,M,17:25:18,18:13:10,10020_10445_34,In-transit,17:52:26,17:52:31,0:00:05,0:00:05,5,0,0,0,Hospital,10020_10445_35,,0,,,,,,,,,,,,,,,,,0:00:00,FALSE,,0,,,,0:00:05,,,TRUE
13-Aug-21,10020,10445,S1E17,Doug Ross,M,17:25:18,18:13:10,10020_10445_35,Professional Communication,17:52:31,17:53:20,0:00:49,0:00:49,49,Nurse,Talking,0,Hospital,10020_10445_37,10020_10445_36,1,2,10020_10445_36,17:52:36,17:53:20,,,,,,,,,,,,,0:00:44,FALSE,,0,,,,0:00:49,,,TRUE
13-Aug-21,10020,10445,S1E17,Doug Ross,M,17:25:18,18:13:10,10020_10445_36,Direct Care,17:52:36,17:53:20,0:00:44,0:00:44,44,0,0,0,Hospital,10020_10445_37,10020_10445_35,1,2,10020_10445_35,17:52:36,17:53:20,,,,,,,,,,,,,0:00:44,FALSE,,0,,,,0:00:44,,,TRUE
13-Aug-21,10020,10445,S1E17,Doug Ross,M,17:25:18,18:13:10,10020_10445_37,Off-Screen,17:53:20,17:57:37,0:04:17,0:04:17,257,0,0,0,Off-Screen,10020_10445_38,,0,,,,,,,,,,,,,,,,,0:00:00,FALSE,,0,,,,0:04:17,,,TRUE
13-Aug-21,10020,10445,S1E17,Doug Ross,M,17:25:18,18:13:10,10020_10445_38,Direct Care,17:57:37,17:58:57,0:01:20,0:01:20,80,Relative (Patient),Talking,0,Hospital,10020_10445_39,,0,,,,,,,,,,,,,,,,,0:00:00,FALSE,,0,,,,0:01:20,,,TRUE
13-Aug-21,10020,10445,S1E17,Doug Ross,M,17:25:18,18:13:10,10020_10445_39,Off-Screen,17:58:57,17:59:01,0:00:04,0:00:04,4,0,0,0,Off-Screen,10020_10445_40,,0,,,,,,,,,,,,,,,,,0:00:00,FALSE,,0,,,,0:00:04,,,TRUE
13-Aug-21,10020,10445,S1E17,Doug Ross,M,17:25:18,18:13:10,10020_10445_40,Professional Communication,17:59:01,17:59:23,0:00:22,0:00:22,22,Nurse,Talking,0,Hospital,10020_10445_42,10020_10445_41,1,2,10020_10445_41,17:59:06,17:59:23,,,,,,,,,,,,,0:00:17,FALSE,,0,,,,0:00:22,,,TRUE
13-Aug-21,10020,10445,S1E17,Doug Ross,M,17:25:18,18:13:10,10020_10445_41,In-transit,17:59:06,17:59:23,0:00:17,0:00:17,17,0,0,0,Hospital,10020_10445_42,10020_10445_40,1,2,10020_10445_40,17:59:06,17:59:23,,,,,,,,,,,,,0:00:17,FALSE,,0,,,,0:00:17,,,TRUE
13-Aug-21,10020,10445,S1E17,Doug Ross,M,17:25:18,18:13:10,10020_10445_42,Off-Screen,17:59:23,17:59:28,0:00:05,0:00:05,5,0,0,0,Off-Screen,10020_10445_43,,0,,,,,,,,,,,,,,,,,0:00:00,FALSE,,0,,,,0:00:05,,,TRUE
13-Aug-21,10020,10445,S1E17,Doug Ross,M,17:25:18,18:13:10,10020_10445_43,In-transit,17:59:28,17:59:41,0:00:13,0:00:13,13,0,0,0,Hospital,10020_10445_44,,0,,,,,,,,,,,,,,,,,0:00:00,FALSE,,0,,,,0:00:13,,,TRUE
13-Aug-21,10020,10445,S1E17,Doug Ross,M,17:25:18,18:13:10,10020_10445_44,Social,17:59:41,18:00:11,0:00:30,0:00:30,30,0,0,0,Hospital,10020_10445_45,,0,,,,,,,,,,,,,,,,,0:00:00,FALSE,,0,,,,0:00:30,,,TRUE
13-Aug-21,10020,10445,S1E17,Doug Ross,M,17:25:18,18:13:10,10020_10445_45,Nothing Happening,18:00:11,18:01:56,0:01:45,0:01:45,105,0,0,0,Nothing Happening,10020_10445_46,,0,,,,,,,,,,,,,,,,,0:00:00,FALSE,,0,,,,0:01:45,,,TRUE
13-Aug-21,10020,10445,S1E17,Doug Ross,M,17:25:18,18:13:10,10020_10445_46,Off-Screen,18:01:56,18:02:00,0:00:04,0:00:04,4,0,0,0,Off-Screen,10020_10445_47,,0,,,,,,,,,,,,,,,,,0:00:00,FALSE,,0,,,,0:00:04,,,TRUE
13-Aug-21,10020,10445,S1E17,Doug Ross,M,17:25:18,18:13:10,10020_10445_47,Nothing Happening,18:02:00,18:02:08,0:00:08,0:00:08,8,0,0,0,Community,10020_10445_48,,0,,,,,,,,,,,,,,,,,0:00:00,FALSE,,0,,,,0:00:08,,,TRUE
13-Aug-21,10020,10445,S1E17,Doug Ross,M,17:25:18,18:13:10,10020_10445_48,Professional Communication,18:02:08,18:02:58,0:00:50,0:00:50,50,Doctor(s),Talking,0,Community,10020_10445_49,,0,,,,,,,,,,,,,,,,,0:00:00,FALSE,,0,,,,0:00:50,,,TRUE
13-Aug-21,10020,10445,S1E17,Doug Ross,M,17:25:18,18:13:10,10020_10445_49,Social,18:02:58,18:03:17,0:00:19,0:00:19,19,Doctor(s),Talking,0,Community,10020_10445_50,,0,,,,,,,,,,,,,,,,,0:00:00,FALSE,,0,,,,0:00:19,,,TRUE
13-Aug-21,10020,10445,S1E17,Doug Ross,M,17:25:18,18:13:10,10020_10445_50,Nothing Happening,18:03:17,18:03:19,0:00:02,0:00:02,2,0,0,0,Community,10020_10445_51,,0,,,,,,,,,,,,,,,,,0:00:00,FALSE,,0,,,,0:00:02,,,TRUE
13-Aug-21,10020,10445,S1E17,Doug Ross,M,17:25:18,18:13:10,10020_10445_51,Off-Screen,18:03:19,18:04:50,0:01:31,0:01:31,91,0,0,0,Off-Screen,10020_10445_52,,0,,,,,,,,,,,,,,,,,0:00:00,FALSE,,0,,,,0:01:31,,,TRUE
13-Aug-21,10020,10445,S1E17,Doug Ross,M,17:25:18,18:13:10,10020_10445_52,In-transit,18:04:50,18:05:06,0:00:16,0:00:16,16,0,0,0,Hospital,10020_10445_53,,0,,,,,,,,,,,,,,,,,0:00:00,FALSE,,0,,,,0:00:16,,,TRUE
13-Aug-21,10020,10445,S1E17,Doug Ross,M,17:25:18,18:13:10,10020_10445_53,Social,18:05:06,18:05:33,0:00:27,0:00:27,27,Doctor(s),Talking,0,Hospital,10020_10445_54,,0,,,,,,,,,,,,,,,,,0:00:00,FALSE,,0,,,,0:00:27,,,TRUE
13-Aug-21,10020,10445,S1E17,Doug Ross,M,17:25:18,18:13:10,10020_10445_54,Off-Screen,18:05:33,18:13:10,0:07:37,0:07:37,457,0,0,0,Off-Screen,session,,0,,,,,,,,,,,,,,,,,0:00:00,FALSE,,0,,,,0:07:37,,,TRUE
23-Jun-22,10040,10624,Season 1 Episode 5,Doug Ross,M,10:38:55,11:33:08,10040_10624_1,Off-Screen,10:38:55,10:39:44,0:00:49,0:00:49,49,0,0,0,Off-Screen,10040_10624_2,,0,,,,,,,,,,,,,,,,,0:00:00,FALSE,,0,,,,0:00:49,,,TRUE
23-Jun-22,10040,10624,Season 1 Episode 5,Doug Ross,M,10:38:55,11:33:08,10040_10624_2,Professional Communication,10:39:44,10:39:55,0:00:11,0:00:11,11,Nurse,Talking,0,Hospital,10040_10624_3,,0,,,,,,,,,,,,,,,,,0:00:00,FALSE,,0,,,,0:00:11,,,TRUE
23-Jun-22,10040,10624,Season 1 Episode 5,Doug Ross,M,10:38:55,11:33:08,10040_10624_3,In-transit,10:39:55,10:39:57,0:00:02,0:00:02,2,0,0,0,Hospital,10040_10624_4,,0,,,,,,,,,,,,,,,,,0:00:00,FALSE,,0,,,,0:00:02,,,TRUE
23-Jun-22,10040,10624,Season 1 Episode 5,Doug Ross,M,10:38:55,11:33:08,10040_10624_4,Off-Screen,10:39:57,10:40:01,0:00:04,0:00:04,4,0,0,0,Off-Screen,10040_10624_5,,0,,,,,,,,,,,,,,,,,0:00:00,FALSE,,0,,,,0:00:04,,,TRUE
23-Jun-22,10040,10624,Season 1 Episode 5,Doug Ross,M,10:38:55,11:33:08,10040_10624_5,In-transit,10:40:01,10:40:11,0:00:10,0:00:10,10,0,0,0,Hospital,10040_10624_7,10040_10624_6,1,2,10040_10624_6,10:40:02,10:40:10,,,,,,,,,,,,,0:00:08,FALSE,,0,,,,0:00:10,,,TRUE
23-Jun-22,10040,10624,Season 1 Episode 5,Doug Ross,M,10:38:55,11:33:08,10040_10624_6,Professional Communication,10:40:02,10:40:10,0:00:08,0:00:08,8,Nurse,Talking,0,Hospital,user,10040_10624_5,1,2,10040_10624_5,10:40:02,10:40:10,,,,,,,,,,,,,0:00:08,FALSE,,0,,,,0:00:08,,,TRUE
23-Jun-22,10040,10624,Season 1 Episode 5,Doug Ross,M,10:38:55,11:33:08,10040_10624_7,Document,10:40:11,10:40:19,0:00:08,0:00:08,8,0,Med Chart,0,Hospital,10040_10624_8,,0,,,,,,,,,,,,,,,,,0:00:00,FALSE,,0,,,,0:00:08,,,TRUE
23-Jun-22,10040,10624,Season 1 Episode 5,Doug Ross,M,10:38:55,11:33:08,10040_10624_8,Professional Communication,10:40:19,10:40:47,0:00:28,0:00:28,28,Doctor(s),Talking,0,Hospital,10040_10624_10,10040_10624_9,1,2,10040_10624_9,10:40:26,10:40:45,,,,,,,,,,,,,0:00:19,FALSE,,0,,,,0:00:28,,,TRUE
23-Jun-22,10040,10624,Season 1 Episode 5,Doug Ross,M,10:38:55,11:33:08,10040_10624_9,Document,10:40:26,10:40:45,0:00:19,0:00:19,19,0,Med Chart,0,Hospital,user,10040_10624_8,1,2,10040_10624_8,10:40:26,10:40:45,,,,,,,,,,,,,0:00:19,FALSE,,0,,,,0:00:19,,,TRUE
23-Jun-22,10040,10624,Season 1 Episode 5,Doug Ross,M,10:38:55,11:33:08,10040_10624_10,In-transit,10:40:47,10:40:56,0:00:09,0:00:09,9,0,0,0,Hospital,10040_10624_12,10040_10624_11,1,2,10040_10624_11,10:40:49,10:40:55,,,,,,,,,,,,,0:00:06,FALSE,,0,,,,0:00:09,,,TRUE
23-Jun-22,10040,10624,Season 1 Episode 5,Doug Ross,M,10:38:55,11:33:08,10040_10624_11,Professional Communication,10:40:49,10:40:55,0:00:06,0:00:06,6,Nurse,Talking,0,Hospital,user,10040_10624_10,1,2,10040_10624_10,10:40:49,10:40:55,,,,,,,,,,,,,0:00:06,FALSE,,0,,,,0:00:06,,,TRUE
23-Jun-22,10040,10624,Season 1 Episode 5,Doug Ross,M,10:38:55,11:33:08,10040_10624_12,Professional Communication,10:40:56,10:41:00,0:00:04,0:00:04,4,Doctor(s),Talking,0,Hospital,10040_10624_13,,0,,,,,,,,,,,,,,,,,0:00:00,FALSE,,0,,,,0:00:04,,,TRUE
23-Jun-22,10040,10624,Season 1 Episode 5,Doug Ross,M,10:38:55,11:33:08,10040_10624_13,Off-Screen,10:41:00,10:41:06,0:00:06,0:00:06,6,0,0,0,Off-Screen,10040_10624_14,,0,,,,,,,,,,,,,,,,,0:00:00,FALSE,,0,,,,0:00:06,,,TRUE
23-Jun-22,10040,10624,Season 1 Episode 5,Doug Ross,M,10:38:55,11:33:08,10040_10624_14,Direct Care,10:41:06,10:41:11,0:00:05,0:00:05,5,Patient,Talking,0,Hospital,10040_10624_15,,0,,,,,,,,,,,,,,,,,0:00:00,FALSE,,0,,,,0:00:05,,,TRUE
23-Jun-22,10040,10624,Season 1 Episode 5,Doug Ross,M,10:38:55,11:33:08,10040_10624_15,Off-Screen,10:41:11,10:41:32,0:00:21,0:00:21,21,0,0,0,Off-Screen,10040_10624_16,,0,,,,,,,,,,,,,,,,,0:00:00,FALSE,,0,,,,0:00:21,,,TRUE
23-Jun-22,10040,10624,Season 1 Episode 5,Doug Ross,M,10:38:55,11:33:08,10040_10624_16,Direct Care,10:41:32,10:42:01,0:00:29,0:00:29,29,Nurse,Talking,0,Hospital,user,10040_10624_17,1,2,10040_10624_17,10:41:35,10:42:01,,,,,,,,,,,,,0:00:26,FALSE,,0,,,,0:00:29,,,TRUE
23-Jun-22,10040,10624,Season 1 Episode 5,Doug Ross,M,10:38:55,11:33:08,10040_10624_17,Direct Care,10:41:35,10:42:45,0:01:10,0:01:10,70,Patient,Talking,0,Hospital,10040_10624_19,"10040_10624_16,10040_10624_18",2,2,10040_10624_16,10:41:35,10:42:01,2,10040_10624_18,10:42:12,10:42:45,2022-06-23 10:42:45 +1000,,,,,,,,0:00:59,FALSE,,0,,,,0:01:10,,,TRUE
23-Jun-22,10040,10624,Season 1 Episode 5,Doug Ross,M,10:38:55,11:33:08,10040_10624_18,Direct Care,10:42:12,10:42:45,0:00:33,0:00:33,33,Doctor(s),Talking,0,Hospital,10040_10624_19,10040_10624_17,1,2,10040_10624_17,10:42:12,10:42:45,2022-06-23 10:42:45 +1000,,,,,,,,,,,,0:00:33,FALSE,,0,,,,0:00:33,,,TRUE
23-Jun-22,10040,10624,Season 1 Episode 5,Doug Ross,M,10:38:55,11:33:08,10040_10624_19,In-transit,10:42:45,10:42:50,0:00:05,0:00:05,5,0,0,0,Hospital,10040_10624_20,,0,,,,,,,,,,,,,,,,,0:00:00,FALSE,,0,,,,0:00:05,,,TRUE
23-Jun-22,10040,10624,Season 1 Episode 5,Doug Ross,M,10:38:55,11:33:08,10040_10624_20,Off-Screen,10:42:50,10:46:51,0:04:01,0:04:01,241,0,0,0,Off-Screen,10040_10624_21,,0,,,,,,,,,,,,,,,,,0:00:00,FALSE,,0,,,,0:04:01,,,TRUE
23-Jun-22,10040,10624,Season 1 Episode 5,Doug Ross,M,10:38:55,11:33:08,10040_10624_21,Direct Care,10:46:51,10:47:40,0:00:49,0:00:49,49,Doctor(s),Talking,0,Hospital,10040_10624_24,"10040_10624_22,10040_10624_23",2,2,10040_10624_22,10:46:56,10:47:30,2,10040_10624_23,10:47:31,10:47:39,,,,,,,,,0:00:42,FALSE,,0,,,,0:00:49,,,TRUE
23-Jun-22,10040,10624,Season 1 Episode 5,Doug Ross,M,10:38:55,11:33:08,10040_10624_22,Direct Care,10:46:56,10:47:30,0:00:34,0:00:34,34,Patient,0,0,Hospital,user,10040_10624_21,1,2,10040_10624_21,10:46:56,10:47:30,,,,,,,,,,,,,0:00:34,FALSE,,0,,,,0:00:34,,,TRUE
23-Jun-22,10040,10624,Season 1 Episode 5,Doug Ross,M,10:38:55,11:33:08,10040_10624_23,In-transit,10:47:31,10:47:39,0:00:08,0:00:08,8,0,0,0,Hospital,user,10040_10624_21,1,2,10040_10624_21,10:47:31,10:47:39,,,,,,,,,,,,,0:00:08,FALSE,,0,,,,0:00:08,,,TRUE
23-Jun-22,10040,10624,Season 1 Episode 5,Doug Ross,M,10:38:55,11:33:08,10040_10624_24,Off-Screen,10:47:40,10:48:34,0:00:54,0:00:54,54,0,0,0,Off-Screen,10040_10624_25,,0,,,,,,,,,,,,,,,,,0:00:00,FALSE,,0,,,,0:00:54,,,TRUE
23-Jun-22,10040,10624,Season 1 Episode 5,Doug Ross,M,10:38:55,11:33:08,10040_10624_25,Professional Communication,10:48:34,10:48:49,0:00:15,0:00:15,15,Nurse,Talking,0,Hospital,10040_10624_27,10040_10624_26,1,2,10040_10624_26,10:48:40,10:48:48,,,,,,,,,,,,,0:00:08,FALSE,,0,,,,0:00:15,,,TRUE
23-Jun-22,10040,10624,Season 1 Episode 5,Doug Ross,M,10:38:55,11:33:08,10040_10624_26,Document,10:48:40,10:48:48,0:00:08,0:00:08,8,0,Med Chart,0,Hospital,user,10040_10624_25,1,2,10040_10624_25,10:48:40,10:48:48,,,,,,,,,,,,,0:00:08,FALSE,,0,,,,0:00:08,,,TRUE
23-Jun-22,10040,10624,Season 1 Episode 5,Doug Ross,M,10:38:55,11:33:08,10040_10624_27,Education,10:48:49,10:49:24,0:00:35,0:00:35,35,Doctor(s),Talking,0,Hospital,10040_10624_28,,0,,,,,,,,,,,,,,,,,0:00:00,FALSE,,0,,,,0:00:35,,,TRUE
23-Jun-22,10040,10624,Season 1 Episode 5,Doug Ross,M,10:38:55,11:33:08,10040_10624_28,Social,10:49:24,10:49:31,0:00:07,0:00:07,7,Doctor(s),Talking,0,Hospital,10040_10624_29,,0,,,,,,,,,,,,,,,,,0:00:00,FALSE,,0,,,,0:00:07,,,TRUE
23-Jun-22,10040,10624,Season 1 Episode 5,Doug Ross,M,10:38:55,11:33:08,10040_10624_29,Off-Screen,10:49:31,10:52:14,0:02:43,0:02:43,163,0,0,0,Off-Screen,10040_10624_30,,0,,,,,,,,,,,,,,,,,0:00:00,FALSE,,0,,,,0:02:43,,,TRUE
23-Jun-22,10040,10624,Season 1 Episode 5,Doug Ross,M,10:38:55,11:33:08,10040_10624_30,Direct Care,10:52:14,10:52:43,0:00:29,0:00:29,29,Patient,Talking,0,Hospital,10040_10624_32,10040_10624_31,1,2,10040_10624_31,10:52:22,10:52:35,,,,,,,,,,,,,0:00:13,FALSE,,0,,,,0:00:29,,,TRUE
23-Jun-22,10040,10624,Season 1 Episode 5,Doug Ross,M,10:38:55,11:33:08,10040_10624_31,Indirect Care,10:52:22,10:52:35,0:00:13,0:00:13,13,Nurse,0,0,Hospital,user,10040_10624_30,1,2,10040_10624_30,10:52:22,10:52:35,,,,,,,,,,,,,0:00:13,FALSE,,0,,,,0:00:13,,,TRUE
23-Jun-22,10040,10624,Season 1 Episode 5,Doug Ross,M,10:38:55,11:33:08,10040_10624_32,Direct Care,10:52:43,10:53:12,0:00:29,0:00:29,29,Relative (Patient),Talking,0,Hospital,10040_10624_33,,0,,,,,,,,,,,,,,,,,0:00:00,FALSE,,0,,,,0:00:29,,,TRUE
23-Jun-22,10040,10624,Season 1 Episode 5,Doug Ross,M,10:38:55,11:33:08,10040_10624_33,Off-Screen,10:53:12,10:57:50,0:04:38,0:04:38,278,0,0,0,Off-Screen,10040_10624_34,,0,,,,,,,,,,,,,,,,,0:00:00,FALSE,,0,,,,0:04:38,,,TRUE
23-Jun-22,10040,10624,Season 1 Episode 5,Doug Ross,M,10:38:55,11:33:08,10040_10624_34,Direct Care,10:57:50,10:58:06,0:00:16,0:00:16,16,Nurse,Talking,0,Hospital,user,10040_10624_35,1,2,10040_10624_35,10:57:55,10:58:06,,,,,,,,,,,,,0:00:11,FALSE,,0,,,,0:00:16,,,TRUE
23-Jun-22,10040,10624,Season 1 Episode 5,Doug Ross,M,10:38:55,11:33:08,10040_10624_35,Direct Care,10:57:55,10:58:13,0:00:18,0:00:18,18,Relative (Patient),Talking,0,Hospital,10040_10624_36,10040_10624_34,1,2,10040_10624_34,10:57:55,10:58:06,,,,,,,,,,,,,0:00:11,FALSE,,0,,,,0:00:18,,,TRUE
23-Jun-22,10040,10624,Season 1 Episode 5,Doug Ross,M,10:38:55,11:33:08,10040_10624_36,Off-Screen,10:58:13,10:59:17,0:01:04,0:01:04,64,0,0,0,Off-Screen,10040_10624_37,,0,,,,,,,,,,,,,,,,,0:00:00,FALSE,,0,,,,0:01:04,,,TRUE
23-Jun-22,10040,10624,Season 1 Episode 5,Doug Ross,M,10:38:55,11:33:08,10040_10624_37,In-transit,10:59:17,10:59:25,0:00:08,0:00:08,8,0,0,0,Hospital,10040_10624_38,,0,,,,,,,,,,,,,,,,,0:00:00,FALSE,,0,,,,0:00:08,,,TRUE
23-Jun-22,10040,10624,Season 1 Episode 5,Doug Ross,M,10:38:55,11:33:08,10040_10624_38,Nothing Happening,10:59:25,11:00:55,0:01:30,0:01:30,90,Patient,Talking,0,Hospital,10040_10624_39,,0,,,,,,,,,,,,,,,,,0:00:00,FALSE,,0,,,,0:01:30,,,TRUE
23-Jun-22,10040,10624,Season 1 Episode 5,Doug Ross,M,10:38:55,11:33:08,10040_10624_39,Off-Screen,11:00:55,11:05:46,0:04:51,0:04:51,291,0,0,0,Off-Screen,10040_10624_40,,0,,,,,,,,,,,,,,,,,0:00:00,FALSE,,0,,,,0:04:51,,,TRUE
23-Jun-22,10040,10624,Season 1 Episode 5,Doug Ross,M,10:38:55,11:33:08,10040_10624_40,Social,11:05:46,11:06:09,0:00:23,0:00:23,23,Doctor(s),Talking,0,Hospital,10040_10624_41,,0,,,,,,,,,,,,,,,,,0:00:00,FALSE,,0,,,,0:00:23,,,TRUE
23-Jun-22,10040,10624,Season 1 Episode 5,Doug Ross,M,10:38:55,11:33:08,10040_10624_41,Professional Communication,11:06:09,11:06:20,0:00:11,0:00:11,11,Nurse,Talking,0,Hospital,10040_10624_42,,0,,,,,,,,,,,,,,,,,0:00:00,FALSE,,0,,,,0:00:11,,,TRUE
23-Jun-22,10040,10624,Season 1 Episode 5,Doug Ross,M,10:38:55,11:33:08,10040_10624_42,Social,11:06:20,11:06:30,0:00:10,0:00:10,10,Doctor(s),Talking,0,Hospital,10040_10624_43,,0,,,,,,,,,,,,,,,,,0:00:00,FALSE,,0,,,,0:00:10,,,TRUE
23-Jun-22,10040,10624,Season 1 Episode 5,Doug Ross,M,10:38:55,11:33:08,10040_10624_43,Off-Screen,11:06:30,11:07:39,0:01:09,0:01:09,69,0,0,0,Off-Screen,10040_10624_44,,0,,,,,,,,,,,,,,,,,0:00:00,FALSE,,0,,,,0:01:09,,,TRUE
23-Jun-22,10040,10624,Season 1 Episode 5,Doug Ross,M,10:38:55,11:33:08,10040_10624_44,Direct Care,11:07:39,11:08:19,0:00:40,0:00:40,40,Patient,Talking,0,Hospital,10040_10624_45,,0,,,,,,,,,,,,,,,,,0:00:00,FALSE,,0,,,,0:00:40,,,TRUE
23-Jun-22,10040,10624,Season 1 Episode 5,Doug Ross,M,10:38:55,11:33:08,10040_10624_45,Professional Communication,11:08:19,11:08:30,0:00:11,0:00:11,11,Nurse,Talking,0,Hospital,10040_10624_46,,0,,,,,,,,,,,,,,,,,0:00:00,FALSE,,0,,,,0:00:11,,,TRUE
23-Jun-22,10040,10624,Season 1 Episode 5,Doug Ross,M,10:38:55,11:33:08,10040_10624_46,Off-Screen,11:08:30,11:12:15,0:03:45,0:03:45,225,0,0,0,Off-Screen,10040_10624_47,,0,,,,,,,,,,,,,,,,,0:00:00,FALSE,,0,,,,0:03:45,,,TRUE
23-Jun-22,10040,10624,Season 1 Episode 5,Doug Ross,M,10:38:55,11:33:08,10040_10624_47,Professional Communication,11:12:15,11:12:19,0:00:04,0:00:04,4,Nurse,Talking,0,Hospital,10040_10624_48,,0,,,,,,,,,,,,,,,,,0:00:00,FALSE,,0,,,,0:00:04,,,TRUE
23-Jun-22,10040,10624,Season 1 Episode 5,Doug Ross,M,10:38:55,11:33:08,10040_10624_48,In-transit,11:12:19,11:12:31,0:00:12,0:00:12,12,0,0,0,Hospital,10040_10624_49,,0,,,,,,,,,,,,,,,,,0:00:00,FALSE,,0,,,,0:00:12,,,TRUE
23-Jun-22,10040,10624,Season 1 Episode 5,Doug Ross,M,10:38:55,11:33:08,10040_10624_49,Social,11:12:31,11:12:56,0:00:25,0:00:25,25,Relative (Patient),Talking,0,Hospital,10040_10624_50,,0,,,,,,,,,,,,,,,,,0:00:00,FALSE,,0,,,,0:00:25,,,TRUE
23-Jun-22,10040,10624,Season 1 Episode 5,Doug Ross,M,10:38:55,11:33:08,10040_10624_50,In-transit,11:12:56,11:13:01,0:00:05,0:00:05,5,0,0,0,Hospital,10040_10624_51,,0,,,,,,,,,,,,,,,,,0:00:00,FALSE,,0,,,,0:00:05,,,TRUE
23-Jun-22,10040,10624,Season 1 Episode 5,Doug Ross,M,10:38:55,11:33:08,10040_10624_51,Off-Screen,11:13:01,11:21:46,0:08:45,0:08:45,525,0,0,0,Off-Screen,10040_10624_52,,0,,,,,,,,,,,,,,,,,0:00:00,FALSE,,0,,,,0:08:45,,,TRUE
23-Jun-22,10040,10624,Season 1 Episode 5,Doug Ross,M,10:38:55,11:33:08,10040_10624_52,Social,11:21:46,11:21:54,0:00:08,0:00:08,8,Nurse,Talking,0,Hospital,10040_10624_53,,0,,,,,,,,,,,,,,,,,0:00:00,FALSE,,0,,,,0:00:08,,,TRUE
23-Jun-22,10040,10624,Season 1 Episode 5,Doug Ross,M,10:38:55,11:33:08,10040_10624_53,Professional Communication,11:21:54,11:21:57,0:00:03,0:00:03,3,Nurse,Talking,0,Hospital,10040_10624_54,,0,,,,,,,,,,,,,,,,,0:00:00,FALSE,,0,,,,0:00:03,,,TRUE
23-Jun-22,10040,10624,Season 1 Episode 5,Doug Ross,M,10:38:55,11:33:08,10040_10624_54,Direct Care,11:21:57,11:22:27,0:00:30,0:00:30,30,Relative (Patient),Talking,0,Hospital,10040_10624_55,,0,,,,,,,,,,,,,,,,,0:00:00,FALSE,,0,,,,0:00:30,,,TRUE
23-Jun-22,10040,10624,Season 1 Episode 5,Doug Ross,M,10:38:55,11:33:08,10040_10624_55,In-transit,11:22:27,11:22:31,0:00:04,0:00:04,4,0,0,0,Hospital,10040_10624_56,,0,,,,,,,,,,,,,,,,,0:00:00,FALSE,,0,,,,0:00:04,,,TRUE
23-Jun-22,10040,10624,Season 1 Episode 5,Doug Ross,M,10:38:55,11:33:08,10040_10624_56,Professional Communication,11:22:31,11:22:37,0:00:06,0:00:06,6,Nurse,Talking,0,Hospital,10040_10624_57,,0,,,,,,,,,,,,,,,,,0:00:00,FALSE,,0,,,,0:00:06,,,TRUE
23-Jun-22,10040,10624,Season 1 Episode 5,Doug Ross,M,10:38:55,11:33:08,10040_10624_57,Professional Communication,11:22:37,11:22:58,0:00:21,0:00:21,21,Nurse,Talking,0,Hospital,10040_10624_58,,0,,,,,,,,,,,,,,,,,0:00:00,FALSE,,0,,,,0:00:21,,,TRUE
23-Jun-22,10040,10624,Season 1 Episode 5,Doug Ross,M,10:38:55,11:33:08,10040_10624_58,In-transit,11:22:58,11:23:01,0:00:03,0:00:03,3,0,0,0,Hospital,10040_10624_59,,0,,,,,,,,,,,,,,,,,0:00:00,FALSE,,0,,,,0:00:03,,,TRUE
23-Jun-22,10040,10624,Season 1 Episode 5,Doug Ross,M,10:38:55,11:33:08,10040_10624_59,Off-Screen,11:23:01,11:25:53,0:02:52,0:02:52,172,0,0,0,Off-Screen,10040_10624_60,,0,,,,,,,,,,,,,,,,,0:00:00,FALSE,,0,,,,0:02:52,,,TRUE
23-Jun-22,10040,10624,Season 1 Episode 5,Doug Ross,M,10:38:55,11:33:08,10040_10624_60,Indirect Care,11:25:53,11:26:05,0:00:12,0:00:12,12,Relative (Patient),Talking,0,Hospital,10040_10624_61,,0,,,,,,,,,,,,,,,,,0:00:00,FALSE,,0,,,,0:00:12,,,TRUE
23-Jun-22,10040,10624,Season 1 Episode 5,Doug Ross,M,10:38:55,11:33:08,10040_10624_61,Professional Communication,11:26:05,11:26:13,0:00:08,0:00:08,8,Nurse,Talking,0,Hospital,10040_10624_62,,0,,,,,,,,,,,,,,,,,0:00:00,FALSE,,0,,,,0:00:08,,,TRUE
23-Jun-22,10040,10624,Season 1 Episode 5,Doug Ross,M,10:38:55,11:33:08,10040_10624_62,Indirect Care,11:26:13,11:26:20,0:00:07,0:00:07,7,Relative (Patient),Talking,0,Hospital,10040_10624_63,,0,,,,,,,,,,,,,,,,,0:00:00,FALSE,,0,,,,0:00:07,,,TRUE
23-Jun-22,10040,10624,Season 1 Episode 5,Doug Ross,M,10:38:55,11:33:08,10040_10624_63,Off-Screen,11:26:20,11:28:21,0:02:01,0:02:01,121,0,0,0,Off-Screen,10040_10624_64,,0,,,,,,,,,,,,,,,,,0:00:00,FALSE,,0,,,,0:02:01,,,TRUE
23-Jun-22,10040,10624,Season 1 Episode 5,Doug Ross,M,10:38:55,11:33:08,10040_10624_64,In-transit,11:28:21,11:28:31,0:00:10,0:00:10,10,0,0,0,Community,10040_10624_65,,0,,,,,,,,,,,,,,,,,0:00:00,FALSE,,0,,,,0:00:10,,,TRUE
23-Jun-22,10040,10624,Season 1 Episode 5,Doug Ross,M,10:38:55,11:33:08,10040_10624_65,Social,11:28:31,11:29:15,0:00:44,0:00:44,44,Doctor(s),Talking,0,Community,10040_10624_66,,0,,,,,,,,,,,,,,,,,0:00:00,FALSE,,0,,,,0:00:44,,,TRUE
23-Jun-22,10040,10624,Season 1 Episode 5,Doug Ross,M,10:38:55,11:33:08,10040_10624_66,In-transit,11:29:15,11:29:19,0:00:04,0:00:04,4,0,0,0,Community,10040_10624_67,,0,,,,,,,,,,,,,,,,,0:00:00,FALSE,,0,,,,0:00:04,,,TRUE
23-Jun-22,10040,10624,Season 1 Episode 5,Doug Ross,M,10:38:55,11:33:08,10040_10624_67,Nothing Happening,11:29:19,11:29:27,0:00:08,0:00:08,8,0,0,0,Nothing Happening,10040_10624_68,,0,,,,,,,,,,,,,,,,,0:00:00,FALSE,,0,,,,0:00:08,,,TRUE
23-Jun-22,10040,10624,Season 1 Episode 5,Doug Ross,M,10:38:55,11:33:08,10040_10624_68,Social,11:29:27,11:29:34,0:00:07,0:00:07,7,Doctor(s),Talking,0,Community,10040_10624_69,,0,,,,,,,,,,,,,,,,,0:00:00,FALSE,,0,,,,0:00:07,,,TRUE
23-Jun-22,10040,10624,Season 1 Episode 5,Doug Ross,M,10:38:55,11:33:08,10040_10624_69,Off-Screen,11:29:34,11:29:51,0:00:17,0:00:17,17,0,0,0,Off-Screen,10040_10624_70,,0,,,,,,,,,,,,,,,,,0:00:00,FALSE,,0,,,,0:00:17,,,TRUE
23-Jun-22,10040,10624,Season 1 Episode 5,Doug Ross,M,10:38:55,11:33:08,10040_10624_70,In-transit,11:29:51,11:30:19,0:00:28,0:00:28,28,0,0,0,Community,10040_10624_71,,0,,,,,,,,,,,,,,,,,0:00:00,FALSE,,0,,,,0:00:28,,,TRUE
23-Jun-22,10040,10624,Season 1 Episode 5,Doug Ross,M,10:38:55,11:33:08,10040_10624_71,Off-Screen,11:30:19,11:30:28,0:00:09,0:00:09,9,0,0,0,Off-Screen,10040_10624_72,,0,,,,,,,,,,,,,,,,,0:00:00,FALSE,,0,,,,0:00:09,,,TRUE
23-Jun-22,10040,10624,Season 1 Episode 5,Doug Ross,M,10:38:55,11:33:08,10040_10624_72,In-transit,11:30:28,11:30:34,0:00:06,0:00:06,6,0,0,0,Community,10040_10624_73,,0,,,,,,,,,,,,,,,,,0:00:00,FALSE,,0,,,,0:00:06,,,TRUE
23-Jun-22,10040,10624,Season 1 Episode 5,Doug Ross,M,10:38:55,11:33:08,10040_10624_73,Indirect Care,11:30:34,11:31:03,0:00:29,0:00:29,29,Relative (Patient),Talking,0,Community,10040_10624_74,,0,,,,,,,,,,,,,,,,,0:00:00,FALSE,,0,,,,0:00:29,,,TRUE
23-Jun-22,10040,10624,Season 1 Episode 5,Doug Ross,M,10:38:55,11:33:08,10040_10624_74,In-transit,11:31:03,11:31:08,0:00:05,0:00:05,5,0,0,0,Community,10040_10624_75,,0,,,,,,,,,,,,,,,,,0:00:00,FALSE,,0,,,,0:00:05,,,TRUE
23-Jun-22,10040,10624,Season 1 Episode 5,Doug Ross,M,10:38:55,11:33:08,10040_10624_75,Off-Screen,11:31:08,11:33:08,0:02:00,0:02:00,120,0,0,0,Off-Screen,user,,0,,,,,,,,,,,,,,,,,0:00:00,FALSE,,0,,,,0:02:00,,,TRUE
26-Jun-22,10040,10644,Season 1 Episode 11,Doug Ross,M,16:17:18,17:09:53,10040_10644_1,Off-Screen,16:17:18,16:18:47,0:01:29,0:01:29,89,0,0,0,Off-Screen,10040_10644_2,,0,,,,,,,,,,,,,,,,,0:00:00,FALSE,,0,,,,0:01:29,,,TRUE
26-Jun-22,10040,10644,Season 1 Episode 11,Doug Ross,M,16:17:18,17:09:53,10040_10644_2,Professional Communication,16:18:47,16:18:50,0:00:03,0:00:03,3,Doctor(s),Talking,0,Hospital,10040_10644_3,,0,,,,,,,,,,,,,,,,,0:00:00,FALSE,,0,,,,0:00:03,,,TRUE
26-Jun-22,10040,10644,Season 1 Episode 11,Doug Ross,M,16:17:18,17:09:53,10040_10644_3,Off-Screen,16:18:50,16:19:32,0:00:42,0:00:42,42,0,0,0,Off-Screen,10040_10644_4,,0,,,,,,,,,,,,,,,,,0:00:00,FALSE,,0,,,,0:00:42,,,TRUE
26-Jun-22,10040,10644,Season 1 Episode 11,Doug Ross,M,16:17:18,17:09:53,10040_10644_4,Direct Care,16:19:32,16:19:38,0:00:06,0:00:06,6,Relative (Patient),Talking,0,Hospital,10040_10644_5,,0,,,,,,,,,,,,,,,,,0:00:00,FALSE,,0,,,,0:00:06,,,TRUE
26-Jun-22,10040,10644,Season 1 Episode 11,Doug Ross,M,16:17:18,17:09:53,10040_10644_5,Direct Care,16:19:38,16:20:42,0:01:04,0:01:04,64,Patient,0,0,Hospital,10040_10644_7,10040_10644_6,1,2,10040_10644_6,16:19:59,16:20:23,,,,,,,,,,,,,0:00:24,FALSE,,0,,,,0:01:04,,,TRUE
26-Jun-22,10040,10644,Season 1 Episode 11,Doug Ross,M,16:17:18,17:09:53,10040_10644_6,Direct Care,16:19:59,16:20:23,0:00:24,0:00:24,24,Relative (Patient),Talking,0,Hospital,user,10040_10644_5,1,2,10040_10644_5,16:19:59,16:20:23,,,,,,,,,,,,,0:00:24,FALSE,,0,,,,0:00:24,,,TRUE
26-Jun-22,10040,10644,Season 1 Episode 11,Doug Ross,M,16:17:18,17:09:53,10040_10644_7,Off-Screen,16:20:42,16:24:07,0:03:25,0:03:25,205,0,0,0,Off-Screen,10040_10644_8,,0,,,,,,,,,,,,,,,,,0:00:00,FALSE,,0,,,,0:03:25,,,TRUE
26-Jun-22,10040,10644,Season 1 Episode 11,Doug Ross,M,16:17:18,17:09:53,10040_10644_8,Direct Care,16:24:07,16:24:26,0:00:19,0:00:19,19,Patient,0,0,ICU,10040_10644_10,10040_10644_9,1,2,10040_10644_9,16:24:13,16:24:20,,,,,,,,,,,,,0:00:07,FALSE,,0,,,,0:00:19,,,TRUE
26-Jun-22,10040,10644,Season 1 Episode 11,Doug Ross,M,16:17:18,17:09:53,10040_10644_9,Direct Care,16:24:13,16:24:20,0:00:07,0:00:07,7,Doctor(s),Talking,0,ICU,user,10040_10644_8,1,2,10040_10644_8,16:24:13,16:24:20,,,,,,,,,,,,,0:00:07,FALSE,,0,,,,0:00:07,,,TRUE
26-Jun-22,10040,10644,Season 1 Episode 11,Doug Ross,M,16:17:18,17:09:53,10040_10644_10,Off-Screen,16:24:26,16:25:25,0:00:59,0:00:59,59,0,0,0,Off-Screen,10040_10644_11,,0,,,,,,,,,,,,,,,,,0:00:00,FALSE,,0,,,,0:00:59,,,TRUE
26-Jun-22,10040,10644,Season 1 Episode 11,Doug Ross,M,16:17:18,17:09:53,10040_10644_11,Direct Care,16:25:25,16:25:39,0:00:14,0:00:14,14,Nurse,Talking,0,ICU,10040_10644_13,10040_10644_12,1,2,10040_10644_12,16:25:28,16:25:39,,,,,,,,,,,,,0:00:11,FALSE,,0,,,,0:00:14,,,TRUE
26-Jun-22,10040,10644,Season 1 Episode 11,Doug Ross,M,16:17:18,17:09:53,10040_10644_12,Direct Care,16:25:28,16:25:39,0:00:11,0:00:11,11,Patient,0,0,ICU,user,10040_10644_11,1,2,10040_10644_11,16:25:28,16:25:39,,,,,,,,,,,,,0:00:11,FALSE,,0,,,,0:00:11,,,TRUE
26-Jun-22,10040,10644,Season 1 Episode 11,Doug Ross,M,16:17:18,17:09:53,10040_10644_13,Off-Screen,16:25:39,16:26:40,0:01:01,0:01:01,61,0,0,0,Off-Screen,10040_10644_14,,0,,,,,,,,,,,,,,,,,0:00:00,FALSE,,0,,,,0:01:01,,,TRUE
26-Jun-22,10040,10644,Season 1 Episode 11,Doug Ross,M,16:17:18,17:09:53,10040_10644_14,Direct Care,16:26:40,16:27:19,0:00:39,0:00:39,39,Patient,0,0,ICU,10040_10644_17,"10040_10644_15,10040_10644_16",2,2,10040_10644_15,16:26:51,16:27:00,2,10040_10644_16,16:27:03,16:27:18,,,,,,,,,0:00:24,FALSE,,0,,,,0:00:39,,,TRUE
26-Jun-22,10040,10644,Season 1 Episode 11,Doug Ross,M,16:17:18,17:09:53,10040_10644_15,Direct Care,16:26:51,16:27:00,0:00:09,0:00:09,9,0,Med Chart,0,ICU,user,10040_10644_14,1,2,10040_10644_14,16:26:51,16:27:00,,,,,,,,,,,,,0:00:09,FALSE,,0,,,,0:00:09,,,TRUE
26-Jun-22,10040,10644,Season 1 Episode 11,Doug Ross,M,16:17:18,17:09:53,10040_10644_16,Social,16:27:03,16:27:18,0:00:15,0:00:15,15,Doctor(s),Talking,0,ICU,user,10040_10644_14,1,2,10040_10644_14,16:27:03,16:27:18,,,,,,,,,,,,,0:00:15,FALSE,,0,,,,0:00:15,,,TRUE
26-Jun-22,10040,10644,Season 1 Episode 11,Doug Ross,M,16:17:18,17:09:53,10040_10644_17,Off-Screen,16:27:19,16:30:42,0:03:23,0:03:23,203,0,0,0,Off-Screen,10040_10644_18,,0,,,,,,,,,,,,,,,,,0:00:00,FALSE,,0,,,,0:03:23,,,TRUE
26-Jun-22,10040,10644,Season 1 Episode 11,Doug Ross,M,16:17:18,17:09:53,10040_10644_18,Direct Care,16:30:42,16:31:06,0:00:24,0:00:24,24,Nurse,Talking,0,ICU,10040_10644_19,,0,,,,,,,,,,,,,,,,,0:00:00,FALSE,,0,,,,0:00:24,,,TRUE
26-Jun-22,10040,10644,Season 1 Episode 11,Doug Ross,M,16:17:18,17:09:53,10040_10644_19,Direct Care,16:31:06,16:31:24,0:00:18,0:00:18,18,Patient,Talking,0,ICU,10040_10644_20,,0,,,,,,,,,,,,,,,,,0:00:00,FALSE,,0,,,,0:00:18,,,TRUE
26-Jun-22,10040,10644,Season 1 Episode 11,Doug Ross,M,16:17:18,17:09:53,10040_10644_20,Off-Screen,16:31:24,16:38:31,0:07:07,0:07:07,427,0,0,0,Off-Screen,10040_10644_21,,0,,,,,,,,,,,,,,,,,0:00:00,FALSE,,0,,,,0:07:07,,,TRUE
26-Jun-22,10040,10644,Season 1 Episode 11,Doug Ross,M,16:17:18,17:09:53,10040_10644_21,Direct Care,16:38:31,16:38:50,0:00:19,0:00:19,19,Relative (Patient),Talking,0,ICU,10040_10644_23,10040_10644_22,1,2,10040_10644_22,16:38:38,16:38:48,,,,,,,,,,,,,0:00:10,FALSE,,0,,,,0:00:19,,,TRUE
26-Jun-22,10040,10644,Season 1 Episode 11,Doug Ross,M,16:17:18,17:09:53,10040_10644_22,Direct Care,16:38:38,16:38:48,0:00:10,0:00:10,10,Patient,0,0,ICU,user,10040_10644_21,1,2,10040_10644_21,16:38:38,16:38:48,,,,,,,,,,,,,0:00:10,FALSE,,0,,,,0:00:10,,,TRUE
26-Jun-22,10040,10644,Season 1 Episode 11,Doug Ross,M,16:17:18,17:09:53,10040_10644_23,Professional Communication,16:38:50,16:39:00,0:00:10,0:00:10,10,Nurse,Talking,0,ICU,10040_10644_24,,0,,,,,,,,,,,,,,,,,0:00:00,FALSE,,0,,,,0:00:10,,,TRUE
26-Jun-22,10040,10644,Season 1 Episode 11,Doug Ross,M,16:17:18,17:09:53,10040_10644_24,Professional Communication,16:39:00,16:39:14,0:00:14,0:00:14,14,Doctor(s),Talking,0,ICU,10040_10644_25,,0,,,,,,,,,,,,,,,,,0:00:00,FALSE,,0,,,,0:00:14,,,TRUE
26-Jun-22,10040,10644,Season 1 Episode 11,Doug Ross,M,16:17:18,17:09:53,10040_10644_25,Off-Screen,16:39:14,16:39:58,0:00:44,0:00:44,44,0,0,0,Off-Screen,10040_10644_26,,0,,,,,,,,,,,,,,,,,0:00:00,FALSE,,0,,,,0:00:44,,,TRUE
26-Jun-22,10040,10644,Season 1 Episode 11,Doug Ross,M,16:17:18,17:09:53,10040_10644_26,Direct Care,16:39:58,16:40:44,0:00:46,0:00:46,46,Patient,Talking,0,ICU,10040_10644_28,10040_10644_27,1,2,10040_10644_27,16:40:33,16:40:44,,,,,,,,,,,,,0:00:11,FALSE,,0,,,,0:00:46,,,TRUE
26-Jun-22,10040,10644,Season 1 Episode 11,Doug Ross,M,16:17:18,17:09:53,10040_10644_27,Document,16:40:33,16:40:44,0:00:11,0:00:11,11,0,Med Chart,0,ICU,user,10040_10644_26,1,2,10040_10644_26,16:40:33,16:40:44,,,,,,,,,,,,,0:00:11,FALSE,,0,,,,0:00:11,,,TRUE
26-Jun-22,10040,10644,Season 1 Episode 11,Doug Ross,M,16:17:18,17:09:53,10040_10644_28,Off-Screen,16:40:44,16:44:18,0:03:34,0:03:34,214,0,0,0,Off-Screen,10040_10644_29,,0,,,,,,,,,,,,,,,,,0:00:00,FALSE,,0,,,,0:03:34,,,TRUE
26-Jun-22,10040,10644,Season 1 Episode 11,Doug Ross,M,16:17:18,17:09:53,10040_10644_29,Social,16:44:18,16:44:33,0:00:15,0:00:15,15,Other,Talking,0,Hospital,10040_10644_30,,0,,,,,,,,,,,,,,,,,0:00:00,FALSE,,0,,,,0:00:15,,,TRUE
26-Jun-22,10040,10644,Season 1 Episode 11,Doug Ross,M,16:17:18,17:09:53,10040_10644_30,Social,16:44:33,16:44:44,0:00:11,0:00:11,11,Doctor(s),Talking,0,Hospital,10040_10644_31,,0,,,,,,,,,,,,,,,,,0:00:00,FALSE,,0,,,,0:00:11,,,TRUE
26-Jun-22,10040,10644,Season 1 Episode 11,Doug Ross,M,16:17:18,17:09:53,10040_10644_31,Nothing Happening,16:44:44,16:44:52,0:00:08,0:00:08,8,0,0,0,Nothing Happening,10040_10644_32,,0,,,,,,,,,,,,,,,,,0:00:00,FALSE,,0,,,,0:00:08,,,TRUE
26-Jun-22,10040,10644,Season 1 Episode 11,Doug Ross,M,16:17:18,17:09:53,10040_10644_32,Off-Screen,16:44:52,16:47:02,0:02:10,0:02:10,130,0,0,0,Off-Screen,10040_10644_33,,0,,,,,,,,,,,,,,,,,0:00:00,FALSE,,0,,,,0:02:10,,,TRUE
26-Jun-22,10040,10644,Season 1 Episode 11,Doug Ross,M,16:17:18,17:09:53,10040_10644_33,Social,16:47:02,16:48:04,0:01:02,0:01:02,62,Patient,Talking,0,Hospital,10040_10644_35,10040_10644_34,1,2,10040_10644_34,16:47:05,16:47:47,,,,,,,,,,,,,0:00:42,FALSE,,0,,,,0:01:02,,,TRUE
26-Jun-22,10040,10644,Season 1 Episode 11,Doug Ross,M,16:17:18,17:09:53,10040_10644_34,Document,16:47:05,16:47:47,0:00:42,0:00:42,42,0,Paper,0,Hospital,user,10040_10644_33,1,2,10040_10644_33,16:47:05,16:47:47,,,,,,,,,,,,,0:00:42,FALSE,,0,,,,0:00:42,,,TRUE
26-Jun-22,10040,10644,Season 1 Episode 11,Doug Ross,M,16:17:18,17:09:53,10040_10644_35,Nothing Happening,16:48:04,16:48:07,0:00:03,0:00:03,3,0,0,0,Nothing Happening,10040_10644_36,,0,,,,,,,,,,,,,,,,,0:00:00,FALSE,,0,,,,0:00:03,,,TRUE
26-Jun-22,10040,10644,Season 1 Episode 11,Doug Ross,M,16:17:18,17:09:53,10040_10644_36,Off-Screen,16:48:07,16:51:19,0:03:12,0:03:12,192,0,0,0,Off-Screen,10040_10644_37,,0,,,,,,,,,,,,,,,,,0:00:00,FALSE,,0,,,,0:03:12,,,TRUE
26-Jun-22,10040,10644,Season 1 Episode 11,Doug Ross,M,16:17:18,17:09:53,10040_10644_37,Direct Care,16:51:19,16:51:30,0:00:11,0:00:11,11,Doctor(s),Talking,0,ICU,10040_10644_38,,0,,,,,,,,,,,,,,,,,0:00:00,FALSE,,0,,,,0:00:11,,,TRUE
26-Jun-22,10040,10644,Season 1 Episode 11,Doug Ross,M,16:17:18,17:09:53,10040_10644_38,In-transit,16:51:30,16:51:32,0:00:02,0:00:02,2,0,0,0,ICU,10040_10644_39,,0,,,,,,,,,,,,,,,,,0:00:00,FALSE,,0,,,,0:00:02,,,TRUE
26-Jun-22,10040,10644,Season 1 Episode 11,Doug Ross,M,16:17:18,17:09:53,10040_10644_39,Off-Screen,16:51:32,16:53:09,0:01:37,0:01:37,97,0,0,0,Off-Screen,10040_10644_40,,0,,,,,,,,,,,,,,,,,0:00:00,FALSE,,0,,,,0:01:37,,,TRUE
26-Jun-22,10040,10644,Season 1 Episode 11,Doug Ross,M,16:17:18,17:09:53,10040_10644_40,Social,16:53:09,16:53:37,0:00:28,0:00:28,28,Doctor(s),Talking,0,Hospital,10040_10644_41,,0,,,,,,,,,,,,,,,,,0:00:00,FALSE,,0,,,,0:00:28,,,TRUE
26-Jun-22,10040,10644,Season 1 Episode 11,Doug Ross,M,16:17:18,17:09:53,10040_10644_41,Social,16:53:37,16:53:43,0:00:06,0:00:06,6,Nurse,Talking,0,Hospital,10040_10644_42,,0,,,,,,,,,,,,,,,,,0:00:00,FALSE,,0,,,,0:00:06,,,TRUE
26-Jun-22,10040,10644,Season 1 Episode 11,Doug Ross,M,16:17:18,17:09:53,10040_10644_42,Social,16:53:43,16:54:13,0:00:30,0:00:30,30,Doctor(s),Talking,0,Hospital,10040_10644_43,,0,,,,,,,,,,,,,,,,,0:00:00,FALSE,,0,,,,0:00:30,,,TRUE
26-Jun-22,10040,10644,Season 1 Episode 11,Doug Ross,M,16:17:18,17:09:53,10040_10644_43,Off-Screen,16:54:13,17:00:28,0:06:15,0:06:15,375,0,0,0,Off-Screen,10040_10644_44,,0,,,,,,,,,,,,,,,,,0:00:00,FALSE,,0,,,,0:06:15,,,TRUE
26-Jun-22,10040,10644,Season 1 Episode 11,Doug Ross,M,16:17:18,17:09:53,10040_10644_44,Social,17:00:28,17:00:42,0:00:14,0:00:14,14,Other,Talking,0,Community,10040_10644_45,,0,,,,,,,,,,,,,,,,,0:00:00,FALSE,,0,,,,0:00:14,,,TRUE
26-Jun-22,10040,10644,Season 1 Episode 11,Doug Ross,M,16:17:18,17:09:53,10040_10644_45,In-transit,17:00:42,17:01:16,0:00:34,0:00:34,34,0,0,0,Community,10040_10644_46,,0,,,,,,,,,,,,,,,,,0:00:00,FALSE,,0,,,,0:00:34,,,TRUE
26-Jun-22,10040,10644,Season 1 Episode 11,Doug Ross,M,16:17:18,17:09:53,10040_10644_46,Nothing Happening,17:01:16,17:01:18,0:00:02,0:00:02,2,0,0,0,Nothing Happening,10040_10644_47,,0,,,,,,,,,,,,,,,,,0:00:00,FALSE,,0,,,,0:00:02,,,TRUE
26-Jun-22,10040,10644,Season 1 Episode 11,Doug Ross,M,16:17:18,17:09:53,10040_10644_47,In-transit,17:01:18,17:01:34,0:00:16,0:00:16,16,0,0,0,Community,10040_10644_48,,0,,,,,,,,,,,,,,,,,0:00:00,FALSE,,0,,,,0:00:16,,,TRUE
26-Jun-22,10040,10644,Season 1 Episode 11,Doug Ross,M,16:17:18,17:09:53,10040_10644_48,Off-Screen,17:01:34,17:04:52,0:03:18,0:03:18,198,0,0,0,Off-Screen,10040_10644_49,,0,,,,,,,,,,,,,,,,,0:00:00,FALSE,,0,,,,0:03:18,,,TRUE
26-Jun-22,10040,10644,Season 1 Episode 11,Doug Ross,M,16:17:18,17:09:53,10040_10644_49,In-transit,17:04:52,17:05:14,0:00:22,0:00:22,22,0,0,0,Community,10040_10644_50,,0,,,,,,,,,,,,,,,,,0:00:00,FALSE,,0,,,,0:00:22,,,TRUE
26-Jun-22,10040,10644,Season 1 Episode 11,Doug Ross,M,16:17:18,17:09:53,10040_10644_50,Nothing Happening,17:05:14,17:05:21,0:00:07,0:00:07,7,0,0,0,Nothing Happening,10040_10644_51,,0,,,,,,,,,,,,,,,,,0:00:00,FALSE,,0,,,,0:00:07,,,TRUE
26-Jun-22,10040,10644,Season 1 Episode 11,Doug Ross,M,16:17:18,17:09:53,10040_10644_51,Social,17:05:21,17:06:26,0:01:05,0:01:05,65,Nurse,Talking,0,Community,10040_10644_52,,0,,,,,,,,,,,,,,,,,0:00:00,FALSE,,0,,,,0:01:05,,,TRUE
26-Jun-22,10040,10644,Season 1 Episode 11,Doug Ross,M,16:17:18,17:09:53,10040_10644_52,Nothing Happening,17:06:26,17:06:29,0:00:03,0:00:03,3,0,0,0,Nothing Happening,10040_10644_53,,0,,,,,,,,,,,,,,,,,0:00:00,FALSE,,0,,,,0:00:03,,,TRUE
26-Jun-22,10040,10644,Season 1 Episode 11,Doug Ross,M,16:17:18,17:09:53,10040_10644_53,Off-Screen,17:06:29,17:07:50,0:01:21,0:01:21,81,0,0,0,Off-Screen,10040_10644_54,,0,,,,,,,,,,,,,,,,,0:00:00,FALSE,,0,,,,0:01:21,,,TRUE
26-Jun-22,10040,10644,Season 1 Episode 11,Doug Ross,M,16:17:18,17:09:53,10040_10644_54,Nothing Happening,17:07:50,17:08:05,0:00:15,0:00:15,15,0,0,0,Nothing Happening,10040_10644_55,,0,,,,,,,,,,,,,,,,,0:00:00,FALSE,,0,,,,0:00:15,,,TRUE
26-Jun-22,10040,10644,Season 1 Episode 11,Doug Ross,M,16:17:18,17:09:53,10040_10644_55,Off-Screen,17:08:05,17:09:53,0:01:48,0:01:48,108,0,0,0,Off-Screen,user,,0,,,,,,,,,,,,,,,,,0:00:00,FALSE,,0,,,,0:01:48,,,TRUE
2-Jul-22,10040,10665,Season 1 Episode 17,Doug Ross,M,21:33:34,22:23:40,10040_10665_1,Off-Screen,21:33:34,21:34:24,0:00:50,0:00:50,50,0,0,0,Off-Screen,10040_10665_2,,0,,,,,,,,,,,,,,,,,0:00:00,FALSE,,0,,,,0:00:50,,,TRUE
2-Jul-22,10040,10665,Season 1 Episode 17,Doug Ross,M,21:33:34,22:23:40,10040_10665_2,Nothing Happening,21:34:24,21:34:36,0:00:12,0:00:12,12,0,0,0,Nothing Happening,10040_10665_3,,0,,,,,,,,,,,,,,,,,0:00:00,FALSE,,0,,,,0:00:12,,,TRUE
2-Jul-22,10040,10665,Season 1 Episode 17,Doug Ross,M,21:33:34,22:23:40,10040_10665_3,Social,21:34:36,21:35:38,0:01:02,0:01:02,62,Other,Talking,0,Community,10040_10665_4,,0,,,,,,,,,,,,,,,,,0:00:00,FALSE,,0,,,,0:01:02,,,TRUE
2-Jul-22,10040,10665,Season 1 Episode 17,Doug Ross,M,21:33:34,22:23:40,10040_10665_4,Nothing Happening,21:35:38,21:35:42,0:00:04,0:00:04,4,0,0,0,Nothing Happening,10040_10665_5,,0,,,,,,,,,,,,,,,,,0:00:00,FALSE,,0,,,,0:00:04,,,TRUE
2-Jul-22,10040,10665,Season 1 Episode 17,Doug Ross,M,21:33:34,22:23:40,10040_10665_5,In-transit,21:35:42,21:35:44,0:00:02,0:00:02,2,0,0,0,Community,10040_10665_6,,0,,,,,,,,,,,,,,,,,0:00:00,FALSE,,0,,,,0:00:02,,,TRUE
2-Jul-22,10040,10665,Season 1 Episode 17,Doug Ross,M,21:33:34,22:23:40,10040_10665_6,Off-Screen,21:35:44,21:35:46,0:00:02,0:00:02,2,0,0,0,Off-Screen,10040_10665_7,,0,,,,,,,,,,,,,,,,,0:00:00,FALSE,,0,,,,0:00:02,,,TRUE
2-Jul-22,10040,10665,Season 1 Episode 17,Doug Ross,M,21:33:34,22:23:40,10040_10665_7,In-transit,21:35:46,21:36:13,0:00:27,0:00:27,27,0,0,0,Community,10040_10665_8,,0,,,,,,,,,,,,,,,,,0:00:00,FALSE,,0,,,,0:00:27,,,TRUE
2-Jul-22,10040,10665,Season 1 Episode 17,Doug Ross,M,21:33:34,22:23:40,10040_10665_8,Off-Screen,21:36:13,21:36:18,0:00:05,0:00:05,5,0,0,0,Off-Screen,10040_10665_9,,0,,,,,,,,,,,,,,,,,0:00:00,FALSE,,0,,,,0:00:05,,,TRUE
2-Jul-22,10040,10665,Season 1 Episode 17,Doug Ross,M,21:33:34,22:23:40,10040_10665_9,In-transit,21:36:18,21:36:26,0:00:08,0:00:08,8,0,0,0,Hospital,10040_10665_10,,0,,,,,,,,,,,,,,,,,0:00:00,FALSE,,0,,,,0:00:08,,,TRUE
2-Jul-22,10040,10665,Season 1 Episode 17,Doug Ross,M,21:33:34,22:23:40,10040_10665_10,Professional Communication,21:36:26,21:36:47,0:00:21,0:00:21,21,Other,Talking,0,Hospital,10040_10665_11,,0,,,,,,,,,,,,,,,,,0:00:00,FALSE,,0,,,,0:00:21,,,TRUE
2-Jul-22,10040,10665,Season 1 Episode 17,Doug Ross,M,21:33:34,22:23:40,10040_10665_11,In-transit,21:36:47,21:36:51,0:00:04,0:00:04,4,0,0,0,Hospital,10040_10665_12,,0,,,,,,,,,,,,,,,,,0:00:00,FALSE,,0,,,,0:00:04,,,TRUE
2-Jul-22,10040,10665,Season 1 Episode 17,Doug Ross,M,21:33:34,22:23:40,10040_10665_12,Nothing Happening,21:36:51,21:37:00,0:00:09,0:00:09,9,0,0,0,Nothing Happening,10040_10665_13,,0,,,,,,,,,,,,,,,,,0:00:00,FALSE,,0,,,,0:00:09,,,TRUE
2-Jul-22,10040,10665,Season 1 Episode 17,Doug Ross,M,21:33:34,22:23:40,10040_10665_13,Professional Communication,21:37:00,21:37:33,0:00:33,0:00:33,33,Nurse,Talking,0,Hospital,10040_10665_14,,0,,,,,,,,,,,,,,,,,0:00:00,FALSE,,0,,,,0:00:33,,,TRUE
2-Jul-22,10040,10665,Season 1 Episode 17,Doug Ross,M,21:33:34,22:23:40,10040_10665_14,Off-Screen,21:37:33,21:37:35,0:00:02,0:00:02,2,0,0,0,Off-Screen,10040_10665_15,,0,,,,,,,,,,,,,,,,,0:00:00,FALSE,,0,,,,0:00:02,,,TRUE
2-Jul-22,10040,10665,Season 1 Episode 17,Doug Ross,M,21:33:34,22:23:40,10040_10665_15,Professional Communication,21:37:35,21:37:39,0:00:04,0:00:04,4,Nurse,Talking,0,Hospital,10040_10665_16,,0,,,,,,,,,,,,,,,,,0:00:00,FALSE,,0,,,,0:00:04,,,TRUE
2-Jul-22,10040,10665,Season 1 Episode 17,Doug Ross,M,21:33:34,22:23:40,10040_10665_16,In-transit,21:37:39,21:37:47,0:00:08,0:00:08,8,0,0,0,Hospital,10040_10665_17,,0,,,,,,,,,,,,,,,,,0:00:00,FALSE,,0,,,,0:00:08,,,TRUE
2-Jul-22,10040,10665,Season 1 Episode 17,Doug Ross,M,21:33:34,22:23:40,10040_10665_17,Nothing Happening,21:37:47,21:38:11,0:00:24,0:00:24,24,0,0,0,Nothing Happening,10040_10665_18,,0,,,,,,,,,,,,,,,,,0:00:00,FALSE,,0,,,,0:00:24,,,TRUE
2-Jul-22,10040,10665,Season 1 Episode 17,Doug Ross,M,21:33:34,22:23:40,10040_10665_18,Off-Screen,21:38:11,21:44:02,0:05:51,0:05:51,351,0,0,0,Off-Screen,10040_10665_19,,0,,,,,,,,,,,,,,,,,0:00:00,FALSE,,0,,,,0:05:51,,,TRUE
2-Jul-22,10040,10665,Season 1 Episode 17,Doug Ross,M,21:33:34,22:23:40,10040_10665_19,Direct Care,21:44:02,21:45:08,0:01:06,0:01:06,66,Relative (Patient),Talking,0,Hospital,10040_10665_21,10040_10665_20,1,2,10040_10665_20,21:44:07,21:45:07,,,,,,,,,,,,,0:01:00,FALSE,,0,,,,0:01:06,,,TRUE
2-Jul-22,10040,10665,Season 1 Episode 17,Doug Ross,M,21:33:34,22:23:40,10040_10665_20,Direct Care,21:44:07,21:45:07,0:01:00,0:01:00,60,Patient,0,0,Hospital,user,10040_10665_19,1,2,10040_10665_19,21:44:07,21:45:07,,,,,,,,,,,,,0:01:00,FALSE,,0,,,,0:01:00,,,TRUE
2-Jul-22,10040,10665,Season 1 Episode 17,Doug Ross,M,21:33:34,22:23:40,10040_10665_21,Off-Screen,21:45:08,21:48:10,0:03:02,0:03:02,182,0,0,0,Off-Screen,10040_10665_22,,0,,,,,,,,,,,,,,,,,0:00:00,FALSE,,0,,,,0:03:02,,,TRUE
2-Jul-22,10040,10665,Season 1 Episode 17,Doug Ross,M,21:33:34,22:23:40,10040_10665_22,In-transit,21:48:10,21:48:19,0:00:09,0:00:09,9,0,0,0,Hospital,10040_10665_23,,0,,,,,,,,,,,,,,,,,0:00:00,FALSE,,0,,,,0:00:09,,,TRUE
2-Jul-22,10040,10665,Season 1 Episode 17,Doug Ross,M,21:33:34,22:23:40,10040_10665_23,Nothing Happening,21:48:19,21:48:24,0:00:05,0:00:05,5,0,0,0,Nothing Happening,10040_10665_24,,0,,,,,,,,,,,,,,,,,0:00:00,FALSE,,0,,,,0:00:05,,,TRUE
2-Jul-22,10040,10665,Season 1 Episode 17,Doug Ross,M,21:33:34,22:23:40,10040_10665_24,In-transit,21:48:24,21:48:25,0:00:01,0:00:01,1,0,0,0,Hospital,10040_10665_25,,0,,,,,,,,,,,,,,,,,0:00:00,FALSE,,0,,,,0:00:01,,,TRUE
2-Jul-22,10040,10665,Season 1 Episode 17,Doug Ross,M,21:33:34,22:23:40,10040_10665_25,Off-Screen,21:48:25,21:51:05,0:02:40,0:02:40,160,0,0,0,Off-Screen,10040_10665_26,,0,,,,,,,,,,,,,,,,,0:00:00,FALSE,,0,,,,0:02:40,,,TRUE
2-Jul-22,10040,10665,Season 1 Episode 17,Doug Ross,M,21:33:34,22:23:40,10040_10665_26,Direct Care,21:51:05,21:51:37,0:00:32,0:00:32,32,Patient,0,0,ICU,10040_10665_28,10040_10665_27,1,2,10040_10665_27,21:51:09,21:51:36,,,,,,,,,,,,,0:00:27,FALSE,,0,,,,0:00:32,,,TRUE
2-Jul-22,10040,10665,Season 1 Episode 17,Doug Ross,M,21:33:34,22:23:40,10040_10665_27,Direct Care,21:51:09,21:51:36,0:00:27,0:00:27,27,Doctor(s),Talking,0,ICU,user,10040_10665_26,1,2,10040_10665_26,21:51:09,21:51:36,,,,,,,,,,,,,0:00:27,FALSE,,0,,,,0:00:27,,,TRUE
2-Jul-22,10040,10665,Season 1 Episode 17,Doug Ross,M,21:33:34,22:23:40,10040_10665_28,Direct Care,21:51:37,21:52:02,0:00:25,0:00:25,25,Patient,Talking,0,ICU,10040_10665_30,10040_10665_29,1,2,10040_10665_29,21:51:43,21:52:02,,,,,,,,,,,,,0:00:19,FALSE,,0,,,,0:00:25,,,TRUE
2-Jul-22,10040,10665,Season 1 Episode 17,Doug Ross,M,21:33:34,22:23:40,10040_10665_29,Direct Care,21:51:43,21:52:02,0:00:19,0:00:19,19,Doctor(s),Talking,0,ICU,user,10040_10665_28,1,2,10040_10665_28,21:51:43,21:52:02,,,,,,,,,,,,,0:00:19,FALSE,,0,,,,0:00:19,,,TRUE
2-Jul-22,10040,10665,Season 1 Episode 17,Doug Ross,M,21:33:34,22:23:40,10040_10665_30,Off-Screen,21:52:02,21:53:40,0:01:38,0:01:38,98,0,0,0,Off-Screen,10040_10665_31,,0,,,,,,,,,,,,,,,,,0:00:00,FALSE,,0,,,,0:01:38,,,TRUE
2-Jul-22,10040,10665,Season 1 Episode 17,Doug Ross,M,21:33:34,22:23:40,10040_10665_31,Direct Care,21:53:40,21:54:10,0:00:30,0:00:30,30,Doctor(s),Talking,0,ICU,10040_10665_33,10040_10665_32,1,2,10040_10665_32,21:53:50,21:54:09,,,,,,,,,,,,,0:00:19,FALSE,,0,,,,0:00:30,,,TRUE
2-Jul-22,10040,10665,Season 1 Episode 17,Doug Ross,M,21:33:34,22:23:40,10040_10665_32,Direct Care,21:53:50,21:54:09,0:00:19,0:00:19,19,Patient,0,0,ICU,user,10040_10665_31,1,2,10040_10665_31,21:53:50,21:54:09,,,,,,,,,,,,,0:00:19,FALSE,,0,,,,0:00:19,,,TRUE
2-Jul-22,10040,10665,Season 1 Episode 17,Doug Ross,M,21:33:34,22:23:40,10040_10665_33,Off-Screen,21:54:10,21:56:37,0:02:27,0:02:27,147,0,0,0,Off-Screen,10040_10665_34,,0,,,,,,,,,,,,,,,,,0:00:00,FALSE,,0,,,,0:02:27,,,TRUE
2-Jul-22,10040,10665,Season 1 Episode 17,Doug Ross,M,21:33:34,22:23:40,10040_10665_34,Direct Care,21:56:37,21:57:36,0:00:59,0:00:59,59,Relative (Patient),Talking,0,Hospital,10040_10665_35,,0,,,,,,,,,,,,,,,,,0:00:00,FALSE,,0,,,,0:00:59,,,TRUE
2-Jul-22,10040,10665,Season 1 Episode 17,Doug Ross,M,21:33:34,22:23:40,10040_10665_35,Nothing Happening,21:57:36,21:57:44,0:00:08,0:00:08,8,0,0,0,Nothing Happening,10040_10665_36,,0,,,,,,,,,,,,,,,,,0:00:00,FALSE,,0,,,,0:00:08,,,TRUE
2-Jul-22,10040,10665,Season 1 Episode 17,Doug Ross,M,21:33:34,22:23:40,10040_10665_36,Direct Care,21:57:44,21:58:06,0:00:22,0:00:22,22,Relative (Patient),Talking,0,Hospital,10040_10665_37,,0,,,,,,,,,,,,,,,,,0:00:00,FALSE,,0,,,,0:00:22,,,TRUE
2-Jul-22,10040,10665,Season 1 Episode 17,Doug Ross,M,21:33:34,22:23:40,10040_10665_37,Off-Screen,21:58:06,22:02:28,0:04:22,0:04:22,262,0,0,0,Off-Screen,10040_10665_38,,0,,,,,,,,,,,,,,,,,0:00:00,FALSE,,0,,,,0:04:22,,,TRUE
2-Jul-22,10040,10665,Season 1 Episode 17,Doug Ross,M,21:33:34,22:23:40,10040_10665_38,Professional Communication,22:02:28,22:02:33,0:00:05,0:00:05,5,Nurse,Talking,0,Hospital,10040_10665_39,,0,,,,,,,,,,,,,,,,,0:00:00,FALSE,,0,,,,0:00:05,,,TRUE
2-Jul-22,10040,10665,Season 1 Episode 17,Doug Ross,M,21:33:34,22:23:40,10040_10665_39,In-transit,22:02:33,22:02:40,0:00:07,0:00:07,7,0,0,0,Hospital,10040_10665_40,,0,,,,,,,,,,,,,,,,,0:00:00,FALSE,,0,,,,0:00:07,,,TRUE
2-Jul-22,10040,10665,Season 1 Episode 17,Doug Ross,M,21:33:34,22:23:40,10040_10665_40,Professional Communication,22:02:40,22:02:46,0:00:06,0:00:06,6,Other,Talking,0,ICU,10040_10665_41,,0,,,,,,,,,,,,,,,,,0:00:00,FALSE,,0,,,,0:00:06,,,TRUE
2-Jul-22,10040,10665,Season 1 Episode 17,Doug Ross,M,21:33:34,22:23:40,10040_10665_41,Direct Care,22:02:46,22:02:55,0:00:09,0:00:09,9,Nurse,Talking,0,ICU,user,10040_10665_42,1,2,10040_10665_42,22:02:49,22:02:55,,,,,,,,,,,,,0:00:06,FALSE,,0,,,,0:00:09,,,TRUE
2-Jul-22,10040,10665,Season 1 Episode 17,Doug Ross,M,21:33:34,22:23:40,10040_10665_42,Direct Care,22:02:49,22:03:12,0:00:23,0:00:23,23,Patient,0,0,ICU,user,"10040_10665_41,10040_10665_43",2,2,10040_10665_41,22:02:49,22:02:55,2,10040_10665_43,22:02:56,22:03:12,,,,,,,,,0:00:22,FALSE,,0,,,,0:00:23,,,TRUE
2-Jul-22,10040,10665,Season 1 Episode 17,Doug Ross,M,21:33:34,22:23:40,10040_10665_43,Direct Care,22:02:56,22:03:15,0:00:19,0:00:19,19,Relative (Patient),Talking,0,ICU,10040_10665_44,10040_10665_42,1,2,10040_10665_42,22:02:56,22:03:12,,,,,,,,,,,,,0:00:16,FALSE,,0,,,,0:00:19,,,TRUE
2-Jul-22,10040,10665,Season 1 Episode 17,Doug Ross,M,21:33:34,22:23:40,10040_10665_44,Direct Care,22:03:15,22:03:27,0:00:12,0:00:12,12,Patient,0,0,ICU,10040_10665_46,10040_10665_45,1,2,10040_10665_45,22:03:18,22:03:27,,,,,,,,,,,,,0:00:09,FALSE,,0,,,,0:00:12,,,TRUE
2-Jul-22,10040,10665,Season 1 Episode 17,Doug Ross,M,21:33:34,22:23:40,10040_10665_45,Direct Care,22:03:18,22:03:27,0:00:09,0:00:09,9,Nurse,Talking,0,ICU,user,10040_10665_44,1,2,10040_10665_44,22:03:18,22:03:27,,,,,,,,,,,,,0:00:09,FALSE,,0,,,,0:00:09,,,TRUE
2-Jul-22,10040,10665,Season 1 Episode 17,Doug Ross,M,21:33:34,22:23:40,10040_10665_46,Off-Screen,22:03:27,22:09:00,0:05:33,0:05:33,333,0,0,0,Off-Screen,10040_10665_47,,0,,,,,,,,,,,,,,,,,0:00:00,FALSE,,0,,,,0:05:33,,,TRUE
2-Jul-22,10040,10665,Season 1 Episode 17,Doug Ross,M,21:33:34,22:23:40,10040_10665_47,Direct Care,22:09:00,22:10:18,0:01:18,0:01:18,78,Relative (Patient),Talking,0,Hospital,10040_10665_49,10040_10665_48,1,2,10040_10665_48,22:09:03,22:09:32,,,,,,,,,,,,,0:00:29,FALSE,,0,,,,0:01:18,,,TRUE
2-Jul-22,10040,10665,Season 1 Episode 17,Doug Ross,M,21:33:34,22:23:40,10040_10665_48,Direct Care,22:09:03,22:09:32,0:00:29,0:00:29,29,Patient,Talking,0,Hospital,user,10040_10665_47,1,2,10040_10665_47,22:09:03,22:09:32,,,,,,,,,,,,,0:00:29,FALSE,,0,,,,0:00:29,,,TRUE
2-Jul-22,10040,10665,Season 1 Episode 17,Doug Ross,M,21:33:34,22:23:40,10040_10665_49,In-transit,22:10:18,22:10:20,0:00:02,0:00:02,2,0,0,0,Hospital,10040_10665_50,,0,,,,,,,,,,,,,,,,,0:00:00,FALSE,,0,,,,0:00:02,,,TRUE
2-Jul-22,10040,10665,Season 1 Episode 17,Doug Ross,M,21:33:34,22:23:40,10040_10665_50,Off-Screen,22:10:20,22:10:23,0:00:03,0:00:03,3,0,0,0,Off-Screen,10040_10665_51,,0,,,,,,,,,,,,,,,,,0:00:00,FALSE,,0,,,,0:00:03,,,TRUE
2-Jul-22,10040,10665,Season 1 Episode 17,Doug Ross,M,21:33:34,22:23:40,10040_10665_51,Professional Communication,22:10:23,22:10:33,0:00:10,0:00:10,10,Nurse,Talking,0,Hospital,10040_10665_52,,0,,,,,,,,,,,,,,,,,0:00:00,FALSE,,0,,,,0:00:10,,,TRUE
2-Jul-22,10040,10665,Season 1 Episode 17,Doug Ross,M,21:33:34,22:23:40,10040_10665_52,Direct Care,22:10:33,22:10:46,0:00:13,0:00:13,13,Nurse,Talking,0,Hospital,10040_10665_54,10040_10665_53,1,2,10040_10665_53,22:10:37,22:10:40,,,,,,,,,,,,,0:00:03,FALSE,,0,,,,0:00:13,,,TRUE
2-Jul-22,10040,10665,Season 1 Episode 17,Doug Ross,M,21:33:34,22:23:40,10040_10665_53,In-transit,22:10:37,22:10:40,0:00:03,0:00:03,3,0,0,0,Hospital,user,10040_10665_52,1,2,10040_10665_52,22:10:37,22:10:40,,,,,,,,,,,,,0:00:03,FALSE,,0,,,,0:00:03,,,TRUE
2-Jul-22,10040,10665,Season 1 Episode 17,Doug Ross,M,21:33:34,22:23:40,10040_10665_54,Off-Screen,22:10:46,22:10:53,0:00:07,0:00:07,7,0,0,0,Off-Screen,10040_10665_55,,0,,,,,,,,,,,,,,,,,0:00:00,FALSE,,0,,,,0:00:07,,,TRUE
2-Jul-22,10040,10665,Season 1 Episode 17,Doug Ross,M,21:33:34,22:23:40,10040_10665_55,In-transit,22:10:53,22:11:01,0:00:08,0:00:08,8,0,0,0,Hospital,10040_10665_56,,0,,,,,,,,,,,,,,,,,0:00:00,FALSE,,0,,,,0:00:08,,,TRUE
2-Jul-22,10040,10665,Season 1 Episode 17,Doug Ross,M,21:33:34,22:23:40,10040_10665_56,Direct Care,22:11:01,22:11:21,0:00:20,0:00:20,20,Relative (Patient),Talking,0,Hospital,10040_10665_57,,0,,,,,,,,,,,,,,,,,0:00:00,FALSE,,0,,,,0:00:20,,,TRUE
2-Jul-22,10040,10665,Season 1 Episode 17,Doug Ross,M,21:33:34,22:23:40,10040_10665_57,Nothing Happening,22:11:21,22:11:33,0:00:12,0:00:12,12,0,0,0,Nothing Happening,10040_10665_58,,0,,,,,,,,,,,,,,,,,0:00:00,FALSE,,0,,,,0:00:12,,,TRUE
2-Jul-22,10040,10665,Season 1 Episode 17,Doug Ross,M,21:33:34,22:23:40,10040_10665_58,Off-Screen,22:11:33,22:12:33,0:01:00,0:01:00,60,0,0,0,Off-Screen,10040_10665_59,,0,,,,,,,,,,,,,,,,,0:00:00,FALSE,,0,,,,0:01:00,,,TRUE
2-Jul-22,10040,10665,Season 1 Episode 17,Doug Ross,M,21:33:34,22:23:40,10040_10665_59,Nothing Happening,22:12:33,22:12:39,0:00:06,0:00:06,6,0,0,0,Nothing Happening,10040_10665_60,,0,,,,,,,,,,,,,,,,,0:00:00,FALSE,,0,,,,0:00:06,,,TRUE
2-Jul-22,10040,10665,Season 1 Episode 17,Doug Ross,M,21:33:34,22:23:40,10040_10665_60,Professional Communication,22:12:39,22:13:27,0:00:48,0:00:48,48,Doctor(s),Talking,0,Community,10040_10665_61,,0,,,,,,,,,,,,,,,,,0:00:00,FALSE,,0,,,,0:00:48,,,TRUE
2-Jul-22,10040,10665,Season 1 Episode 17,Doug Ross,M,21:33:34,22:23:40,10040_10665_61,Social,22:13:27,22:13:45,0:00:18,0:00:18,18,Doctor(s),Talking,0,Community,10040_10665_62,,0,,,,,,,,,,,,,,,,,0:00:00,FALSE,,0,,,,0:00:18,,,TRUE
2-Jul-22,10040,10665,Season 1 Episode 17,Doug Ross,M,21:33:34,22:23:40,10040_10665_62,Nothing Happening,22:13:45,22:13:54,0:00:09,0:00:09,9,0,0,0,Nothing Happening,10040_10665_63,,0,,,,,,,,,,,,,,,,,0:00:00,FALSE,,0,,,,0:00:09,,,TRUE
2-Jul-22,10040,10665,Season 1 Episode 17,Doug Ross,M,21:33:34,22:23:40,10040_10665_63,Off-Screen,22:13:54,22:15:20,0:01:26,0:01:26,86,0,0,0,Off-Screen,10040_10665_64,,0,,,,,,,,,,,,,,,,,0:00:00,FALSE,,0,,,,0:01:26,,,TRUE
2-Jul-22,10040,10665,Season 1 Episode 17,Doug Ross,M,21:33:34,22:23:40,10040_10665_64,In-transit,22:15:20,22:15:27,0:00:07,0:00:07,7,0,0,0,Hospital,10040_10665_65,,0,,,,,,,,,,,,,,,,,0:00:00,FALSE,,0,,,,0:00:07,,,TRUE
2-Jul-22,10040,10665,Season 1 Episode 17,Doug Ross,M,21:33:34,22:23:40,10040_10665_65,Social,22:15:27,22:16:00,0:00:33,0:00:33,33,Other,Talking,0,Hospital,10040_10665_66,,0,,,,,,,,,,,,,,,,,0:00:00,FALSE,,0,,,,0:00:33,,,TRUE
2-Jul-22,10040,10665,Season 1 Episode 17,Doug Ross,M,21:33:34,22:23:40,10040_10665_66,Nothing Happening,22:16:00,22:16:03,0:00:03,0:00:03,3,0,0,0,Nothing Happening,10040_10665_67,,0,,,,,,,,,,,,,,,,,0:00:00,FALSE,,0,,,,0:00:03,,,TRUE
2-Jul-22,10040,10665,Season 1 Episode 17,Doug Ross,M,21:33:34,22:23:40,10040_10665_67,Off-Screen,22:16:03,22:23:40,0:07:37,0:07:37,457,0,0,0,Off-Screen,user,,0,,,,,,,,,,,,,,,,,0:00:00,FALSE,,0,,,,0:07:37,,,TRUE
22-Jun-22,10040,10622,Season 1 Episode 4,Doug Ross ,M,22:32:33,23:25:39,10040_10622_1,Off-Screen,22:32:33,22:33:25,0:00:52,0:00:52,52,0,0,0,Off-Screen,10040_10622_2,,0,,,,,,,,,,,,,,,,,0:00:00,FALSE,,0,,,,0:00:52,,,TRUE
22-Jun-22,10040,10622,Season 1 Episode 4,Doug Ross ,M,22:32:33,23:25:39,10040_10622_2,Social,22:33:25,22:33:56,0:00:31,0:00:31,31,Doctor(s),Talking,0,Hospital,10040_10622_4,10040_10622_3,1,2,10040_10622_3,22:33:28,22:33:55,,,,,,,,,,,,,0:00:27,FALSE,,0,,,,0:00:31,,,TRUE
22-Jun-22,10040,10622,Season 1 Episode 4,Doug Ross ,M,22:32:33,23:25:39,10040_10622_3,In-transit,22:33:28,22:33:55,0:00:27,0:00:27,27,0,0,0,Hospital,user,10040_10622_2,1,2,10040_10622_2,22:33:28,22:33:55,,,,,,,,,,,,,0:00:27,FALSE,,0,,,,0:00:27,,,TRUE
22-Jun-22,10040,10622,Season 1 Episode 4,Doug Ross ,M,22:32:33,23:25:39,10040_10622_4,In-transit,22:33:56,22:33:59,0:00:03,0:00:03,3,0,0,0,Hospital,10040_10622_5,,0,,,,,,,,,,,,,,,,,0:00:00,FALSE,,0,,,,0:00:03,,,TRUE
22-Jun-22,10040,10622,Season 1 Episode 4,Doug Ross ,M,22:32:33,23:25:39,10040_10622_5,Off-Screen,22:33:59,22:34:30,0:00:31,0:00:31,31,0,0,0,Off-Screen,10040_10622_6,,0,,,,,,,,,,,,,,,,,0:00:00,FALSE,,0,,,,0:00:31,,,TRUE
22-Jun-22,10040,10622,Season 1 Episode 4,Doug Ross ,M,22:32:33,23:25:39,10040_10622_6,Direct Care,22:34:30,22:34:33,0:00:03,0:00:03,3,Patient,Talking,0,Hospital,10040_10622_7,,0,,,,,,,,,,,,,,,,,0:00:00,FALSE,,0,,,,0:00:03,,,TRUE
22-Jun-22,10040,10622,Season 1 Episode 4,Doug Ross ,M,22:32:33,23:25:39,10040_10622_7,Direct Care,22:34:33,22:35:52,0:01:19,0:01:19,79,Relative (Patient),Talking,0,Hospital,10040_10622_8,,0,,,,,,,,,,,,,,,,,0:00:00,FALSE,,0,,,,0:01:19,,,TRUE
22-Jun-22,10040,10622,Season 1 Episode 4,Doug Ross ,M,22:32:33,23:25:39,10040_10622_8,Direct Care,22:35:52,22:36:01,0:00:09,0:00:09,9,Nurse,Talking,0,Hospital,10040_10622_9,,0,,,,,,,,,,,,,,,,,0:00:00,FALSE,,0,,,,0:00:09,,,TRUE
22-Jun-22,10040,10622,Season 1 Episode 4,Doug Ross ,M,22:32:33,23:25:39,10040_10622_9,Direct Care,22:36:01,22:36:22,0:00:21,0:00:21,21,Patient,Talking,0,Hospital,10040_10622_10,,0,,,,,,,,,,,,,,,,,0:00:00,FALSE,,0,,,,0:00:21,,,TRUE
22-Jun-22,10040,10622,Season 1 Episode 4,Doug Ross ,M,22:32:33,23:25:39,10040_10622_10,Off-Screen,22:36:22,22:39:46,0:03:24,0:03:24,204,0,0,0,Off-Screen,10040_10622_11,,0,,,,,,,,,,,,,,,,,0:00:00,FALSE,,0,,,,0:03:24,,,TRUE
22-Jun-22,10040,10622,Season 1 Episode 4,Doug Ross ,M,22:32:33,23:25:39,10040_10622_11,Professional Communication,22:39:46,22:40:28,0:00:42,0:00:42,42,Doctor(s),Talking,0,Hospital,10040_10622_12,,0,,,,,,,,,,,,,,,,,0:00:00,FALSE,,0,,,,0:00:42,,,TRUE
22-Jun-22,10040,10622,Season 1 Episode 4,Doug Ross ,M,22:32:33,23:25:39,10040_10622_12,Off-Screen,22:40:28,22:42:56,0:02:28,0:02:28,148,0,0,0,Off-Screen,10040_10622_13,,0,,,,,,,,,,,,,,,,,0:00:00,FALSE,,0,,,,0:02:28,,,TRUE
22-Jun-22,10040,10622,Season 1 Episode 4,Doug Ross ,M,22:32:33,23:25:39,10040_10622_13,Direct Care,22:42:56,22:43:16,0:00:20,0:00:20,20,Doctor(s),Talking,0,Hospital,10040_10622_14,,0,,,,,,,,,,,,,,,,,0:00:00,FALSE,,0,,,,0:00:20,,,TRUE
22-Jun-22,10040,10622,Season 1 Episode 4,Doug Ross ,M,22:32:33,23:25:39,10040_10622_14,Indirect Care,22:43:16,22:43:24,0:00:08,0:00:08,8,Doctor(s),Talking,0,Hospital,10040_10622_15,,0,,,,,,,,,,,,,,,,,0:00:00,FALSE,,0,,,,0:00:08,,,TRUE
22-Jun-22,10040,10622,Season 1 Episode 4,Doug Ross ,M,22:32:33,23:25:39,10040_10622_15,Off-Screen,22:43:24,22:47:58,0:04:34,0:04:34,274,0,0,0,Off-Screen,10040_10622_16,,0,,,,,,,,,,,,,,,,,0:00:00,FALSE,,0,,,,0:04:34,,,TRUE
22-Jun-22,10040,10622,Season 1 Episode 4,Doug Ross ,M,22:32:33,23:25:39,10040_10622_16,Professional Communication,22:47:58,22:48:04,0:00:06,0:00:06,6,0,Landline,0,Hospital,10040_10622_17,,0,,,,,,,,,,,,,,,,,0:00:00,FALSE,,0,,,,0:00:06,,,TRUE
22-Jun-22,10040,10622,Season 1 Episode 4,Doug Ross ,M,22:32:33,23:25:39,10040_10622_17,In-transit,22:48:04,22:48:21,0:00:17,0:00:17,17,0,0,0,Hospital,user,10040_10622_18,1,2,10040_10622_18,22:48:07,22:48:21,,,,,,,,,,,,,0:00:14,FALSE,,0,,,,0:00:17,,,TRUE
22-Jun-22,10040,10622,Season 1 Episode 4,Doug Ross ,M,22:32:33,23:25:39,10040_10622_18,Direct Care,22:48:07,22:48:47,0:00:40,0:00:40,40,Patient,Talking,0,Hospital,10040_10622_19,10040_10622_17,1,2,10040_10622_17,22:48:07,22:48:21,,,,,,,,,,,,,0:00:14,FALSE,,0,,,,0:00:40,,,TRUE
22-Jun-22,10040,10622,Season 1 Episode 4,Doug Ross ,M,22:32:33,23:25:39,10040_10622_19,In-transit,22:48:47,22:48:57,0:00:10,0:00:10,10,0,0,0,Hospital,10040_10622_20,,0,,,,,,,,,,,,,,,,,0:00:00,FALSE,,0,,,,0:00:10,,,TRUE
22-Jun-22,10040,10622,Season 1 Episode 4,Doug Ross ,M,22:32:33,23:25:39,10040_10622_20,Professional Communication,22:48:57,22:49:03,0:00:06,0:00:06,6,Doctor(s),Talking,0,Hospital,10040_10622_21,,0,,,,,,,,,,,,,,,,,0:00:00,FALSE,,0,,,,0:00:06,,,TRUE
22-Jun-22,10040,10622,Season 1 Episode 4,Doug Ross ,M,22:32:33,23:25:39,10040_10622_21,Off-Screen,22:49:03,22:51:36,0:02:33,0:02:33,153,0,0,0,Off-Screen,10040_10622_22,,0,,,,,,,,,,,,,,,,,0:00:00,FALSE,,0,,,,0:02:33,,,TRUE
22-Jun-22,10040,10622,Season 1 Episode 4,Doug Ross ,M,22:32:33,23:25:39,10040_10622_22,Professional Communication,22:51:36,22:52:06,0:00:30,0:00:30,30,Doctor(s),Talking,0,Hospital,10040_10622_23,,0,,,,,,,,,,,,,,,,,0:00:00,FALSE,,0,,,,0:00:30,,,TRUE
22-Jun-22,10040,10622,Season 1 Episode 4,Doug Ross ,M,22:32:33,23:25:39,10040_10622_23,Off-Screen,22:52:06,23:01:22,0:09:16,0:09:16,556,0,0,0,Off-Screen,10040_10622_24,,0,,,,,,,,,,,,,,,,,0:00:00,FALSE,,0,,,,0:09:16,,,TRUE
22-Jun-22,10040,10622,Season 1 Episode 4,Doug Ross ,M,22:32:33,23:25:39,10040_10622_24,Social,23:01:22,23:02:06,0:00:44,0:00:44,44,Doctor(s),Talking,0,Hospital,10040_10622_26,10040_10622_25,1,2,10040_10622_25,23:01:50,23:02:03,,,,,,,,,,,,,0:00:13,FALSE,,0,,,,0:00:44,,,TRUE
22-Jun-22,10040,10622,Season 1 Episode 4,Doug Ross ,M,22:32:33,23:25:39,10040_10622_25,In-transit,23:01:50,23:02:03,0:00:13,0:00:13,13,0,0,0,Hospital,user,10040_10622_24,1,2,10040_10622_24,23:01:50,23:02:03,,,,,,,,,,,,,0:00:13,FALSE,,0,,,,0:00:13,,,TRUE
22-Jun-22,10040,10622,Season 1 Episode 4,Doug Ross ,M,22:32:33,23:25:39,10040_10622_26,Off-Screen,23:02:06,23:06:07,0:04:01,0:04:01,241,0,0,0,Off-Screen,10040_10622_27,,0,,,,,,,,,,,,,,,,,0:00:00,FALSE,,0,,,,0:04:01,,,TRUE
22-Jun-22,10040,10622,Season 1 Episode 4,Doug Ross ,M,22:32:33,23:25:39,10040_10622_27,Professional Communication,23:06:07,23:06:31,0:00:24,0:00:24,24,Nurse,Talking,0,Hospital,10040_10622_28,,0,,,,,,,,,,,,,,,,,0:00:00,FALSE,,0,,,,0:00:24,,,TRUE
22-Jun-22,10040,10622,Season 1 Episode 4,Doug Ross ,M,22:32:33,23:25:39,10040_10622_28,Social,23:06:31,23:07:02,0:00:31,0:00:31,31,Nurse,Talking,0,Hospital,10040_10622_30,10040_10622_29,1,2,10040_10622_29,23:06:34,23:06:38,,,,,,,,,,,,,0:00:04,FALSE,,0,,,,0:00:31,,,TRUE
22-Jun-22,10040,10622,Season 1 Episode 4,Doug Ross ,M,22:32:33,23:25:39,10040_10622_29,In-transit,23:06:34,23:06:38,0:00:04,0:00:04,4,0,0,0,Hospital,user,10040_10622_28,1,2,10040_10622_28,23:06:34,23:06:38,,,,,,,,,,,,,0:00:04,FALSE,,0,,,,0:00:04,,,TRUE
22-Jun-22,10040,10622,Season 1 Episode 4,Doug Ross ,M,22:32:33,23:25:39,10040_10622_30,Off-Screen,23:07:02,23:17:10,0:10:08,0:10:08,608,0,0,0,Off-Screen,10040_10622_31,,0,,,,,,,,,,,,,,,,,0:00:00,FALSE,,0,,,,0:10:08,,,TRUE
22-Jun-22,10040,10622,Season 1 Episode 4,Doug Ross ,M,22:32:33,23:25:39,10040_10622_31,Professional Communication,23:17:10,23:17:19,0:00:09,0:00:09,9,Other,Talking,0,Hospital,10040_10622_32,,0,,,,,,,,,,,,,,,,,0:00:00,FALSE,,0,,,,0:00:09,,,TRUE
22-Jun-22,10040,10622,Season 1 Episode 4,Doug Ross ,M,22:32:33,23:25:39,10040_10622_32,Off-Screen,23:17:19,23:17:38,0:00:19,0:00:19,19,0,0,0,Off-Screen,10040_10622_33,,0,,,,,,,,,,,,,,,,,0:00:00,FALSE,,0,,,,0:00:19,,,TRUE
22-Jun-22,10040,10622,Season 1 Episode 4,Doug Ross ,M,22:32:33,23:25:39,10040_10622_33,Indirect Care,23:17:38,23:18:36,0:00:58,0:00:58,58,Relative (Patient),Talking,0,Hospital,10040_10622_34,,0,,,,,,,,,,,,,,,,,0:00:00,FALSE,,0,,,,0:00:58,,,TRUE
22-Jun-22,10040,10622,Season 1 Episode 4,Doug Ross ,M,22:32:33,23:25:39,10040_10622_34,Off-Screen,23:18:36,23:22:49,0:04:13,0:04:13,253,0,0,0,Off-Screen,10040_10622_35,,0,,,,,,,,,,,,,,,,,0:00:00,FALSE,,0,,,,0:04:13,,,TRUE
22-Jun-22,10040,10622,Season 1 Episode 4,Doug Ross ,M,22:32:33,23:25:39,10040_10622_35,In-transit,23:22:49,23:23:15,0:00:26,0:00:26,26,0,0,0,Community,10040_10622_36,,0,,,,,,,,,,,,,,,,,0:00:00,FALSE,,0,,,,0:00:26,,,TRUE
22-Jun-22,10040,10622,Season 1 Episode 4,Doug Ross ,M,22:32:33,23:25:39,10040_10622_36,Social,23:23:15,23:24:14,0:00:59,0:00:59,59,Doctor(s),Talking,0,Community,10040_10622_37,,0,,,,,,,,,,,,,,,,,0:00:00,FALSE,,0,,,,0:00:59,,,TRUE
22-Jun-22,10040,10622,Season 1 Episode 4,Doug Ross ,M,22:32:33,23:25:39,10040_10622_37,In-transit,23:24:14,23:24:30,0:00:16,0:00:16,16,0,0,0,Community,10040_10622_38,,0,,,,,,,,,,,,,,,,,0:00:00,FALSE,,0,,,,0:00:16,,,TRUE
22-Jun-22,10040,10622,Season 1 Episode 4,Doug Ross ,M,22:32:33,23:25:39,10040_10622_38,Social,23:24:30,23:25:30,0:01:00,0:01:00,60,Nurse,Talking,0,Community,10040_10622_39,,0,,,,,,,,,,,,,,,,,0:00:00,FALSE,,0,,,,0:01:00,,,TRUE
22-Jun-22,10040,10622,Season 1 Episode 4,Doug Ross ,M,22:32:33,23:25:39,10040_10622_39,Nothing Happening,23:25:30,23:25:39,0:00:09,0:00:09,9,0,0,0,Nothing Happening,user,,0,,,,,,,,,,,,,,,,,0:00:00,FALSE,,0,,,,0:00:09,,,TRUE
25-Jun-22,10040,10642,Season 1 Episode 7,Doug Ross ,M,13:59:04,14:51:58,10040_10642_1,Off-Screen,13:59:04,14:01:37,0:02:33,0:02:33,153,0,0,0,Off-Screen,10040_10642_2,,0,,,,,,,,,,,,,,,,,0:00:00,FALSE,,0,,,,0:02:33,,,TRUE
25-Jun-22,10040,10642,Season 1 Episode 7,Doug Ross ,M,13:59:04,14:51:58,10040_10642_2,Social,14:01:37,14:01:51,0:00:14,0:00:14,14,Doctor(s),Talking,0,Hospital,10040_10642_3,,0,,,,,,,,,,,,,,,,,0:00:00,FALSE,,0,,,,0:00:14,,,TRUE
25-Jun-22,10040,10642,Season 1 Episode 7,Doug Ross ,M,13:59:04,14:51:58,10040_10642_3,Nothing Happening,14:01:51,14:03:08,0:01:17,0:00:10,10,0,0,0,Nothing Happening,10040_10642_6,,0,,,,,,,,,,,,,,,,,0:00:00,FALSE,10040_10642_4,1,10040_10642_4,14:01:59,14:03:06,0:00:08,0:00:02,0:01:07,TRUE
25-Jun-22,10040,10642,Season 1 Episode 7,Doug Ross ,M,13:59:04,14:51:58,10040_10642_4,Off-Screen,14:01:59,14:02:57,0:00:58,0:00:58,58,0,0,0,Off-Screen,10040_10642_5,,0,,,,,,,,,,,,,,,,,0:00:00,TRUE,,0,,,,0:00:58,,,TRUE
25-Jun-22,10040,10642,Season 1 Episode 7,Doug Ross ,M,13:59:04,14:51:58,10040_10642_5,Nothing Happening,14:02:57,14:03:06,0:00:09,0:00:09,9,0,0,0,Nothing Happening,user,,0,,,,,,,,,,,,,,,,,0:00:00,FALSE,,0,,,,0:00:09,,,TRUE
25-Jun-22,10040,10642,Season 1 Episode 7,Doug Ross ,M,13:59:04,14:51:58,10040_10642_6,Off-Screen,14:03:08,14:12:30,0:09:22,0:09:22,562,0,0,0,Off-Screen,10040_10642_7,,0,,,,,,,,,,,,,,,,,0:00:00,FALSE,,0,,,,0:09:22,,,TRUE
25-Jun-22,10040,10642,Season 1 Episode 7,Doug Ross ,M,13:59:04,14:51:58,10040_10642_7,Social,14:12:30,14:12:35,0:00:05,0:00:05,5,Other,Talking,0,Hospital,10040_10642_8,,0,,,,,,,,,,,,,,,,,0:00:00,FALSE,,0,,,,0:00:05,,,TRUE
25-Jun-22,10040,10642,Season 1 Episode 7,Doug Ross ,M,13:59:04,14:51:58,10040_10642_8,Professional Communication,14:12:35,14:12:45,0:00:10,0:00:10,10,Other,Talking,0,Hospital,10040_10642_9,,0,,,,,,,,,,,,,,,,,0:00:00,FALSE,,0,,,,0:00:10,,,TRUE
25-Jun-22,10040,10642,Season 1 Episode 7,Doug Ross ,M,13:59:04,14:51:58,10040_10642_9,Off-Screen,14:12:45,14:14:23,0:01:38,0:01:38,98,0,0,0,Off-Screen,10040_10642_10,,0,,,,,,,,,,,,,,,,,0:00:00,FALSE,,0,,,,0:01:38,,,TRUE
25-Jun-22,10040,10642,Season 1 Episode 7,Doug Ross ,M,13:59:04,14:51:58,10040_10642_10,Social,14:14:23,14:14:46,0:00:23,0:00:23,23,Doctor(s),Talking,0,Hospital,10040_10642_11,,0,,,,,,,,,,,,,,,,,0:00:00,FALSE,,0,,,,0:00:23,,,TRUE
25-Jun-22,10040,10642,Season 1 Episode 7,Doug Ross ,M,13:59:04,14:51:58,10040_10642_11,Off-Screen,14:14:46,14:18:50,0:04:04,0:04:04,244,0,0,0,Off-Screen,10040_10642_12,,0,,,,,,,,,,,,,,,,,0:00:00,FALSE,,0,,,,0:04:04,,,TRUE
25-Jun-22,10040,10642,Season 1 Episode 7,Doug Ross ,M,13:59:04,14:51:58,10040_10642_12,Professional Communication,14:18:50,14:19:06,0:00:16,0:00:16,16,Other,Talking,0,Hospital,10040_10642_13,,0,,,,,,,,,,,,,,,,,0:00:00,FALSE,,0,,,,0:00:16,,,TRUE
25-Jun-22,10040,10642,Season 1 Episode 7,Doug Ross ,M,13:59:04,14:51:58,10040_10642_13,Social,14:19:06,14:19:20,0:00:14,0:00:14,14,Doctor(s),Talking,0,Hospital,10040_10642_14,,0,,,,,,,,,,,,,,,,,0:00:00,FALSE,,0,,,,0:00:14,,,TRUE
25-Jun-22,10040,10642,Season 1 Episode 7,Doug Ross ,M,13:59:04,14:51:58,10040_10642_14,Off-Screen,14:19:20,14:21:39,0:02:19,0:02:19,139,0,0,0,Off-Screen,10040_10642_15,,0,,,,,,,,,,,,,,,,,0:00:00,FALSE,,0,,,,0:02:19,,,TRUE
25-Jun-22,10040,10642,Season 1 Episode 7,Doug Ross ,M,13:59:04,14:51:58,10040_10642_15,Professional Communication,14:21:39,14:22:14,0:00:35,0:00:35,35,Nurse,Talking,0,Hospital,user,10040_10642_16,1,2,10040_10642_16,14:21:43,14:22:14,,,,,,,,,,,,,0:00:31,FALSE,,0,,,,0:00:35,,,TRUE
25-Jun-22,10040,10642,Season 1 Episode 7,Doug Ross ,M,13:59:04,14:51:58,10040_10642_16,In-transit,14:21:43,14:22:22,0:00:39,0:00:39,39,0,0,0,Hospital,user,"10040_10642_15,10040_10642_17",2,2,10040_10642_15,14:21:43,14:22:14,2,10040_10642_17,14:22:15,14:22:22,,,,,,,,,0:00:38,FALSE,,0,,,,0:00:39,,,TRUE
25-Jun-22,10040,10642,Season 1 Episode 7,Doug Ross ,M,13:59:04,14:51:58,10040_10642_17,Direct Care,14:22:15,14:22:23,0:00:08,0:00:08,8,Relative (Patient),Talking,0,Hospital,10040_10642_18,10040_10642_16,1,2,10040_10642_16,14:22:15,14:22:22,,,,,,,,,,,,,0:00:07,FALSE,,0,,,,0:00:08,,,TRUE
25-Jun-22,10040,10642,Season 1 Episode 7,Doug Ross ,M,13:59:04,14:51:58,10040_10642_18,Professional Communication,14:22:23,14:25:02,0:02:39,0:02:39,159,Nurse,Talking,0,ICU,10040_10642_21,"10040_10642_19,10040_10642_20",2,2,10040_10642_19,14:22:29,14:24:31,3,"10040_10642_19,10040_10642_20",14:24:31,14:25:01,,,,,,,,,0:02:32,FALSE,,0,,,,0:02:39,,,TRUE
25-Jun-22,10040,10642,Season 1 Episode 7,Doug Ross ,M,13:59:04,14:51:58,10040_10642_19,Direct Care,14:22:29,14:25:01,0:02:32,0:02:32,152,Patient,0,0,ICU,user,"10040_10642_18,10040_10642_20",2,2,10040_10642_18,14:22:29,14:24:31,3,"10040_10642_18,10040_10642_20",14:24:31,14:25:01,,,,,,,,,0:02:32,FALSE,,0,,,,0:02:32,,,TRUE
25-Jun-22,10040,10642,Season 1 Episode 7,Doug Ross ,M,13:59:04,14:51:58,10040_10642_20,Professional Communication,14:24:31,14:25:00,0:00:29,0:00:29,29,Nurse,0,0,ICU,user,"10040_10642_19,10040_10642_18",1,3,"10040_10642_19,10040_10642_18",14:24:31,14:25:00,,,,,,,,,,,,,0:00:29,FALSE,,0,,,,0:00:29,,,TRUE
25-Jun-22,10040,10642,Season 1 Episode 7,Doug Ross ,M,13:59:04,14:51:58,10040_10642_21,In-transit,14:25:02,14:25:11,0:00:09,0:00:09,9,0,0,0,ICU,10040_10642_22,,0,,,,,,,,,,,,,,,,,0:00:00,FALSE,,0,,,,0:00:09,,,TRUE
25-Jun-22,10040,10642,Season 1 Episode 7,Doug Ross ,M,13:59:04,14:51:58,10040_10642_22,Professional Communication,14:25:11,14:25:31,0:00:20,0:00:20,20,Nurse,Talking,0,ICU,10040_10642_23,,0,,,,,,,,,,,,,,,,,0:00:00,FALSE,,0,,,,0:00:20,,,TRUE
25-Jun-22,10040,10642,Season 1 Episode 7,Doug Ross ,M,13:59:04,14:51:58,10040_10642_23,Social,14:25:31,14:26:02,0:00:31,0:00:31,31,Nurse,Talking,0,ICU,10040_10642_24,,0,,,,,,,,,,,,,,,,,0:00:00,FALSE,,0,,,,0:00:31,,,TRUE
25-Jun-22,10040,10642,Season 1 Episode 7,Doug Ross ,M,13:59:04,14:51:58,10040_10642_24,Nothing Happening,14:26:02,14:26:05,0:00:03,0:00:03,3,0,0,0,Nothing Happening,10040_10642_25,,0,,,,,,,,,,,,,,,,,0:00:00,FALSE,,0,,,,0:00:03,,,TRUE
25-Jun-22,10040,10642,Season 1 Episode 7,Doug Ross ,M,13:59:04,14:51:58,10040_10642_25,Off-Screen,14:26:05,14:28:59,0:02:54,0:02:54,174,0,0,0,Off-Screen,10040_10642_26,,0,,,,,,,,,,,,,,,,,0:00:00,FALSE,,0,,,,0:02:54,,,TRUE
25-Jun-22,10040,10642,Season 1 Episode 7,Doug Ross ,M,13:59:04,14:51:58,10040_10642_26,In-transit,14:28:59,14:29:05,0:00:06,0:00:06,6,0,0,0,Hospital,10040_10642_27,,0,,,,,,,,,,,,,,,,,0:00:00,FALSE,,0,,,,0:00:06,,,TRUE
25-Jun-22,10040,10642,Season 1 Episode 7,Doug Ross ,M,13:59:04,14:51:58,10040_10642_27,Indirect Care,14:29:05,14:29:15,0:00:10,0:00:10,10,0,Med Chart,0,Hospital,10040_10642_28,,0,,,,,,,,,,,,,,,,,0:00:00,FALSE,,0,,,,0:00:10,,,TRUE
25-Jun-22,10040,10642,Season 1 Episode 7,Doug Ross ,M,13:59:04,14:51:58,10040_10642_28,Professional Communication,14:29:15,14:29:24,0:00:09,0:00:09,9,Nurse,Talking,0,Hospital,10040_10642_29,,0,,,,,,,,,,,,,,,,,0:00:00,FALSE,,0,,,,0:00:09,,,TRUE
25-Jun-22,10040,10642,Season 1 Episode 7,Doug Ross ,M,13:59:04,14:51:58,10040_10642_29,Professional Communication,14:29:24,14:29:34,0:00:10,0:00:10,10,Other,Talking,0,Hospital,10040_10642_30,,0,,,,,,,,,,,,,,,,,0:00:00,FALSE,,0,,,,0:00:10,,,TRUE
25-Jun-22,10040,10642,Season 1 Episode 7,Doug Ross ,M,13:59:04,14:51:58,10040_10642_30,In-transit,14:29:34,14:29:38,0:00:04,0:00:04,4,0,0,0,Hospital,10040_10642_31,,0,,,,,,,,,,,,,,,,,0:00:00,FALSE,,0,,,,0:00:04,,,TRUE
25-Jun-22,10040,10642,Season 1 Episode 7,Doug Ross ,M,13:59:04,14:51:58,10040_10642_31,Off-Screen,14:29:38,14:41:52,0:12:14,0:12:14,734,0,0,0,Off-Screen,10040_10642_32,,0,,,,,,,,,,,,,,,,,0:00:00,FALSE,,0,,,,0:12:14,,,TRUE
25-Jun-22,10040,10642,Season 1 Episode 7,Doug Ross ,M,13:59:04,14:51:58,10040_10642_32,Social,14:41:52,14:42:15,0:00:23,0:00:23,23,Other,Talking,0,Hospital,user,10040_10642_33,1,2,10040_10642_33,14:41:57,14:42:15,,,,,,,,,,,,,0:00:18,FALSE,,0,,,,0:00:23,,,TRUE
25-Jun-22,10040,10642,Season 1 Episode 7,Doug Ross ,M,13:59:04,14:51:58,10040_10642_33,In-transit,14:41:57,14:42:17,0:00:20,0:00:20,20,0,0,0,Hospital,10040_10642_34,10040_10642_32,1,2,10040_10642_32,14:41:57,14:42:15,,,,,,,,,,,,,0:00:18,FALSE,,0,,,,0:00:20,,,TRUE
25-Jun-22,10040,10642,Season 1 Episode 7,Doug Ross ,M,13:59:04,14:51:58,10040_10642_34,Social,14:42:17,14:42:58,0:00:41,0:00:41,41,Doctor(s),Talking,0,Hospital,10040_10642_35,,0,,,,,,,,,,,,,,,,,0:00:00,FALSE,,0,,,,0:00:41,,,TRUE
25-Jun-22,10040,10642,Season 1 Episode 7,Doug Ross ,M,13:59:04,14:51:58,10040_10642_35,Social,14:42:58,14:43:18,0:00:20,0:00:20,20,Other,Talking,0,Hospital,10040_10642_36,,0,,,,,,,,,,,,,,,,,0:00:00,FALSE,,0,,,,0:00:20,,,TRUE
25-Jun-22,10040,10642,Season 1 Episode 7,Doug Ross ,M,13:59:04,14:51:58,10040_10642_36,Off-Screen,14:43:18,14:45:59,0:02:41,0:02:41,161,0,0,0,Off-Screen,10040_10642_37,,0,,,,,,,,,,,,,,,,,0:00:00,FALSE,,0,,,,0:02:41,,,TRUE
25-Jun-22,10040,10642,Season 1 Episode 7,Doug Ross ,M,13:59:04,14:51:58,10040_10642_37,Social,14:45:59,14:46:57,0:00:58,0:00:58,58,Doctor(s),Talking,0,Community,10040_10642_38,,0,,,,,,,,,,,,,,,,,0:00:00,FALSE,,0,,,,0:00:58,,,TRUE
25-Jun-22,10040,10642,Season 1 Episode 7,Doug Ross ,M,13:59:04,14:51:58,10040_10642_38,Off-Screen,14:46:57,14:48:11,0:01:14,0:01:14,74,0,0,0,Off-Screen,10040_10642_39,,0,,,,,,,,,,,,,,,,,0:00:00,FALSE,,0,,,,0:01:14,,,TRUE
25-Jun-22,10040,10642,Season 1 Episode 7,Doug Ross ,M,13:59:04,14:51:58,10040_10642_39,Professional Communication,14:48:11,14:48:42,0:00:31,0:00:31,31,Nurse,Talking,0,Hospital,10040_10642_40,,0,,,,,,,,,,,,,,,,,0:00:00,FALSE,,0,,,,0:00:31,,,TRUE
25-Jun-22,10040,10642,Season 1 Episode 7,Doug Ross ,M,13:59:04,14:51:58,10040_10642_40,Social,14:48:42,14:49:33,0:00:51,0:00:51,51,Nurse,Talking,0,Hospital,10040_10642_41,,0,,,,,,,,,,,,,,,,,0:00:00,FALSE,,0,,,,0:00:51,,,TRUE
25-Jun-22,10040,10642,Season 1 Episode 7,Doug Ross ,M,13:59:04,14:51:58,10040_10642_41,Nothing Happening,14:49:33,14:49:37,0:00:04,0:00:04,4,0,0,0,Nothing Happening,10040_10642_42,,0,,,,,,,,,,,,,,,,,0:00:00,FALSE,,0,,,,0:00:04,,,TRUE
25-Jun-22,10040,10642,Season 1 Episode 7,Doug Ross ,M,13:59:04,14:51:58,10040_10642_42,Off-Screen,14:49:37,14:51:58,0:02:21,0:02:21,141,0,0,0,Off-Screen,user,,0,,,,,,,,,,,,,,,,,0:00:00,FALSE,,0,,,,0:02:21,,,TRUE
25-Jun-22,10040,10641,Season 1 Episode 8,Doug Ross ,M,14:52:31,15:42:29,10040_10641_1,Off-Screen,14:52:31,14:54:23,0:01:52,0:01:52,112,0,0,0,Off-Screen,10040_10641_2,,0,,,,,,,,,,,,,,,,,0:00:00,FALSE,,0,,,,0:01:52,,,TRUE
25-Jun-22,10040,10641,Season 1 Episode 8,Doug Ross ,M,14:52:31,15:42:29,10040_10641_2,Professional Communication,14:54:23,14:54:36,0:00:13,0:00:13,13,Other,Talking,0,Hospital,10040_10641_3,,0,,,,,,,,,,,,,,,,,0:00:00,FALSE,,0,,,,0:00:13,,,TRUE
25-Jun-22,10040,10641,Season 1 Episode 8,Doug Ross ,M,14:52:31,15:42:29,10040_10641_3,Professional Communication,14:54:36,14:54:45,0:00:09,0:00:09,9,Doctor(s),Talking,0,Hospital,10040_10641_4,,0,,,,,,,,,,,,,,,,,0:00:00,FALSE,,0,,,,0:00:09,,,TRUE
25-Jun-22,10040,10641,Season 1 Episode 8,Doug Ross ,M,14:52:31,15:42:29,10040_10641_4,Off-Screen,14:54:45,14:55:02,0:00:17,0:00:17,17,0,0,0,Off-Screen,10040_10641_5,,0,,,,,,,,,,,,,,,,,0:00:00,FALSE,,0,,,,0:00:17,,,TRUE
25-Jun-22,10040,10641,Season 1 Episode 8,Doug Ross ,M,14:52:31,15:42:29,10040_10641_5,Professional Communication,14:55:02,14:55:31,0:00:29,0:00:29,29,Other,Talking,0,Hospital,10040_10641_8,"10040_10641_6,10040_10641_7",2,2,10040_10641_6,14:55:05,14:55:17,2,10040_10641_7,14:55:18,14:55:31,,,,,,,,,0:00:25,FALSE,,0,,,,0:00:29,,,TRUE
25-Jun-22,10040,10641,Season 1 Episode 8,Doug Ross ,M,14:52:31,15:42:29,10040_10641_6,Document,14:55:05,14:55:17,0:00:12,0:00:12,12,0,Med Chart,0,Hospital,user,10040_10641_5,1,2,10040_10641_5,14:55:05,14:55:17,,,,,,,,,,,,,0:00:12,FALSE,,0,,,,0:00:12,,,TRUE
25-Jun-22,10040,10641,Season 1 Episode 8,Doug Ross ,M,14:52:31,15:42:29,10040_10641_7,Professional Communication,14:55:18,14:55:31,0:00:13,0:00:13,13,0,Landline,0,Hospital,10040_10641_8,10040_10641_5,1,2,10040_10641_5,14:55:18,14:55:31,,,,,,,,,,,,,0:00:13,FALSE,,0,,,,0:00:13,,,TRUE
25-Jun-22,10040,10641,Season 1 Episode 8,Doug Ross ,M,14:52:31,15:42:29,10040_10641_8,Off-Screen,14:55:31,14:55:48,0:00:17,0:00:17,17,0,0,0,Off-Screen,10040_10641_9,,0,,,,,,,,,,,,,,,,,0:00:00,FALSE,,0,,,,0:00:17,,,TRUE
25-Jun-22,10040,10641,Season 1 Episode 8,Doug Ross ,M,14:52:31,15:42:29,10040_10641_9,Professional Communication,14:55:48,14:55:53,0:00:05,0:00:05,5,0,Landline,0,Hospital,10040_10641_10,,0,,,,,,,,,,,,,,,,,0:00:00,FALSE,,0,,,,0:00:05,,,TRUE
25-Jun-22,10040,10641,Season 1 Episode 8,Doug Ross ,M,14:52:31,15:42:29,10040_10641_10,Off-Screen,14:55:53,15:01:03,0:05:10,0:05:10,310,0,0,0,Off-Screen,10040_10641_11,,0,,,,,,,,,,,,,,,,,0:00:00,FALSE,,0,,,,0:05:10,,,TRUE
25-Jun-22,10040,10641,Season 1 Episode 8,Doug Ross ,M,14:52:31,15:42:29,10040_10641_11,Professional Communication,15:01:03,15:01:19,0:00:16,0:00:16,16,Nurse,Talking,0,Hospital,10040_10641_13,10040_10641_12,1,2,10040_10641_12,15:01:06,15:01:19,,,,,,,,,,,,,0:00:13,FALSE,,0,,,,0:00:16,,,TRUE
25-Jun-22,10040,10641,Season 1 Episode 8,Doug Ross ,M,14:52:31,15:42:29,10040_10641_12,Document,15:01:06,15:01:19,0:00:13,0:00:13,13,0,Med Chart,0,Hospital,user,10040_10641_11,1,2,10040_10641_11,15:01:06,15:01:19,,,,,,,,,,,,,0:00:13,FALSE,,0,,,,0:00:13,,,TRUE
25-Jun-22,10040,10641,Season 1 Episode 8,Doug Ross ,M,14:52:31,15:42:29,10040_10641_13,Off-Screen,15:01:19,15:04:06,0:02:47,0:02:47,167,0,0,0,Off-Screen,10040_10641_14,,0,,,,,,,,,,,,,,,,,0:00:00,FALSE,,0,,,,0:02:47,,,TRUE
25-Jun-22,10040,10641,Season 1 Episode 8,Doug Ross ,M,14:52:31,15:42:29,10040_10641_14,Professional Communication,15:04:06,15:04:19,0:00:13,0:00:13,13,Other,Talking,0,Hospital,10040_10641_16,10040_10641_15,1,2,10040_10641_15,15:04:09,15:04:18,,,,,,,,,,,,,0:00:09,FALSE,,0,,,,0:00:13,,,TRUE
25-Jun-22,10040,10641,Season 1 Episode 8,Doug Ross ,M,14:52:31,15:42:29,10040_10641_15,Document,15:04:09,15:04:18,0:00:09,0:00:09,9,0,Med Chart,0,Hospital,user,10040_10641_14,1,2,10040_10641_14,15:04:09,15:04:18,,,,,,,,,,,,,0:00:09,FALSE,,0,,,,0:00:09,,,TRUE
25-Jun-22,10040,10641,Season 1 Episode 8,Doug Ross ,M,14:52:31,15:42:29,10040_10641_16,Off-Screen,15:04:19,15:05:40,0:01:21,0:01:21,81,0,0,0,Off-Screen,10040_10641_17,,0,,,,,,,,,,,,,,,,,0:00:00,FALSE,,0,,,,0:01:21,,,TRUE
25-Jun-22,10040,10641,Season 1 Episode 8,Doug Ross ,M,14:52:31,15:42:29,10040_10641_17,Professional Communication,15:05:40,15:05:45,0:00:05,0:00:05,5,Other,Talking,0,Hospital,10040_10641_18,,0,,,,,,,,,,,,,,,,,0:00:00,FALSE,,0,,,,0:00:05,,,TRUE
25-Jun-22,10040,10641,Season 1 Episode 8,Doug Ross ,M,14:52:31,15:42:29,10040_10641_18,Professional Communication,15:05:45,15:06:09,0:00:24,0:00:24,24,Doctor(s),Landline,0,Hospital,10040_10641_20,10040_10641_19,1,2,10040_10641_19,15:05:53,15:06:09,,,,,,,,,,,,,0:00:16,FALSE,,0,,,,0:00:24,,,TRUE
25-Jun-22,10040,10641,Season 1 Episode 8,Doug Ross ,M,14:52:31,15:42:29,10040_10641_19,Document,15:05:53,15:06:09,0:00:16,0:00:16,16,0,Med Chart,0,Hospital,user,10040_10641_18,1,2,10040_10641_18,15:05:53,15:06:09,,,,,,,,,,,,,0:00:16,FALSE,,0,,,,0:00:16,,,TRUE
25-Jun-22,10040,10641,Season 1 Episode 8,Doug Ross ,M,14:52:31,15:42:29,10040_10641_20,Off-Screen,15:06:09,15:12:28,0:06:19,0:06:19,379,0,0,0,Off-Screen,10040_10641_21,,0,,,,,,,,,,,,,,,,,0:00:00,FALSE,,0,,,,0:06:19,,,TRUE
25-Jun-22,10040,10641,Season 1 Episode 8,Doug Ross ,M,14:52:31,15:42:29,10040_10641_21,Professional Communication,15:12:28,15:13:22,0:00:54,0:00:54,54,Doctor(s),Landline,0,Hospital,10040_10641_22,,0,,,,,,,,,,,,,,,,,0:00:00,FALSE,,0,,,,0:00:54,,,TRUE
25-Jun-22,10040,10641,Season 1 Episode 8,Doug Ross ,M,14:52:31,15:42:29,10040_10641_22,Nothing Happening,15:13:22,15:13:29,0:00:07,0:00:07,7,0,0,0,Nothing Happening,10040_10641_23,,0,,,,,,,,,,,,,,,,,0:00:00,FALSE,,0,,,,0:00:07,,,TRUE
25-Jun-22,10040,10641,Season 1 Episode 8,Doug Ross ,M,14:52:31,15:42:29,10040_10641_23,Social,15:13:29,15:13:37,0:00:08,0:00:08,8,Nurse,Talking,0,Hospital,10040_10641_24,,0,,,,,,,,,,,,,,,,,0:00:00,FALSE,,0,,,,0:00:08,,,TRUE
25-Jun-22,10040,10641,Season 1 Episode 8,Doug Ross ,M,14:52:31,15:42:29,10040_10641_24,Off-Screen,15:13:37,15:15:17,0:01:40,0:01:40,100,0,0,0,Off-Screen,10040_10641_25,,0,,,,,,,,,,,,,,,,,0:00:00,FALSE,,0,,,,0:01:40,,,TRUE
25-Jun-22,10040,10641,Season 1 Episode 8,Doug Ross ,M,14:52:31,15:42:29,10040_10641_25,Direct Care,15:15:17,15:16:00,0:00:43,0:00:43,43,Patient,Talking,0,Hospital,10040_10641_27,10040_10641_26,1,2,10040_10641_26,15:15:20,15:16:00,,,,,,,,,,,,,0:00:40,FALSE,,0,,,,0:00:43,,,TRUE
25-Jun-22,10040,10641,Season 1 Episode 8,Doug Ross ,M,14:52:31,15:42:29,10040_10641_26,Direct Care,15:15:20,15:16:00,0:00:40,0:00:40,40,Relative (Patient),Talking,0,Hospital,user,10040_10641_25,1,2,10040_10641_25,15:15:20,15:16:00,,,,,,,,,,,,,0:00:40,FALSE,,0,,,,0:00:40,,,TRUE
25-Jun-22,10040,10641,Season 1 Episode 8,Doug Ross ,M,14:52:31,15:42:29,10040_10641_27,Professional Communication,15:16:00,15:16:25,0:00:25,0:00:25,25,Nurse,Talking,0,Hospital,10040_10641_28,,0,,,,,,,,,,,,,,,,,0:00:00,FALSE,,0,,,,0:00:25,,,TRUE
25-Jun-22,10040,10641,Season 1 Episode 8,Doug Ross ,M,14:52:31,15:42:29,10040_10641_28,In-transit,15:16:25,15:16:27,0:00:02,0:00:02,2,0,0,0,Hospital,10040_10641_29,,0,,,,,,,,,,,,,,,,,0:00:00,FALSE,,0,,,,0:00:02,,,TRUE
25-Jun-22,10040,10641,Season 1 Episode 8,Doug Ross ,M,14:52:31,15:42:29,10040_10641_29,Off-Screen,15:16:27,15:20:46,0:04:19,0:04:19,259,0,0,0,Off-Screen,10040_10641_30,,0,,,,,,,,,,,,,,,,,0:00:00,FALSE,,0,,,,0:04:19,,,TRUE
25-Jun-22,10040,10641,Season 1 Episode 8,Doug Ross ,M,14:52:31,15:42:29,10040_10641_30,Professional Communication,15:20:46,15:21:06,0:00:20,0:00:20,20,Doctor(s),Talking,0,Hospital,10040_10641_31,,0,,,,,,,,,,,,,,,,,0:00:00,FALSE,,0,,,,0:00:20,,,TRUE
25-Jun-22,10040,10641,Season 1 Episode 8,Doug Ross ,M,14:52:31,15:42:29,10040_10641_31,Off-Screen,15:21:06,15:27:53,0:06:47,0:06:47,407,0,0,0,Off-Screen,10040_10641_32,,0,,,,,,,,,,,,,,,,,0:00:00,FALSE,,0,,,,0:06:47,,,TRUE
25-Jun-22,10040,10641,Season 1 Episode 8,Doug Ross ,M,14:52:31,15:42:29,10040_10641_32,Professional Communication,15:27:53,15:28:09,0:00:16,0:00:16,16,Other,Talking,0,Hospital,10040_10641_33,,0,,,,,,,,,,,,,,,,,0:00:00,FALSE,,0,,,,0:00:16,,,TRUE
25-Jun-22,10040,10641,Season 1 Episode 8,Doug Ross ,M,14:52:31,15:42:29,10040_10641_33,Direct Care,15:28:09,15:28:30,0:00:21,0:00:21,21,Nurse,Talking,0,Hospital,10040_10641_35,10040_10641_34,1,2,10040_10641_34,15:28:13,15:28:29,,,,,,,,,,,,,0:00:16,FALSE,,0,,,,0:00:21,,,TRUE
25-Jun-22,10040,10641,Season 1 Episode 8,Doug Ross ,M,14:52:31,15:42:29,10040_10641_34,In-transit,15:28:13,15:28:29,0:00:16,0:00:16,16,0,0,0,Hospital,user,10040_10641_33,1,2,10040_10641_33,15:28:13,15:28:29,,,,,,,,,,,,,0:00:16,FALSE,,0,,,,0:00:16,,,TRUE
25-Jun-22,10040,10641,Season 1 Episode 8,Doug Ross ,M,14:52:31,15:42:29,10040_10641_35,Direct Care,15:28:30,15:28:36,0:00:06,0:00:06,6,Nurse,Talking,0,ICU,10040_10641_36,,0,,,,,,,,,,,,,,,,,0:00:00,FALSE,,0,,,,0:00:06,,,TRUE
25-Jun-22,10040,10641,Season 1 Episode 8,Doug Ross ,M,14:52:31,15:42:29,10040_10641_36,Direct Care,15:28:36,15:29:02,0:00:26,0:00:26,26,Patient,0,0,ICU,10040_10641_37,,0,,,,,,,,,,,,,,,,,0:00:00,FALSE,,0,,,,0:00:26,,,TRUE
25-Jun-22,10040,10641,Season 1 Episode 8,Doug Ross ,M,14:52:31,15:42:29,10040_10641_37,Off-Screen,15:29:02,15:29:38,0:00:36,0:00:36,36,0,0,0,Off-Screen,10040_10641_38,,0,,,,,,,,,,,,,,,,,0:00:00,FALSE,,0,,,,0:00:36,,,TRUE
25-Jun-22,10040,10641,Season 1 Episode 8,Doug Ross ,M,14:52:31,15:42:29,10040_10641_38,Direct Care,15:29:38,15:29:50,0:00:12,0:00:12,12,Patient,0,0,ICU,10040_10641_40,10040_10641_39,1,2,10040_10641_39,15:29:42,15:29:50,,,,,,,,,,,,,0:00:08,FALSE,,0,,,,0:00:12,,,TRUE
25-Jun-22,10040,10641,Season 1 Episode 8,Doug Ross ,M,14:52:31,15:42:29,10040_10641_39,Direct Care,15:29:42,15:29:50,0:00:08,0:00:08,8,Nurse,Talking,0,ICU,user,10040_10641_38,1,2,10040_10641_38,15:29:42,15:29:50,,,,,,,,,,,,,0:00:08,FALSE,,0,,,,0:00:08,,,TRUE
25-Jun-22,10040,10641,Season 1 Episode 8,Doug Ross ,M,14:52:31,15:42:29,10040_10641_40,Off-Screen,15:29:50,15:29:54,0:00:04,0:00:04,4,0,0,0,Off-Screen,10040_10641_41,,0,,,,,,,,,,,,,,,,,0:00:00,FALSE,,0,,,,0:00:04,,,TRUE
25-Jun-22,10040,10641,Season 1 Episode 8,Doug Ross ,M,14:52:31,15:42:29,10040_10641_41,Direct Care,15:29:54,15:30:59,0:01:05,0:01:05,65,Patient,0,0,ICU,10040_10641_43,10040_10641_42,1,2,10040_10641_42,15:29:57,15:30:59,,,,,,,,,,,,,0:01:02,FALSE,,0,,,,0:01:05,,,TRUE
25-Jun-22,10040,10641,Season 1 Episode 8,Doug Ross ,M,14:52:31,15:42:29,10040_10641_42,Direct Care,15:29:57,15:30:59,0:01:02,0:01:02,62,Doctor(s),Talking,0,ICU,user,10040_10641_41,1,2,10040_10641_41,15:29:57,15:30:59,,,,,,,,,,,,,0:01:02,FALSE,,0,,,,0:01:02,,,TRUE
25-Jun-22,10040,10641,Season 1 Episode 8,Doug Ross ,M,14:52:31,15:42:29,10040_10641_43,Off-Screen,15:30:59,15:33:06,0:02:07,0:02:07,127,0,0,0,Off-Screen,10040_10641_44,,0,,,,,,,,,,,,,,,,,0:00:00,FALSE,,0,,,,0:02:07,,,TRUE
25-Jun-22,10040,10641,Season 1 Episode 8,Doug Ross ,M,14:52:31,15:42:29,10040_10641_44,In-transit,15:33:06,15:33:14,0:00:08,0:00:08,8,0,0,0,Community,10040_10641_45,,0,,,,,,,,,,,,,,,,,0:00:00,FALSE,,0,,,,0:00:08,,,TRUE
25-Jun-22,10040,10641,Season 1 Episode 8,Doug Ross ,M,14:52:31,15:42:29,10040_10641_45,Professional Communication,15:33:14,15:34:37,0:01:23,0:01:23,83,Doctor(s),Talking,0,Community,10040_10641_46,,0,,,,,,,,,,,,,,,,,0:00:00,FALSE,,0,,,,0:01:23,,,TRUE
25-Jun-22,10040,10641,Season 1 Episode 8,Doug Ross ,M,14:52:31,15:42:29,10040_10641_46,In-transit,15:34:37,15:34:41,0:00:04,0:00:04,4,0,0,0,Community,10040_10641_47,,0,,,,,,,,,,,,,,,,,0:00:00,FALSE,,0,,,,0:00:04,,,TRUE
25-Jun-22,10040,10641,Season 1 Episode 8,Doug Ross ,M,14:52:31,15:42:29,10040_10641_47,Off-Screen,15:34:41,15:36:43,0:02:02,0:02:02,122,0,0,0,Off-Screen,10040_10641_48,,0,,,,,,,,,,,,,,,,,0:00:00,FALSE,,0,,,,0:02:02,,,TRUE
25-Jun-22,10040,10641,Season 1 Episode 8,Doug Ross ,M,14:52:31,15:42:29,10040_10641_48,Professional Communication,15:36:43,15:37:05,0:00:22,0:00:22,22,Other,Talking,0,Hospital,10040_10641_49,,0,,,,,,,,,,,,,,,,,0:00:00,FALSE,,0,,,,0:00:22,,,TRUE
25-Jun-22,10040,10641,Season 1 Episode 8,Doug Ross ,M,14:52:31,15:42:29,10040_10641_49,In-transit,15:37:05,15:37:07,0:00:02,0:00:02,2,0,0,0,Hospital,10040_10641_50,,0,,,,,,,,,,,,,,,,,0:00:00,FALSE,,0,,,,0:00:02,,,TRUE
25-Jun-22,10040,10641,Season 1 Episode 8,Doug Ross ,M,14:52:31,15:42:29,10040_10641_50,Off-Screen,15:37:07,15:42:29,0:05:22,0:05:22,322,0,0,0,Off-Screen,user,,0,,,,,,,,,,,,,,,,,0:00:00,FALSE,,0,,,,0:05:22,,,TRUE
12-Aug-21,10020,10430,S1E10,John Carter,M,15:25:27,16:11:48,10020_10430_1,Nothing Happening,15:25:27,15:25:39,0:00:12,0:00:12,12,0,0,0,Nothing Happening,10020_10430_2,,0,,,,,,,,,,,,,,,,,0:00:00,FALSE,,0,,,,0:00:12,,,TRUE
12-Aug-21,10020,10430,S1E10,John Carter,M,15:25:27,16:11:48,10020_10430_2,Off-Screen,15:25:39,15:27:46,0:02:07,0:02:07,127,0,0,0,Off-Screen,10020_10430_3,,0,,,,,,,,,,,,,,,,,0:00:00,FALSE,,0,,,,0:02:07,,,TRUE
12-Aug-21,10020,10430,S1E10,John Carter,M,15:25:27,16:11:48,10020_10430_3,Social,15:27:46,15:27:50,0:00:04,0:00:04,4,Doctor(s),Talking,0,Hospital,10020_10430_4,,0,,,,,,,,,,,,,,,,,0:00:00,FALSE,,0,,,,0:00:04,,,TRUE
12-Aug-21,10020,10430,S1E10,John Carter,M,15:25:27,16:11:48,10020_10430_4,Off-Screen,15:27:50,15:29:00,0:01:10,0:01:10,70,0,0,0,Off-Screen,10020_10430_5,,0,,,,,,,,,,,,,,,,,0:00:00,FALSE,,0,,,,0:01:10,,,TRUE
12-Aug-21,10020,10430,S1E10,John Carter,M,15:25:27,16:11:48,10020_10430_5,Social,15:29:00,15:29:22,0:00:22,0:00:22,22,Doctor(s),Talking,0,Hospital,10020_10430_6,,0,,,,,,,,,,,,,,,,,0:00:00,FALSE,,0,,,,0:00:22,,,TRUE
12-Aug-21,10020,10430,S1E10,John Carter,M,15:25:27,16:11:48,10020_10430_6,Off-Screen,15:29:22,15:30:12,0:00:50,0:00:50,50,0,0,0,Off-Screen,10020_10430_7,,0,,,,,,,,,,,,,,,,,0:00:00,FALSE,,0,,,,0:00:50,,,TRUE
12-Aug-21,10020,10430,S1E10,John Carter,M,15:25:27,16:11:48,10020_10430_7,In-transit,15:30:12,15:30:22,0:00:10,0:00:10,10,0,0,0,Hospital,10020_10430_8,,0,,,,,,,,,,,,,,,,,0:00:00,FALSE,,0,,,,0:00:10,,,TRUE
12-Aug-21,10020,10430,S1E10,John Carter,M,15:25:27,16:11:48,10020_10430_8,Nothing Happening,15:30:22,15:31:11,0:00:49,0:00:49,49,0,0,0,Nothing Happening,10020_10430_9,,0,,,,,,,,,,,,,,,,,0:00:00,FALSE,,0,,,,0:00:49,,,TRUE
12-Aug-21,10020,10430,S1E10,John Carter,M,15:25:27,16:11:48,10020_10430_9,Off-Screen,15:31:11,15:32:38,0:01:27,0:01:27,87,0,0,0,Off-Screen,10020_10430_10,,0,,,,,,,,,,,,,,,,,0:00:00,FALSE,,0,,,,0:01:27,,,TRUE
12-Aug-21,10020,10430,S1E10,John Carter,M,15:25:27,16:11:48,10020_10430_10,In-transit,15:32:38,15:32:49,0:00:11,0:00:11,11,0,0,0,Hospital,10020_10430_11,,0,,,,,,,,,,,,,,,,,0:00:00,FALSE,,0,,,,0:00:11,,,TRUE
12-Aug-21,10020,10430,S1E10,John Carter,M,15:25:27,16:11:48,10020_10430_11,Social,15:32:49,15:33:00,0:00:11,0:00:11,11,Other,Talking,0,Hospital,10020_10430_12,,0,,,,,,,,,,,,,,,,,0:00:00,FALSE,,0,,,,0:00:11,,,TRUE
12-Aug-21,10020,10430,S1E10,John Carter,M,15:25:27,16:11:48,10020_10430_12,In-transit,15:33:00,15:33:16,0:00:16,0:00:16,16,0,0,0,Hospital,10020_10430_13,,0,,,,,,,,,,,,,,,,,0:00:00,FALSE,,0,,,,0:00:16,,,TRUE
12-Aug-21,10020,10430,S1E10,John Carter,M,15:25:27,16:11:48,10020_10430_13,Social,15:33:16,15:33:22,0:00:06,0:00:06,6,Doctor(s),Talking,0,Hospital,10020_10430_14,,0,,,,,,,,,,,,,,,,,0:00:00,FALSE,,0,,,,0:00:06,,,TRUE
12-Aug-21,10020,10430,S1E10,John Carter,M,15:25:27,16:11:48,10020_10430_14,In-transit,15:33:22,15:33:24,0:00:02,0:00:02,2,0,0,0,Hospital,10020_10430_15,,0,,,,,,,,,,,,,,,,,0:00:00,FALSE,,0,,,,0:00:02,,,TRUE
12-Aug-21,10020,10430,S1E10,John Carter,M,15:25:27,16:11:48,10020_10430_15,Off-Screen,15:33:24,15:39:28,0:06:04,0:06:04,364,0,0,0,Off-Screen,10020_10430_16,,0,,,,,,,,,,,,,,,,,0:00:00,FALSE,,0,,,,0:06:04,,,TRUE
12-Aug-21,10020,10430,S1E10,John Carter,M,15:25:27,16:11:48,10020_10430_16,Indirect Care,15:39:28,15:39:37,0:00:09,0:00:09,9,0,0,0,Hospital,10020_10430_17,,0,,,,,,,,,,,,,,,,,0:00:00,FALSE,,0,,,,0:00:09,,,TRUE
12-Aug-21,10020,10430,S1E10,John Carter,M,15:25:27,16:11:48,10020_10430_17,Off-Screen,15:39:37,15:39:42,0:00:05,0:00:05,5,0,0,0,Off-Screen,10020_10430_18,,0,,,,,,,,,,,,,,,,,0:00:00,FALSE,,0,,,,0:00:05,,,TRUE
12-Aug-21,10020,10430,S1E10,John Carter,M,15:25:27,16:11:48,10020_10430_18,Nothing Happening,15:39:42,15:39:53,0:00:11,0:00:11,11,0,0,0,Nothing Happening,10020_10430_19,,0,,,,,,,,,,,,,,,,,0:00:00,FALSE,,0,,,,0:00:11,,,TRUE
12-Aug-21,10020,10430,S1E10,John Carter,M,15:25:27,16:11:48,10020_10430_19,Off-Screen,15:39:53,15:40:50,0:00:57,0:00:57,57,0,0,0,Off-Screen,10020_10430_20,,0,,,,,,,,,,,,,,,,,0:00:00,FALSE,,0,,,,0:00:57,,,TRUE
12-Aug-21,10020,10430,S1E10,John Carter,M,15:25:27,16:11:48,10020_10430_20,Professional Communication,15:40:50,15:40:55,0:00:05,0:00:05,5,Doctor(s),Talking,0,Hospital,10020_10430_22,10020_10430_21,1,2,10020_10430_21,15:40:53,15:40:55,,,,,,,,,,,,,0:00:02,FALSE,,0,,,,0:00:05,,,TRUE
12-Aug-21,10020,10430,S1E10,John Carter,M,15:25:27,16:11:48,10020_10430_21,In-transit,15:40:53,15:40:55,0:00:02,0:00:02,2,0,0,0,Hospital,10020_10430_22,10020_10430_20,1,2,10020_10430_20,15:40:53,15:40:55,,,,,,,,,,,,,0:00:02,FALSE,,0,,,,0:00:02,,,TRUE
12-Aug-21,10020,10430,S1E10,John Carter,M,15:25:27,16:11:48,10020_10430_22,Off-Screen,15:40:55,15:41:42,0:00:47,0:00:47,47,0,0,0,Off-Screen,10020_10430_23,,0,,,,,,,,,,,,,,,,,0:00:00,FALSE,,0,,,,0:00:47,,,TRUE
12-Aug-21,10020,10430,S1E10,John Carter,M,15:25:27,16:11:48,10020_10430_23,Direct Care,15:41:42,15:41:48,0:00:06,0:00:06,6,Patient,Talking,0,Hospital,10020_10430_24,,0,,,,,,,,,,,,,,,,,0:00:00,FALSE,,0,,,,0:00:06,,,TRUE
12-Aug-21,10020,10430,S1E10,John Carter,M,15:25:27,16:11:48,10020_10430_24,Off-Screen,15:41:48,15:43:11,0:01:23,0:01:23,83,0,0,0,Off-Screen,10020_10430_25,,0,,,,,,,,,,,,,,,,,0:00:00,FALSE,,0,,,,0:01:23,,,TRUE
12-Aug-21,10020,10430,S1E10,John Carter,M,15:25:27,16:11:48,10020_10430_25,Professional Communication,15:43:11,15:43:25,0:00:14,0:00:14,14,Doctor(s),Talking,0,Hospital,10020_10430_27,10020_10430_26,1,2,10020_10430_26,15:43:19,15:43:25,,,,,,,,,,,,,0:00:06,FALSE,,0,,,,0:00:14,,,TRUE
12-Aug-21,10020,10430,S1E10,John Carter,M,15:25:27,16:11:48,10020_10430_26,Direct Care,15:43:19,15:43:25,0:00:06,0:00:06,6,Patient,0,0,Hospital,10020_10430_27,10020_10430_25,1,2,10020_10430_25,15:43:19,15:43:25,,,,,,,,,,,,,0:00:06,FALSE,,0,,,,0:00:06,,,TRUE
12-Aug-21,10020,10430,S1E10,John Carter,M,15:25:27,16:11:48,10020_10430_27,Off-Screen,15:43:25,15:44:31,0:01:06,0:01:06,66,0,0,0,Off-Screen,10020_10430_28,,0,,,,,,,,,,,,,,,,,0:00:00,FALSE,,0,,,,0:01:06,,,TRUE
12-Aug-21,10020,10430,S1E10,John Carter,M,15:25:27,16:11:48,10020_10430_28,Direct Care,15:44:31,15:44:39,0:00:08,0:00:08,8,Patient,Talking,0,Hospital,10020_10430_30,10020_10430_29,1,2,10020_10430_29,15:44:36,15:44:39,,,,,,,,,,,,,0:00:03,FALSE,,0,,,,0:00:08,,,TRUE
12-Aug-21,10020,10430,S1E10,John Carter,M,15:25:27,16:11:48,10020_10430_29,Professional Communication,15:44:36,15:44:39,0:00:03,0:00:03,3,Doctor(s),Talking,0,Hospital,10020_10430_30,10020_10430_28,1,2,10020_10430_28,15:44:36,15:44:39,,,,,,,,,,,,,0:00:03,FALSE,,0,,,,0:00:03,,,TRUE
12-Aug-21,10020,10430,S1E10,John Carter,M,15:25:27,16:11:48,10020_10430_30,Off-Screen,15:44:39,15:47:35,0:02:56,0:02:56,176,0,0,0,Off-Screen,10020_10430_31,,0,,,,,,,,,,,,,,,,,0:00:00,FALSE,,0,,,,0:02:56,,,TRUE
12-Aug-21,10020,10430,S1E10,John Carter,M,15:25:27,16:11:48,10020_10430_31,Nothing Happening,15:47:35,15:48:11,0:00:36,0:00:36,36,0,0,0,Nothing Happening,10020_10430_32,,0,,,,,,,,,,,,,,,,,0:00:00,FALSE,,0,,,,0:00:36,,,TRUE
12-Aug-21,10020,10430,S1E10,John Carter,M,15:25:27,16:11:48,10020_10430_32,Off-Screen,15:48:11,15:52:40,0:04:29,0:04:29,269,0,0,0,Off-Screen,10020_10430_33,,0,,,,,,,,,,,,,,,,,0:00:00,FALSE,,0,,,,0:04:29,,,TRUE
12-Aug-21,10020,10430,S1E10,John Carter,M,15:25:27,16:11:48,10020_10430_33,Professional Communication,15:52:40,15:52:50,0:00:10,0:00:10,10,Doctor(s),Talking,0,Hospital,10020_10430_34,,0,,,,,,,,,,,,,,,,,0:00:00,FALSE,,0,,,,0:00:10,,,TRUE
12-Aug-21,10020,10430,S1E10,John Carter,M,15:25:27,16:11:48,10020_10430_34,In-transit,15:52:50,15:52:55,0:00:05,0:00:05,5,0,0,0,Hospital,10020_10430_35,,0,,,,,,,,,,,,,,,,,0:00:00,FALSE,,0,,,,0:00:05,,,TRUE
12-Aug-21,10020,10430,S1E10,John Carter,M,15:25:27,16:11:48,10020_10430_35,Off-Screen,15:52:55,15:55:44,0:02:49,0:02:49,169,0,0,0,Off-Screen,10020_10430_36,,0,,,,,,,,,,,,,,,,,0:00:00,FALSE,,0,,,,0:02:49,,,TRUE
12-Aug-21,10020,10430,S1E10,John Carter,M,15:25:27,16:11:48,10020_10430_36,In-transit,15:55:44,15:56:15,0:00:31,0:00:31,31,0,0,0,Hospital,user,"10020_10430_37,10020_10430_38",2,2,10020_10430_37,15:55:46,15:55:52,2,10020_10430_38,15:55:53,15:56:15,,,,,,,,,0:00:28,FALSE,,0,,,,0:00:31,,,TRUE
12-Aug-21,10020,10430,S1E10,John Carter,M,15:25:27,16:11:48,10020_10430_37,Professional Communication,15:55:46,15:55:52,0:00:06,0:00:06,6,Nurse,Talking,0,Hospital,user,10020_10430_36,1,2,10020_10430_36,15:55:46,15:55:52,,,,,,,,,,,,,0:00:06,FALSE,,0,,,,0:00:06,,,TRUE
12-Aug-21,10020,10430,S1E10,John Carter,M,15:25:27,16:11:48,10020_10430_38,Direct Care,15:55:53,15:56:18,0:00:25,0:00:25,25,Patient,Talking,0,Hospital,10020_10430_39,10020_10430_36,1,2,10020_10430_36,15:55:53,15:56:15,,,,,,,,,,,,,0:00:22,FALSE,,0,,,,0:00:25,,,TRUE
12-Aug-21,10020,10430,S1E10,John Carter,M,15:25:27,16:11:48,10020_10430_39,Off-Screen,15:56:18,16:02:29,0:06:11,0:06:11,371,0,0,0,Off-Screen,10020_10430_40,,0,,,,,,,,,,,,,,,,,0:00:00,FALSE,,0,,,,0:06:11,,,TRUE
12-Aug-21,10020,10430,S1E10,John Carter,M,15:25:27,16:11:48,10020_10430_40,Direct Care,16:02:29,16:03:09,0:00:40,0:00:40,40,Patient,Talking,0,Hospital,10020_10430_41,,0,,,,,,,,,,,,,,,,,0:00:00,FALSE,,0,,,,0:00:40,,,TRUE
12-Aug-21,10020,10430,S1E10,John Carter,M,15:25:27,16:11:48,10020_10430_41,Off-Screen,16:03:09,16:04:09,0:01:00,0:01:00,60,0,0,0,Off-Screen,10020_10430_42,,0,,,,,,,,,,,,,,,,,0:00:00,FALSE,,0,,,,0:01:00,,,TRUE
12-Aug-21,10020,10430,S1E10,John Carter,M,15:25:27,16:11:48,10020_10430_42,In-transit,16:04:09,16:04:15,0:00:06,0:00:06,6,0,0,0,Hospital,10020_10430_43,,0,,,,,,,,,,,,,,,,,0:00:00,FALSE,,0,,,,0:00:06,,,TRUE
12-Aug-21,10020,10430,S1E10,John Carter,M,15:25:27,16:11:48,10020_10430_43,Social,16:04:15,16:04:42,0:00:27,0:00:27,27,Other,Talking,0,Hospital,10020_10430_44,,0,,,,,,,,,,,,,,,,,0:00:00,FALSE,,0,,,,0:00:27,,,TRUE
12-Aug-21,10020,10430,S1E10,John Carter,M,15:25:27,16:11:48,10020_10430_44,Professional Communication,16:04:42,16:06:05,0:01:23,0:01:23,83,Doctor(s),Talking,0,Hospital,10020_10430_45,,0,,,,,,,,,,,,,,,,,0:00:00,FALSE,,0,,,,0:01:23,,,TRUE
12-Aug-21,10020,10430,S1E10,John Carter,M,15:25:27,16:11:48,10020_10430_45,Off-Screen,16:06:05,16:09:19,0:03:14,0:03:14,194,0,0,0,Off-Screen,10020_10430_46,,0,,,,,,,,,,,,,,,,,0:00:00,FALSE,,0,,,,0:03:14,,,TRUE
12-Aug-21,10020,10430,S1E10,John Carter,M,15:25:27,16:11:48,10020_10430_46,Social,16:09:19,16:10:14,0:00:55,0:00:55,55,Doctor(s),Talking,0,Hospital,10020_10430_47,,0,,,,,,,,,,,,,,,,,0:00:00,FALSE,,0,,,,0:00:55,,,TRUE
12-Aug-21,10020,10430,S1E10,John Carter,M,15:25:27,16:11:48,10020_10430_47,Off-Screen,16:10:14,16:11:48,0:01:34,0:01:34,94,0,0,0,Off-Screen,session,,0,,,,,,,,,,,,,,,,,0:00:00,FALSE,,0,,,,0:01:34,,,TRUE
12-Aug-21,10020,10426,S1E13,John Carter,M,18:45:18,19:29:52,10020_10426_1,Nothing Happening,18:45:18,18:45:26,0:00:08,0:00:08,8,0,0,0,Nothing Happening,10020_10426_2,,0,,,,,,,,,,,,,,,,,0:00:00,FALSE,,0,,,,0:00:08,,,TRUE
12-Aug-21,10020,10426,S1E13,John Carter,M,18:45:18,19:29:52,10020_10426_2,Off-Screen,18:45:26,18:46:39,0:01:13,0:01:13,73,0,0,0,Off-Screen,10020_10426_3,,0,,,,,,,,,,,,,,,,,0:00:00,FALSE,,0,,,,0:01:13,,,TRUE
12-Aug-21,10020,10426,S1E13,John Carter,M,18:45:18,19:29:52,10020_10426_3,Professional Communication,18:46:39,18:46:48,0:00:09,0:00:09,9,Doctor(s),Talking,0,Hospital,10020_10426_4,,0,,,,,,,,,,,,,,,,,0:00:00,FALSE,,0,,,,0:00:09,,,TRUE
12-Aug-21,10020,10426,S1E13,John Carter,M,18:45:18,19:29:52,10020_10426_4,Off-Screen,18:46:48,18:46:51,0:00:03,0:00:03,3,0,0,0,Off-Screen,10020_10426_5,,0,,,,,,,,,,,,,,,,,0:00:00,FALSE,,0,,,,0:00:03,,,TRUE
12-Aug-21,10020,10426,S1E13,John Carter,M,18:45:18,19:29:52,10020_10426_5,Professional Communication,18:46:51,18:47:08,0:00:17,0:00:17,17,Doctor(s),Talking,0,Hospital,10020_10426_6,,0,,,,,,,,,,,,,,,,,0:00:00,FALSE,,0,,,,0:00:17,,,TRUE
12-Aug-21,10020,10426,S1E13,John Carter,M,18:45:18,19:29:52,10020_10426_6,Off-Screen,18:47:08,18:49:49,0:02:41,0:02:41,161,0,0,0,Off-Screen,10020_10426_7,,0,,,,,,,,,,,,,,,,,0:00:00,FALSE,,0,,,,0:02:41,,,TRUE
12-Aug-21,10020,10426,S1E13,John Carter,M,18:45:18,19:29:52,10020_10426_7,Nothing Happening,18:49:49,18:50:33,0:00:44,0:00:44,44,0,0,0,Nothing Happening,10020_10426_8,,0,,,,,,,,,,,,,,,,,0:00:00,FALSE,,0,,,,0:00:44,,,TRUE
12-Aug-21,10020,10426,S1E13,John Carter,M,18:45:18,19:29:52,10020_10426_8,Off-Screen,18:50:33,18:52:44,0:02:11,0:02:11,131,0,0,0,Off-Screen,10020_10426_9,,0,,,,,,,,,,,,,,,,,0:00:00,FALSE,,0,,,,0:02:11,,,TRUE
12-Aug-21,10020,10426,S1E13,John Carter,M,18:45:18,19:29:52,10020_10426_9,Professional Communication,18:52:44,18:53:08,0:00:24,0:00:24,24,Doctor(s),Talking,0,Hospital,10020_10426_11,10020_10426_10,1,2,10020_10426_10,18:52:46,18:52:57,,,,,,,,,,,,,0:00:11,FALSE,,0,,,,0:00:24,,,TRUE
12-Aug-21,10020,10426,S1E13,John Carter,M,18:45:18,19:29:52,10020_10426_10,In-transit,18:52:46,18:52:57,0:00:11,0:00:11,11,0,0,0,Hospital,user,10020_10426_9,1,2,10020_10426_9,18:52:46,18:52:57,,,,,,,,,,,,,0:00:11,FALSE,,0,,,,0:00:11,,,TRUE
12-Aug-21,10020,10426,S1E13,John Carter,M,18:45:18,19:29:52,10020_10426_11,Off-Screen,18:53:08,18:56:26,0:03:18,0:03:18,198,0,0,0,Off-Screen,10020_10426_12,,0,,,,,,,,,,,,,,,,,0:00:00,FALSE,,0,,,,0:03:18,,,TRUE
12-Aug-21,10020,10426,S1E13,John Carter,M,18:45:18,19:29:52,10020_10426_12,Nothing Happening,18:56:26,18:56:58,0:00:32,0:00:32,32,0,0,0,Nothing Happening,10020_10426_13,,0,,,,,,,,,,,,,,,,,0:00:00,FALSE,,0,,,,0:00:32,,,TRUE
12-Aug-21,10020,10426,S1E13,John Carter,M,18:45:18,19:29:52,10020_10426_13,Off-Screen,18:56:58,19:00:20,0:03:22,0:03:22,202,0,0,0,Off-Screen,10020_10426_14,,0,,,,,,,,,,,,,,,,,0:00:00,FALSE,,0,,,,0:03:22,,,TRUE
12-Aug-21,10020,10426,S1E13,John Carter,M,18:45:18,19:29:52,10020_10426_14,Professional Communication,19:00:20,19:00:44,0:00:24,0:00:24,24,Doctor(s),Talking,0,Hospital,10020_10426_15,,0,,,,,,,,,,,,,,,,,0:00:00,FALSE,,0,,,,0:00:24,,,TRUE
12-Aug-21,10020,10426,S1E13,John Carter,M,18:45:18,19:29:52,10020_10426_15,Document,19:00:44,19:01:02,0:00:18,0:00:18,18,0,0,0,Hospital,10020_10426_16,,0,,,,,,,,,,,,,,,,,0:00:00,FALSE,,0,,,,0:00:18,,,TRUE
12-Aug-21,10020,10426,S1E13,John Carter,M,18:45:18,19:29:52,10020_10426_16,In-transit,19:01:02,19:01:15,0:00:13,0:00:13,13,0,0,0,Hospital,10020_10426_17,,0,,,,,,,,,,,,,,,,,0:00:00,FALSE,,0,,,,0:00:13,,,TRUE
12-Aug-21,10020,10426,S1E13,John Carter,M,18:45:18,19:29:52,10020_10426_17,Professional Communication,19:01:15,19:01:21,0:00:06,0:00:06,6,Doctor(s),Talking,0,Hospital,10020_10426_18,,0,,,,,,,,,,,,,,,,,0:00:00,FALSE,,0,,,,0:00:06,,,TRUE
12-Aug-21,10020,10426,S1E13,John Carter,M,18:45:18,19:29:52,10020_10426_18,Off-Screen,19:01:21,19:10:30,0:09:09,0:09:09,549,0,0,0,Off-Screen,10020_10426_19,,0,,,,,,,,,,,,,,,,,0:00:00,FALSE,,0,,,,0:09:09,,,TRUE
12-Aug-21,10020,10426,S1E13,John Carter,M,18:45:18,19:29:52,10020_10426_19,Professional Communication,19:10:30,19:10:46,0:00:16,0:00:16,16,Doctor(s),Talking,0,Hospital,10020_10426_20,,0,,,,,,,,,,,,,,,,,0:00:00,FALSE,,0,,,,0:00:16,,,TRUE
12-Aug-21,10020,10426,S1E13,John Carter,M,18:45:18,19:29:52,10020_10426_20,In-transit,19:10:46,19:10:49,0:00:03,0:00:03,3,0,0,0,Hospital,10020_10426_21,,0,,,,,,,,,,,,,,,,,0:00:00,FALSE,,0,,,,0:00:03,,,TRUE
12-Aug-21,10020,10426,S1E13,John Carter,M,18:45:18,19:29:52,10020_10426_21,Off-Screen,19:10:49,19:10:52,0:00:03,0:00:03,3,0,0,0,Off-Screen,10020_10426_22,,0,,,,,,,,,,,,,,,,,0:00:00,FALSE,,0,,,,0:00:03,,,TRUE
12-Aug-21,10020,10426,S1E13,John Carter,M,18:45:18,19:29:52,10020_10426_22,Professional Communication,19:10:52,19:11:22,0:00:30,0:00:30,30,Doctor(s),Talking,0,Hospital,10020_10426_24,10020_10426_23,1,2,10020_10426_23,19:10:57,19:11:22,,,,,,,,,,,,,0:00:25,FALSE,,0,,,,0:00:30,,,TRUE
12-Aug-21,10020,10426,S1E13,John Carter,M,18:45:18,19:29:52,10020_10426_23,Direct Care,19:10:57,19:11:22,0:00:25,0:00:25,25,0,0,0,Hospital,10020_10426_24,10020_10426_22,1,2,10020_10426_22,19:10:57,19:11:22,,,,,,,,,,,,,0:00:25,FALSE,,0,,,,0:00:25,,,TRUE
12-Aug-21,10020,10426,S1E13,John Carter,M,18:45:18,19:29:52,10020_10426_24,Off-Screen,19:11:22,19:18:02,0:06:40,0:06:40,400,0,0,0,Off-Screen,10020_10426_25,,0,,,,,,,,,,,,,,,,,0:00:00,FALSE,,0,,,,0:06:40,,,TRUE
12-Aug-21,10020,10426,S1E13,John Carter,M,18:45:18,19:29:52,10020_10426_25,Nothing Happening,19:18:02,19:18:37,0:00:35,0:00:35,35,0,0,0,Nothing Happening,10020_10426_26,,0,,,,,,,,,,,,,,,,,0:00:00,FALSE,,0,,,,0:00:35,,,TRUE
12-Aug-21,10020,10426,S1E13,John Carter,M,18:45:18,19:29:52,10020_10426_26,Off-Screen,19:18:37,19:22:36,0:03:59,0:03:59,239,0,0,0,Off-Screen,10020_10426_27,,0,,,,,,,,,,,,,,,,,0:00:00,FALSE,,0,,,,0:03:59,,,TRUE
12-Aug-21,10020,10426,S1E13,John Carter,M,18:45:18,19:29:52,10020_10426_27,Nothing Happening,19:22:36,19:22:48,0:00:12,0:00:12,12,0,0,0,Hospital,10020_10426_28,,0,,,,,,,,,,,,,,,,,0:00:00,FALSE,,0,,,,0:00:12,,,TRUE
12-Aug-21,10020,10426,S1E13,John Carter,M,18:45:18,19:29:52,10020_10426_28,Professional Communication,19:22:48,19:23:36,0:00:48,0:00:48,48,Doctor(s),Talking,0,Hospital,10020_10426_29,,0,,,,,,,,,,,,,,,,,0:00:00,FALSE,,0,,,,0:00:48,,,TRUE
12-Aug-21,10020,10426,S1E13,John Carter,M,18:45:18,19:29:52,10020_10426_29,Off-Screen,19:23:36,19:27:03,0:03:27,0:03:27,207,0,0,0,Off-Screen,10020_10426_30,,0,,,,,,,,,,,,,,,,,0:00:00,FALSE,,0,,,,0:03:27,,,TRUE
12-Aug-21,10020,10426,S1E13,John Carter,M,18:45:18,19:29:52,10020_10426_30,Social,19:27:03,19:27:19,0:00:16,0:00:16,16,Doctor(s),Talking,0,Community,10020_10426_31,,0,,,,,,,,,,,,,,,,,0:00:00,FALSE,,0,,,,0:00:16,,,TRUE
12-Aug-21,10020,10426,S1E13,John Carter,M,18:45:18,19:29:52,10020_10426_31,Off-Screen,19:27:19,19:27:46,0:00:27,0:00:27,27,0,0,0,Off-Screen,10020_10426_32,,0,,,,,,,,,,,,,,,,,0:00:00,FALSE,,0,,,,0:00:27,,,TRUE
12-Aug-21,10020,10426,S1E13,John Carter,M,18:45:18,19:29:52,10020_10426_32,Social,19:27:46,19:27:59,0:00:13,0:00:13,13,Doctor(s),Talking,0,Hospital,10020_10426_33,,0,,,,,,,,,,,,,,,,,0:00:00,FALSE,,0,,,,0:00:13,,,TRUE
12-Aug-21,10020,10426,S1E13,John Carter,M,18:45:18,19:29:52,10020_10426_33,Off-Screen,19:27:59,19:28:25,0:00:26,0:00:26,26,0,0,0,Off-Screen,10020_10426_34,,0,,,,,,,,,,,,,,,,,0:00:00,FALSE,,0,,,,0:00:26,,,TRUE
12-Aug-21,10020,10426,S1E13,John Carter,M,18:45:18,19:29:52,10020_10426_34,Social,19:28:25,19:28:43,0:00:18,0:00:18,18,Doctor(s),Talking,0,Hospital,10020_10426_35,,0,,,,,,,,,,,,,,,,,0:00:00,FALSE,,0,,,,0:00:18,,,TRUE
12-Aug-21,10020,10426,S1E13,John Carter,M,18:45:18,19:29:52,10020_10426_35,Off-Screen,19:28:43,19:29:52,0:01:09,0:01:09,69,0,0,0,Off-Screen,session,,0,,,,,,,,,,,,,,,,,0:00:00,FALSE,,0,,,,0:01:09,,,TRUE
15-Aug-21,10020,10442,S1E20,John Carter,M,16:14:10,17:00:13,10020_10442_1,Nothing Happening,16:14:10,16:14:24,0:00:14,0:00:14,14,0,0,0,Nothing Happening,10020_10442_2,,0,,,,,,,,,,,,,,,,,0:00:00,FALSE,,0,,,,0:00:14,,,TRUE
15-Aug-21,10020,10442,S1E20,John Carter,M,16:14:10,17:00:13,10020_10442_2,Off-Screen,16:14:24,16:16:49,0:02:25,0:02:25,145,0,0,0,Off-Screen,10020_10442_3,,0,,,,,,,,,,,,,,,,,0:00:00,FALSE,,0,,,,0:02:25,,,TRUE
15-Aug-21,10020,10442,S1E20,John Carter,M,16:14:10,17:00:13,10020_10442_3,Nothing Happening,16:16:49,16:16:54,0:00:05,0:00:05,5,0,0,0,Hospital,10020_10442_4,,0,,,,,,,,,,,,,,,,,0:00:00,FALSE,,0,,,,0:00:05,,,TRUE
15-Aug-21,10020,10442,S1E20,John Carter,M,16:14:10,17:00:13,10020_10442_4,Social,16:16:54,16:16:57,0:00:03,0:00:03,3,Doctor(s),Talking,0,Hospital,10020_10442_5,,0,,,,,,,,,,,,,,,,,0:00:00,FALSE,,0,,,,0:00:03,,,TRUE
15-Aug-21,10020,10442,S1E20,John Carter,M,16:14:10,17:00:13,10020_10442_5,Professional Communication,16:16:57,16:17:07,0:00:10,0:00:10,10,Doctor(s),Talking,0,Hospital,10020_10442_6,,0,,,,,,,,,,,,,,,,,0:00:00,FALSE,,0,,,,0:00:10,,,TRUE
15-Aug-21,10020,10442,S1E20,John Carter,M,16:14:10,17:00:13,10020_10442_6,Direct Care,16:17:07,16:17:25,0:00:18,0:00:18,18,Patient,Talking,0,Hospital,10020_10442_9,"10020_10442_7,10020_10442_8",2,2,10020_10442_7,16:17:10,16:17:12,3,"10020_10442_7,10020_10442_8",16:17:12,16:17:25,,,,,,,,,0:00:15,FALSE,,0,,,,0:00:18,,,TRUE
15-Aug-21,10020,10442,S1E20,John Carter,M,16:14:10,17:00:13,10020_10442_7,In-transit,16:17:10,16:17:20,0:00:10,0:00:10,10,0,0,0,Hospital,user,"10020_10442_6,10020_10442_8",2,2,10020_10442_6,16:17:10,16:17:12,3,"10020_10442_6,10020_10442_8",16:17:12,16:17:20,,,,,,,,,0:00:10,FALSE,,0,,,,0:00:10,,,TRUE
15-Aug-21,10020,10442,S1E20,John Carter,M,16:14:10,17:00:13,10020_10442_8,Professional Communication,16:17:12,16:17:25,0:00:13,0:00:13,13,Nurse,Talking,0,Hospital,10020_10442_9,"10020_10442_7,10020_10442_6",1,3,"10020_10442_7,10020_10442_6",16:17:12,16:17:25,,,,,,,,,,,,,0:00:13,FALSE,,0,,,,0:00:13,,,TRUE
15-Aug-21,10020,10442,S1E20,John Carter,M,16:14:10,17:00:13,10020_10442_9,Professional Communication,16:17:25,16:17:38,0:00:13,0:00:13,13,Doctor(s),Talking,0,Hospital,10020_10442_10,,0,,,,,,,,,,,,,,,,,0:00:00,FALSE,,0,,,,0:00:13,,,TRUE
15-Aug-21,10020,10442,S1E20,John Carter,M,16:14:10,17:00:13,10020_10442_10,Off-Screen,16:17:38,16:17:49,0:00:11,0:00:11,11,0,0,0,Off-Screen,10020_10442_11,,0,,,,,,,,,,,,,,,,,0:00:00,FALSE,,0,,,,0:00:11,,,TRUE
15-Aug-21,10020,10442,S1E20,John Carter,M,16:14:10,17:00:13,10020_10442_11,In-transit,16:17:49,16:18:01,0:00:12,0:00:12,12,0,0,0,Hospital,10020_10442_12,,0,,,,,,,,,,,,,,,,,0:00:00,FALSE,,0,,,,0:00:12,,,TRUE
15-Aug-21,10020,10442,S1E20,John Carter,M,16:14:10,17:00:13,10020_10442_12,Off-Screen,16:18:01,16:18:23,0:00:22,0:00:22,22,0,0,0,Off-Screen,10020_10442_13,,0,,,,,,,,,,,,,,,,,0:00:00,FALSE,,0,,,,0:00:22,,,TRUE
15-Aug-21,10020,10442,S1E20,John Carter,M,16:14:10,17:00:13,10020_10442_13,In-transit,16:18:23,16:18:26,0:00:03,0:00:03,3,0,0,0,Hospital,10020_10442_14,,0,,,,,,,,,,,,,,,,,0:00:00,FALSE,,0,,,,0:00:03,,,TRUE
15-Aug-21,10020,10442,S1E20,John Carter,M,16:14:10,17:00:13,10020_10442_14,Professional Communication,16:18:26,16:18:30,0:00:04,0:00:04,4,Doctor(s),Talking,0,Hospital,10020_10442_15,,0,,,,,,,,,,,,,,,,,0:00:00,FALSE,,0,,,,0:00:04,,,TRUE
15-Aug-21,10020,10442,S1E20,John Carter,M,16:14:10,17:00:13,10020_10442_15,Nothing Happening,16:18:30,16:19:51,0:01:21,0:01:21,81,0,0,0,Nothing Happening,10020_10442_16,,0,,,,,,,,,,,,,,,,,0:00:00,FALSE,,0,,,,0:01:21,,,TRUE
15-Aug-21,10020,10442,S1E20,John Carter,M,16:14:10,17:00:13,10020_10442_16,Off-Screen,16:19:51,16:19:56,0:00:05,0:00:05,5,0,0,0,Off-Screen,10020_10442_17,,0,,,,,,,,,,,,,,,,,0:00:00,FALSE,,0,,,,0:00:05,,,TRUE
15-Aug-21,10020,10442,S1E20,John Carter,M,16:14:10,17:00:13,10020_10442_17,In-transit,16:19:56,16:19:59,0:00:03,0:00:03,3,0,0,0,Hospital,10020_10442_18,,0,,,,,,,,,,,,,,,,,0:00:00,FALSE,,0,,,,0:00:03,,,TRUE
15-Aug-21,10020,10442,S1E20,John Carter,M,16:14:10,17:00:13,10020_10442_18,Professional Communication,16:19:59,16:20:12,0:00:13,0:00:13,13,Doctor(s),Talking,0,Hospital,10020_10442_19,,0,,,,,,,,,,,,,,,,,0:00:00,FALSE,,0,,,,0:00:13,,,TRUE
15-Aug-21,10020,10442,S1E20,John Carter,M,16:14:10,17:00:13,10020_10442_19,Off-Screen,16:20:12,16:20:29,0:00:17,0:00:17,17,0,0,0,Off-Screen,10020_10442_20,,0,,,,,,,,,,,,,,,,,0:00:00,FALSE,,0,,,,0:00:17,,,TRUE
15-Aug-21,10020,10442,S1E20,John Carter,M,16:14:10,17:00:13,10020_10442_20,In-transit,16:20:29,16:20:31,0:00:02,0:00:02,2,0,0,0,Hospital,10020_10442_21,,0,,,,,,,,,,,,,,,,,0:00:00,FALSE,,0,,,,0:00:02,,,TRUE
15-Aug-21,10020,10442,S1E20,John Carter,M,16:14:10,17:00:13,10020_10442_21,Off-Screen,16:20:31,16:20:50,0:00:19,0:00:19,19,0,0,0,Off-Screen,10020_10442_22,,0,,,,,,,,,,,,,,,,,0:00:00,FALSE,,0,,,,0:00:19,,,TRUE
15-Aug-21,10020,10442,S1E20,John Carter,M,16:14:10,17:00:13,10020_10442_22,In-transit,16:20:50,16:20:59,0:00:09,0:00:09,9,0,0,0,Hospital,user,10020_10442_23,1,2,10020_10442_23,16:20:51,16:20:59,,,,,,,,,,,,,0:00:08,FALSE,,0,,,,0:00:09,,,TRUE
15-Aug-21,10020,10442,S1E20,John Carter,M,16:14:10,17:00:13,10020_10442_23,Direct Care,16:20:51,16:22:01,0:01:10,0:01:10,70,0,0,0,Hospital,10020_10442_25,"10020_10442_22,10020_10442_24",2,2,10020_10442_22,16:20:51,16:20:59,2,10020_10442_24,16:21:05,16:22:01,,,,,,,,,0:01:04,FALSE,,0,,,,0:01:10,,,TRUE
15-Aug-21,10020,10442,S1E20,John Carter,M,16:14:10,17:00:13,10020_10442_24,Professional Communication,16:21:05,16:22:01,0:00:56,0:00:56,56,Doctor(s),Talking,0,Hospital,10020_10442_25,10020_10442_23,1,2,10020_10442_23,16:21:05,16:22:01,,,,,,,,,,,,,0:00:56,FALSE,,0,,,,0:00:56,,,TRUE
15-Aug-21,10020,10442,S1E20,John Carter,M,16:14:10,17:00:13,10020_10442_25,Off-Screen,16:22:01,16:22:57,0:00:56,0:00:56,56,0,0,0,Off-Screen,10020_10442_26,,0,,,,,,,,,,,,,,,,,0:00:00,FALSE,,0,,,,0:00:56,,,TRUE
15-Aug-21,10020,10442,S1E20,John Carter,M,16:14:10,17:00:13,10020_10442_26,Direct Care,16:22:57,16:23:32,0:00:35,0:00:35,35,0,0,0,Hospital,10020_10442_28,10020_10442_27,1,2,10020_10442_27,16:23:06,16:23:32,,,,,,,,,,,,,0:00:26,FALSE,,0,,,,0:00:35,,,TRUE
15-Aug-21,10020,10442,S1E20,John Carter,M,16:14:10,17:00:13,10020_10442_27,Professional Communication,16:23:06,16:23:32,0:00:26,0:00:26,26,Doctor(s),Talking,0,Hospital,10020_10442_28,10020_10442_26,1,2,10020_10442_26,16:23:06,16:23:32,,,,,,,,,,,,,0:00:26,FALSE,,0,,,,0:00:26,,,TRUE
15-Aug-21,10020,10442,S1E20,John Carter,M,16:14:10,17:00:13,10020_10442_28,Off-Screen,16:23:32,16:24:07,0:00:35,0:00:35,35,0,0,0,Off-Screen,10020_10442_29,,0,,,,,,,,,,,,,,,,,0:00:00,FALSE,,0,,,,0:00:35,,,TRUE
15-Aug-21,10020,10442,S1E20,John Carter,M,16:14:10,17:00:13,10020_10442_29,Professional Communication,16:24:07,16:24:16,0:00:09,0:00:09,9,Doctor(s),Talking,0,Hospital,10020_10442_30,,0,,,,,,,,,,,,,,,,,0:00:00,FALSE,,0,,,,0:00:09,,,TRUE
15-Aug-21,10020,10442,S1E20,John Carter,M,16:14:10,17:00:13,10020_10442_30,Off-Screen,16:24:16,16:28:16,0:04:00,0:04:00,240,0,0,0,Off-Screen,10020_10442_31,,0,,,,,,,,,,,,,,,,,0:00:00,FALSE,,0,,,,0:04:00,,,TRUE
15-Aug-21,10020,10442,S1E20,John Carter,M,16:14:10,17:00:13,10020_10442_31,Professional Communication,16:28:16,16:28:28,0:00:12,0:00:12,12,Doctor(s),Talking,0,Hospital,10020_10442_33,10020_10442_32,1,2,10020_10442_32,16:28:18,16:28:24,,,,,,,,,,,,,0:00:06,FALSE,,0,,,,0:00:12,,,TRUE
15-Aug-21,10020,10442,S1E20,John Carter,M,16:14:10,17:00:13,10020_10442_32,In-transit,16:28:18,16:28:24,0:00:06,0:00:06,6,0,0,0,Hospital,user,10020_10442_31,1,2,10020_10442_31,16:28:18,16:28:24,,,,,,,,,,,,,0:00:06,FALSE,,0,,,,0:00:06,,,TRUE
15-Aug-21,10020,10442,S1E20,John Carter,M,16:14:10,17:00:13,10020_10442_33,In-transit,16:28:28,16:28:31,0:00:03,0:00:03,3,0,0,0,Hospital,10020_10442_34,,0,,,,,,,,,,,,,,,,,0:00:00,FALSE,,0,,,,0:00:03,,,TRUE
15-Aug-21,10020,10442,S1E20,John Carter,M,16:14:10,17:00:13,10020_10442_34,Off-Screen,16:28:31,16:30:39,0:02:08,0:02:08,128,0,0,0,Off-Screen,10020_10442_35,,0,,,,,,,,,,,,,,,,,0:00:00,FALSE,,0,,,,0:02:08,,,TRUE
15-Aug-21,10020,10442,S1E20,John Carter,M,16:14:10,17:00:13,10020_10442_35,Direct Care,16:30:39,16:31:37,0:00:58,0:00:58,58,Patient,Talking,0,Hospital,10020_10442_36,,0,,,,,,,,,,,,,,,,,0:00:00,FALSE,,0,,,,0:00:58,,,TRUE
15-Aug-21,10020,10442,S1E20,John Carter,M,16:14:10,17:00:13,10020_10442_36,Off-Screen,16:31:37,16:33:08,0:01:31,0:01:31,91,0,0,0,Off-Screen,10020_10442_37,,0,,,,,,,,,,,,,,,,,0:00:00,FALSE,,0,,,,0:01:31,,,TRUE
15-Aug-21,10020,10442,S1E20,John Carter,M,16:14:10,17:00:13,10020_10442_37,In-transit,16:33:08,16:33:10,0:00:02,0:00:02,2,0,0,0,Hospital,10020_10442_38,,0,,,,,,,,,,,,,,,,,0:00:00,FALSE,,0,,,,0:00:02,,,TRUE
15-Aug-21,10020,10442,S1E20,John Carter,M,16:14:10,17:00:13,10020_10442_38,Direct Care,16:33:10,16:34:10,0:01:00,0:01:00,60,Patient,Talking,0,Hospital,10020_10442_39,,0,,,,,,,,,,,,,,,,,0:00:00,FALSE,,0,,,,0:01:00,,,TRUE
15-Aug-21,10020,10442,S1E20,John Carter,M,16:14:10,17:00:13,10020_10442_39,In-transit,16:34:10,16:34:15,0:00:05,0:00:05,5,0,0,0,Hospital,10020_10442_40,,0,,,,,,,,,,,,,,,,,0:00:00,FALSE,,0,,,,0:00:05,,,TRUE
15-Aug-21,10020,10442,S1E20,John Carter,M,16:14:10,17:00:13,10020_10442_40,Off-Screen,16:34:15,16:34:59,0:00:44,0:00:44,44,0,0,0,Off-Screen,10020_10442_41,,0,,,,,,,,,,,,,,,,,0:00:00,FALSE,,0,,,,0:00:44,,,TRUE
15-Aug-21,10020,10442,S1E20,John Carter,M,16:14:10,17:00:13,10020_10442_41,Professional Communication,16:34:59,16:35:05,0:00:06,0:00:06,6,Doctor(s),Talking,0,Hospital,10020_10442_42,,0,,,,,,,,,,,,,,,,,0:00:00,FALSE,,0,,,,0:00:06,,,TRUE
15-Aug-21,10020,10442,S1E20,John Carter,M,16:14:10,17:00:13,10020_10442_42,Off-Screen,16:35:05,16:35:12,0:00:07,0:00:07,7,0,0,0,Off-Screen,10020_10442_43,,0,,,,,,,,,,,,,,,,,0:00:00,FALSE,,0,,,,0:00:07,,,TRUE
15-Aug-21,10020,10442,S1E20,John Carter,M,16:14:10,17:00:13,10020_10442_43,Professional Communication,16:35:12,16:35:16,0:00:04,0:00:04,4,Nurse,Talking,0,Hospital,10020_10442_44,,0,,,,,,,,,,,,,,,,,0:00:00,FALSE,,0,,,,0:00:04,,,TRUE
15-Aug-21,10020,10442,S1E20,John Carter,M,16:14:10,17:00:13,10020_10442_44,In-transit,16:35:16,16:35:18,0:00:02,0:00:02,2,0,0,0,Hospital,10020_10442_45,,0,,,,,,,,,,,,,,,,,0:00:00,FALSE,,0,,,,0:00:02,,,TRUE
15-Aug-21,10020,10442,S1E20,John Carter,M,16:14:10,17:00:13,10020_10442_45,Off-Screen,16:35:18,16:38:19,0:03:01,0:03:01,181,0,0,0,Off-Screen,10020_10442_46,,0,,,,,,,,,,,,,,,,,0:00:00,FALSE,,0,,,,0:03:01,,,TRUE
15-Aug-21,10020,10442,S1E20,John Carter,M,16:14:10,17:00:13,10020_10442_46,Indirect Care,16:38:19,16:38:32,0:00:13,0:00:13,13,0,0,0,Hospital,user,10020_10442_47,1,2,10020_10442_47,16:38:21,16:38:32,,,,,,,,,,,,,0:00:11,FALSE,,0,,,,0:00:13,,,TRUE
15-Aug-21,10020,10442,S1E20,John Carter,M,16:14:10,17:00:13,10020_10442_47,Professional Communication,16:38:21,16:38:38,0:00:17,0:00:17,17,Doctor(s),Talking,0,Hospital,10020_10442_49,"10020_10442_46,10020_10442_48",2,2,10020_10442_46,16:38:21,16:38:32,2,10020_10442_48,16:38:34,16:38:38,,,,,,,,,0:00:15,FALSE,,0,,,,0:00:17,,,TRUE
15-Aug-21,10020,10442,S1E20,John Carter,M,16:14:10,17:00:13,10020_10442_48,In-transit,16:38:34,16:38:38,0:00:04,0:00:04,4,0,0,0,Hospital,10020_10442_49,10020_10442_47,1,2,10020_10442_47,16:38:34,16:38:38,,,,,,,,,,,,,0:00:04,FALSE,,0,,,,0:00:04,,,TRUE
15-Aug-21,10020,10442,S1E20,John Carter,M,16:14:10,17:00:13,10020_10442_49,Direct Care,16:38:38,16:39:20,0:00:42,0:00:42,42,Patient,Talking,0,Hospital,10020_10442_51,10020_10442_50,1,2,10020_10442_50,16:38:59,16:39:20,,,,,,,,,,,,,0:00:21,FALSE,,0,,,,0:00:42,,,TRUE
15-Aug-21,10020,10442,S1E20,John Carter,M,16:14:10,17:00:13,10020_10442_50,Professional Communication,16:38:59,16:39:20,0:00:21,0:00:21,21,Doctor(s),Talking,0,Hospital,10020_10442_51,10020_10442_49,1,2,10020_10442_49,16:38:59,16:39:20,,,,,,,,,,,,,0:00:21,FALSE,,0,,,,0:00:21,,,TRUE
15-Aug-21,10020,10442,S1E20,John Carter,M,16:14:10,17:00:13,10020_10442_51,Off-Screen,16:39:20,16:41:42,0:02:22,0:02:22,142,0,0,0,Off-Screen,10020_10442_52,,0,,,,,,,,,,,,,,,,,0:00:00,FALSE,,0,,,,0:02:22,,,TRUE
15-Aug-21,10020,10442,S1E20,John Carter,M,16:14:10,17:00:13,10020_10442_52,Direct Care,16:41:42,16:42:17,0:00:35,0:00:35,35,Patient,Talking,0,Hospital,10020_10442_53,,0,,,,,,,,,,,,,,,,,0:00:00,FALSE,,0,,,,0:00:35,,,TRUE
15-Aug-21,10020,10442,S1E20,John Carter,M,16:14:10,17:00:13,10020_10442_53,Off-Screen,16:42:17,16:43:07,0:00:50,0:00:50,50,0,0,0,Off-Screen,10020_10442_54,,0,,,,,,,,,,,,,,,,,0:00:00,FALSE,,0,,,,0:00:50,,,TRUE
15-Aug-21,10020,10442,S1E20,John Carter,M,16:14:10,17:00:13,10020_10442_54,Professional Communication,16:43:07,16:43:27,0:00:20,0:00:20,20,Nurse,Talking,0,Hospital,10020_10442_56,10020_10442_55,1,2,10020_10442_55,16:43:12,16:43:19,,,,,,,,,,,,,0:00:07,FALSE,,0,,,,0:00:20,,,TRUE
15-Aug-21,10020,10442,S1E20,John Carter,M,16:14:10,17:00:13,10020_10442_55,In-transit,16:43:12,16:43:19,0:00:07,0:00:07,7,0,0,0,Hospital,user,10020_10442_54,1,2,10020_10442_54,16:43:12,16:43:19,,,,,,,,,,,,,0:00:07,FALSE,,0,,,,0:00:07,,,TRUE
15-Aug-21,10020,10442,S1E20,John Carter,M,16:14:10,17:00:13,10020_10442_56,Nothing Happening,16:43:27,16:43:30,0:00:03,0:00:03,3,0,0,0,Hospital,10020_10442_57,,0,,,,,,,,,,,,,,,,,0:00:00,FALSE,,0,,,,0:00:03,,,TRUE
15-Aug-21,10020,10442,S1E20,John Carter,M,16:14:10,17:00:13,10020_10442_57,Off-Screen,16:43:30,16:47:40,0:04:10,0:04:10,250,0,0,0,Off-Screen,10020_10442_58,,0,,,,,,,,,,,,,,,,,0:00:00,FALSE,,0,,,,0:04:10,,,TRUE
15-Aug-21,10020,10442,S1E20,John Carter,M,16:14:10,17:00:13,10020_10442_58,Professional Communication,16:47:40,16:48:23,0:00:43,0:00:43,43,Doctor(s),Talking,0,Hospital,10020_10442_60,10020_10442_59,1,2,10020_10442_59,16:47:43,16:48:23,,,,,,,,,,,,,0:00:40,FALSE,,0,,,,0:00:43,,,TRUE
15-Aug-21,10020,10442,S1E20,John Carter,M,16:14:10,17:00:13,10020_10442_59,Direct Care,16:47:43,16:48:23,0:00:40,0:00:40,40,Patient,0,0,Hospital,10020_10442_60,10020_10442_58,1,2,10020_10442_58,16:47:43,16:48:23,,,,,,,,,,,,,0:00:40,FALSE,,0,,,,0:00:40,,,TRUE
15-Aug-21,10020,10442,S1E20,John Carter,M,16:14:10,17:00:13,10020_10442_60,Off-Screen,16:48:23,16:48:49,0:00:26,0:00:26,26,0,0,0,Off-Screen,10020_10442_61,,0,,,,,,,,,,,,,,,,,0:00:00,FALSE,,0,,,,0:00:26,,,TRUE
15-Aug-21,10020,10442,S1E20,John Carter,M,16:14:10,17:00:13,10020_10442_61,Professional Communication,16:48:49,16:49:13,0:00:24,0:00:24,24,Doctor(s),Talking,0,Hospital,10020_10442_63,10020_10442_62,1,2,10020_10442_62,16:48:51,16:49:13,,,,,,,,,,,,,0:00:22,FALSE,,0,,,,0:00:24,,,TRUE
15-Aug-21,10020,10442,S1E20,John Carter,M,16:14:10,17:00:13,10020_10442_62,Direct Care,16:48:51,16:49:13,0:00:22,0:00:22,22,Patient,0,0,Hospital,10020_10442_63,10020_10442_61,1,2,10020_10442_61,16:48:51,16:49:13,,,,,,,,,,,,,0:00:22,FALSE,,0,,,,0:00:22,,,TRUE
15-Aug-21,10020,10442,S1E20,John Carter,M,16:14:10,17:00:13,10020_10442_63,Off-Screen,16:49:13,16:49:34,0:00:21,0:00:21,21,0,0,0,Off-Screen,10020_10442_64,,0,,,,,,,,,,,,,,,,,0:00:00,FALSE,,0,,,,0:00:21,,,TRUE
15-Aug-21,10020,10442,S1E20,John Carter,M,16:14:10,17:00:13,10020_10442_64,Professional Communication,16:49:34,16:50:15,0:00:41,0:00:41,41,Doctor(s),Talking,0,Hospital,10020_10442_66,10020_10442_65,1,2,10020_10442_65,16:49:43,16:50:15,,,,,,,,,,,,,0:00:32,FALSE,,0,,,,0:00:41,,,TRUE
15-Aug-21,10020,10442,S1E20,John Carter,M,16:14:10,17:00:13,10020_10442_65,Direct Care,16:49:43,16:50:15,0:00:32,0:00:32,32,0,0,0,Hospital,10020_10442_66,10020_10442_64,1,2,10020_10442_64,16:49:43,16:50:15,,,,,,,,,,,,,0:00:32,FALSE,,0,,,,0:00:32,,,TRUE
15-Aug-21,10020,10442,S1E20,John Carter,M,16:14:10,17:00:13,10020_10442_66,Direct Care,16:50:15,16:50:23,0:00:08,0:00:08,8,Patient,0,0,Hospital,10020_10442_67,,0,,,,,,,,,,,,,,,,,0:00:00,FALSE,,0,,,,0:00:08,,,TRUE
15-Aug-21,10020,10442,S1E20,John Carter,M,16:14:10,17:00:13,10020_10442_67,Off-Screen,16:50:23,16:51:21,0:00:58,0:00:58,58,0,0,0,Off-Screen,10020_10442_68,,0,,,,,,,,,,,,,,,,,0:00:00,FALSE,,0,,,,0:00:58,,,TRUE
15-Aug-21,10020,10442,S1E20,John Carter,M,16:14:10,17:00:13,10020_10442_68,Professional Communication,16:51:21,16:51:36,0:00:15,0:00:15,15,Doctor(s),Talking,0,Hospital,10020_10442_69,,0,,,,,,,,,,,,,,,,,0:00:00,FALSE,,0,,,,0:00:15,,,TRUE
15-Aug-21,10020,10442,S1E20,John Carter,M,16:14:10,17:00:13,10020_10442_69,In-transit,16:51:36,16:51:41,0:00:05,0:00:05,5,0,0,0,Hospital,10020_10442_70,,0,,,,,,,,,,,,,,,,,0:00:00,FALSE,,0,,,,0:00:05,,,TRUE
15-Aug-21,10020,10442,S1E20,John Carter,M,16:14:10,17:00:13,10020_10442_70,Off-Screen,16:51:41,16:59:06,0:07:25,0:07:25,445,0,0,0,Off-Screen,10020_10442_71,,0,,,,,,,,,,,,,,,,,0:00:00,FALSE,,0,,,,0:07:25,,,TRUE
15-Aug-21,10020,10442,S1E20,John Carter,M,16:14:10,17:00:13,10020_10442_71,Professional Communication,16:59:06,16:59:22,0:00:16,0:00:16,16,Doctor(s),Talking,0,Hospital,10020_10442_72,,0,,,,,,,,,,,,,,,,,0:00:00,FALSE,,0,,,,0:00:16,,,TRUE
15-Aug-21,10020,10442,S1E20,John Carter,M,16:14:10,17:00:13,10020_10442_72,Social,16:59:22,16:59:59,0:00:37,0:00:37,37,Doctor(s),Talking,0,Hospital,10020_10442_73,,0,,,,,,,,,,,,,,,,,0:00:00,FALSE,,0,,,,0:00:37,,,TRUE
15-Aug-21,10020,10442,S1E20,John Carter,M,16:14:10,17:00:13,10020_10442_73,Nothing Happening,16:59:59,17:00:13,0:00:14,0:00:14,14,0,0,0,Hospital,session,,0,,,,,,,,,,,,,,,,,0:00:00,FALSE,,0,,,,0:00:14,,,TRUE
16-Aug-21,10020,10441,S1E21,John Carter,M,12:55:37,13:40:33,10020_10441_1,Nothing Happening,12:55:37,12:55:50,0:00:13,0:00:13,13,0,0,0,Nothing Happening,10020_10441_2,,0,,,,,,,,,,,,,,,,,0:00:00,FALSE,,0,,,,0:00:13,,,TRUE
16-Aug-21,10020,10441,S1E21,John Carter,M,12:55:37,13:40:33,10020_10441_2,Off-Screen,12:55:50,12:57:32,0:01:42,0:01:42,102,0,0,0,Off-Screen,10020_10441_3,,0,,,,,,,,,,,,,,,,,0:00:00,FALSE,,0,,,,0:01:42,,,TRUE
16-Aug-21,10020,10441,S1E21,John Carter,M,12:55:37,13:40:33,10020_10441_3,Professional Communication,12:57:32,12:57:54,0:00:22,0:00:22,22,Doctor(s),Talking,0,Hospital,10020_10441_5,10020_10441_4,1,2,10020_10441_4,12:57:34,12:57:44,,,,,,,,,,,,,0:00:10,FALSE,,0,,,,0:00:22,,,TRUE
16-Aug-21,10020,10441,S1E21,John Carter,M,12:55:37,13:40:33,10020_10441_4,In-transit,12:57:34,12:57:44,0:00:10,0:00:10,10,0,0,0,Hospital,user,10020_10441_3,1,2,10020_10441_3,12:57:34,12:57:44,,,,,,,,,,,,,0:00:10,FALSE,,0,,,,0:00:10,,,TRUE
16-Aug-21,10020,10441,S1E21,John Carter,M,12:55:37,13:40:33,10020_10441_5,In-transit,12:57:54,12:58:06,0:00:12,0:00:12,12,0,0,0,Hospital,user,10020_10441_6,1,2,10020_10441_6,12:57:56,12:58:06,,,,,,,,,,,,,0:00:10,FALSE,,0,,,,0:00:12,,,TRUE
16-Aug-21,10020,10441,S1E21,John Carter,M,12:55:37,13:40:33,10020_10441_6,Professional Communication,12:57:56,12:58:07,0:00:11,0:00:11,11,Doctor(s),Talking,0,Hospital,10020_10441_7,10020_10441_5,1,2,10020_10441_5,12:57:56,12:58:06,,,,,,,,,,,,,0:00:10,FALSE,,0,,,,0:00:11,,,TRUE
16-Aug-21,10020,10441,S1E21,John Carter,M,12:55:37,13:40:33,10020_10441_7,Off-Screen,12:58:07,13:01:17,0:03:10,0:03:10,190,0,0,0,Off-Screen,10020_10441_8,,0,,,,,,,,,,,,,,,,,0:00:00,FALSE,,0,,,,0:03:10,,,TRUE
16-Aug-21,10020,10441,S1E21,John Carter,M,12:55:37,13:40:33,10020_10441_8,Nothing Happening,13:01:17,13:02:24,0:01:07,0:01:07,67,0,0,0,Nothing Happening,10020_10441_9,,0,,,,,,,,,,,,,,,,,0:00:00,FALSE,,0,,,,0:01:07,,,TRUE
16-Aug-21,10020,10441,S1E21,John Carter,M,12:55:37,13:40:33,10020_10441_9,Off-Screen,13:02:24,13:02:40,0:00:16,0:00:16,16,0,0,0,Off-Screen,10020_10441_10,,0,,,,,,,,,,,,,,,,,0:00:00,FALSE,,0,,,,0:00:16,,,TRUE
16-Aug-21,10020,10441,S1E21,John Carter,M,12:55:37,13:40:33,10020_10441_10,Professional Communication,13:02:40,13:03:52,0:01:12,0:01:12,72,Doctor(s),Talking,0,Hospital,10020_10441_13,"10020_10441_11,10020_10441_12",2,2,10020_10441_11,13:02:43,13:02:46,3,"10020_10441_11,10020_10441_12",13:02:46,13:03:52,,,,,,,,,0:01:09,FALSE,,0,,,,0:01:12,,,TRUE
16-Aug-21,10020,10441,S1E21,John Carter,M,12:55:37,13:40:33,10020_10441_11,Education,13:02:43,13:03:52,0:01:09,0:01:09,69,0,0,0,Hospital,10020_10441_13,"10020_10441_10,10020_10441_12",2,2,10020_10441_10,13:02:43,13:02:46,3,"10020_10441_10,10020_10441_12",13:02:46,13:03:52,,,,,,,,,0:01:09,FALSE,,0,,,,0:01:09,,,TRUE
16-Aug-21,10020,10441,S1E21,John Carter,M,12:55:37,13:40:33,10020_10441_12,Direct Care,13:02:46,13:03:52,0:01:06,0:01:06,66,Patient,0,0,Hospital,10020_10441_13,"10020_10441_11,10020_10441_10",1,3,"10020_10441_11,10020_10441_10",13:02:46,13:03:52,,,,,,,,,,,,,0:01:06,FALSE,,0,,,,0:01:06,,,TRUE
16-Aug-21,10020,10441,S1E21,John Carter,M,12:55:37,13:40:33,10020_10441_13,Off-Screen,13:03:52,13:04:44,0:00:52,0:00:52,52,0,0,0,Off-Screen,10020_10441_14,,0,,,,,,,,,,,,,,,,,0:00:00,FALSE,,0,,,,0:00:52,,,TRUE
16-Aug-21,10020,10441,S1E21,John Carter,M,12:55:37,13:40:33,10020_10441_14,Document,13:04:44,13:05:31,0:00:47,0:00:47,47,0,0,0,Hospital,10020_10441_15,,0,,,,,,,,,,,,,,,,,0:00:00,FALSE,,0,,,,0:00:47,,,TRUE
16-Aug-21,10020,10441,S1E21,John Carter,M,12:55:37,13:40:33,10020_10441_15,Indirect Care,13:05:31,13:05:52,0:00:21,0:00:21,21,0,0,0,Hospital,10020_10441_16,,0,,,,,,,,,,,,,,,,,0:00:00,FALSE,,0,,,,0:00:21,,,TRUE
16-Aug-21,10020,10441,S1E21,John Carter,M,12:55:37,13:40:33,10020_10441_16,In-transit,13:05:52,13:05:55,0:00:03,0:00:03,3,0,0,0,Hospital,10020_10441_17,,0,,,,,,,,,,,,,,,,,0:00:00,FALSE,,0,,,,0:00:03,,,TRUE
16-Aug-21,10020,10441,S1E21,John Carter,M,12:55:37,13:40:33,10020_10441_17,Off-Screen,13:05:55,13:05:57,0:00:02,0:00:02,2,0,0,0,Off-Screen,10020_10441_18,,0,,,,,,,,,,,,,,,,,0:00:00,FALSE,,0,,,,0:00:02,,,TRUE
16-Aug-21,10020,10441,S1E21,John Carter,M,12:55:37,13:40:33,10020_10441_18,In-transit,13:05:57,13:06:08,0:00:11,0:00:11,11,0,0,0,Hospital,user,10020_10441_19,1,2,10020_10441_19,13:05:58,13:06:08,,,,,,,,,,,,,0:00:10,FALSE,,0,,,,0:00:11,,,TRUE
16-Aug-21,10020,10441,S1E21,John Carter,M,12:55:37,13:40:33,10020_10441_19,Professional Communication,13:05:58,13:06:11,0:00:13,0:00:13,13,Doctor(s),Talking,0,Hospital,10020_10441_20,10020_10441_18,1,2,10020_10441_18,13:05:58,13:06:08,,,,,,,,,,,,,0:00:10,FALSE,,0,,,,0:00:13,,,TRUE
16-Aug-21,10020,10441,S1E21,John Carter,M,12:55:37,13:40:33,10020_10441_20,In-transit,13:06:11,13:06:16,0:00:05,0:00:05,5,0,0,0,Hospital,10020_10441_21,,0,,,,,,,,,,,,,,,,,0:00:00,FALSE,,0,,,,0:00:05,,,TRUE
16-Aug-21,10020,10441,S1E21,John Carter,M,12:55:37,13:40:33,10020_10441_21,Off-Screen,13:06:16,13:09:07,0:02:51,0:02:51,171,0,0,0,Off-Screen,10020_10441_22,,0,,,,,,,,,,,,,,,,,0:00:00,FALSE,,0,,,,0:02:51,,,TRUE
16-Aug-21,10020,10441,S1E21,John Carter,M,12:55:37,13:40:33,10020_10441_22,Indirect Care,13:09:07,13:09:15,0:00:08,0:00:08,8,0,0,0,Hospital,10020_10441_23,,0,,,,,,,,,,,,,,,,,0:00:00,FALSE,,0,,,,0:00:08,,,TRUE
16-Aug-21,10020,10441,S1E21,John Carter,M,12:55:37,13:40:33,10020_10441_23,Professional Communication,13:09:15,13:09:26,0:00:11,0:00:11,11,Nurse,Talking,0,Hospital,10020_10441_24,,0,,,,,,,,,,,,,,,,,0:00:00,FALSE,,0,,,,0:00:11,,,TRUE
16-Aug-21,10020,10441,S1E21,John Carter,M,12:55:37,13:40:33,10020_10441_24,Direct Care,13:09:26,13:09:29,0:00:03,0:00:03,3,Patient,Talking,0,Hospital,10020_10441_25,,0,,,,,,,,,,,,,,,,,0:00:00,FALSE,,0,,,,0:00:03,,,TRUE
16-Aug-21,10020,10441,S1E21,John Carter,M,12:55:37,13:40:33,10020_10441_25,In-transit,13:09:29,13:09:32,0:00:03,0:00:03,3,0,0,0,Hospital,10020_10441_26,,0,,,,,,,,,,,,,,,,,0:00:00,FALSE,,0,,,,0:00:03,,,TRUE
16-Aug-21,10020,10441,S1E21,John Carter,M,12:55:37,13:40:33,10020_10441_26,Off-Screen,13:09:32,13:10:50,0:01:18,0:01:18,78,0,0,0,Off-Screen,10020_10441_27,,0,,,,,,,,,,,,,,,,,0:00:00,FALSE,,0,,,,0:01:18,,,TRUE
16-Aug-21,10020,10441,S1E21,John Carter,M,12:55:37,13:40:33,10020_10441_27,Direct Care,13:10:50,13:11:32,0:00:42,0:00:42,42,Patient,Talking,0,Hospital,10020_10441_28,,0,,,,,,,,,,,,,,,,,0:00:00,FALSE,,0,,,,0:00:42,,,TRUE
16-Aug-21,10020,10441,S1E21,John Carter,M,12:55:37,13:40:33,10020_10441_28,Off-Screen,13:11:32,13:13:24,0:01:52,0:01:52,112,0,0,0,Off-Screen,10020_10441_29,,0,,,,,,,,,,,,,,,,,0:00:00,FALSE,,0,,,,0:01:52,,,TRUE
16-Aug-21,10020,10441,S1E21,John Carter,M,12:55:37,13:40:33,10020_10441_29,Professional Communication,13:13:24,13:13:30,0:00:06,0:00:06,6,Doctor(s),Talking,0,Hospital,10020_10441_30,,0,,,,,,,,,,,,,,,,,0:00:00,FALSE,,0,,,,0:00:06,,,TRUE
16-Aug-21,10020,10441,S1E21,John Carter,M,12:55:37,13:40:33,10020_10441_30,In-transit,13:13:30,13:13:32,0:00:02,0:00:02,2,0,0,0,Hospital,10020_10441_31,,0,,,,,,,,,,,,,,,,,0:00:00,FALSE,,0,,,,0:00:02,,,TRUE
16-Aug-21,10020,10441,S1E21,John Carter,M,12:55:37,13:40:33,10020_10441_31,Professional Communication,13:13:32,13:14:08,0:00:36,0:00:36,36,Doctor(s),Talking,0,Hospital,10020_10441_34,"10020_10441_32,10020_10441_33",2,2,10020_10441_32,13:13:36,13:13:42,3,"10020_10441_32,10020_10441_33",13:13:42,13:14:08,,,,,,,,,0:00:32,FALSE,,0,,,,0:00:36,,,TRUE
16-Aug-21,10020,10441,S1E21,John Carter,M,12:55:37,13:40:33,10020_10441_32,Direct Care,13:13:36,13:14:08,0:00:32,0:00:32,32,0,0,0,Hospital,10020_10441_34,"10020_10441_31,10020_10441_33",2,2,10020_10441_31,13:13:36,13:13:42,3,"10020_10441_31,10020_10441_33",13:13:42,13:14:08,,,,,,,,,0:00:32,FALSE,,0,,,,0:00:32,,,TRUE
16-Aug-21,10020,10441,S1E21,John Carter,M,12:55:37,13:40:33,10020_10441_33,Education,13:13:42,13:14:08,0:00:26,0:00:26,26,0,0,0,Hospital,10020_10441_34,"10020_10441_32,10020_10441_31",1,3,"10020_10441_32,10020_10441_31",13:13:42,13:14:08,,,,,,,,,,,,,0:00:26,FALSE,,0,,,,0:00:26,,,TRUE
16-Aug-21,10020,10441,S1E21,John Carter,M,12:55:37,13:40:33,10020_10441_34,Off-Screen,13:14:08,13:17:28,0:03:20,0:03:20,200,0,0,0,Off-Screen,10020_10441_35,,0,,,,,,,,,,,,,,,,,0:00:00,FALSE,,0,,,,0:03:20,,,TRUE
16-Aug-21,10020,10441,S1E21,John Carter,M,12:55:37,13:40:33,10020_10441_35,Professional Communication,13:17:28,13:18:03,0:00:35,0:00:35,35,Doctor(s),Talking,0,Hospital,10020_10441_36,,0,,,,,,,,,,,,,,,,,0:00:00,FALSE,,0,,,,0:00:35,,,TRUE
16-Aug-21,10020,10441,S1E21,John Carter,M,12:55:37,13:40:33,10020_10441_36,Nothing Happening,13:18:03,13:18:06,0:00:03,0:00:03,3,0,0,0,Hospital,10020_10441_37,,0,,,,,,,,,,,,,,,,,0:00:00,FALSE,,0,,,,0:00:03,,,TRUE
16-Aug-21,10020,10441,S1E21,John Carter,M,12:55:37,13:40:33,10020_10441_37,Off-Screen,13:18:06,13:18:40,0:00:34,0:00:34,34,0,0,0,Off-Screen,10020_10441_38,,0,,,,,,,,,,,,,,,,,0:00:00,FALSE,,0,,,,0:00:34,,,TRUE
16-Aug-21,10020,10441,S1E21,John Carter,M,12:55:37,13:40:33,10020_10441_38,Education,13:18:40,13:18:51,0:00:11,0:00:11,11,0,0,0,Hospital,10020_10441_39,,0,,,,,,,,,,,,,,,,,0:00:00,FALSE,,0,,,,0:00:11,,,TRUE
16-Aug-21,10020,10441,S1E21,John Carter,M,12:55:37,13:40:33,10020_10441_39,Off-Screen,13:18:51,13:19:03,0:00:12,0:00:12,12,0,0,0,Off-Screen,10020_10441_40,,0,,,,,,,,,,,,,,,,,0:00:00,FALSE,,0,,,,0:00:12,,,TRUE
16-Aug-21,10020,10441,S1E21,John Carter,M,12:55:37,13:40:33,10020_10441_40,Education,13:19:03,13:19:07,0:00:04,0:00:04,4,0,0,0,Hospital,10020_10441_41,,0,,,,,,,,,,,,,,,,,0:00:00,FALSE,,0,,,,0:00:04,,,TRUE
16-Aug-21,10020,10441,S1E21,John Carter,M,12:55:37,13:40:33,10020_10441_41,Off-Screen,13:19:07,13:19:38,0:00:31,0:00:31,31,0,0,0,Off-Screen,10020_10441_42,,0,,,,,,,,,,,,,,,,,0:00:00,FALSE,,0,,,,0:00:31,,,TRUE
16-Aug-21,10020,10441,S1E21,John Carter,M,12:55:37,13:40:33,10020_10441_42,Education,13:19:38,13:19:42,0:00:04,0:00:04,4,0,0,0,Hospital,10020_10441_43,,0,,,,,,,,,,,,,,,,,0:00:00,FALSE,,0,,,,0:00:04,,,TRUE
16-Aug-21,10020,10441,S1E21,John Carter,M,12:55:37,13:40:33,10020_10441_43,Off-Screen,13:19:42,13:20:05,0:00:23,0:00:23,23,0,0,0,Off-Screen,10020_10441_44,,0,,,,,,,,,,,,,,,,,0:00:00,FALSE,,0,,,,0:00:23,,,TRUE
16-Aug-21,10020,10441,S1E21,John Carter,M,12:55:37,13:40:33,10020_10441_44,Education,13:20:05,13:20:12,0:00:07,0:00:07,7,0,0,0,Hospital,10020_10441_45,,0,,,,,,,,,,,,,,,,,0:00:00,FALSE,,0,,,,0:00:07,,,TRUE
16-Aug-21,10020,10441,S1E21,John Carter,M,12:55:37,13:40:33,10020_10441_45,Off-Screen,13:20:12,13:20:23,0:00:11,0:00:11,11,0,0,0,Off-Screen,10020_10441_46,,0,,,,,,,,,,,,,,,,,0:00:00,FALSE,,0,,,,0:00:11,,,TRUE
16-Aug-21,10020,10441,S1E21,John Carter,M,12:55:37,13:40:33,10020_10441_46,In-transit,13:20:23,13:20:26,0:00:03,0:00:03,3,0,0,0,Hospital,10020_10441_47,,0,,,,,,,,,,,,,,,,,0:00:00,FALSE,,0,,,,0:00:03,,,TRUE
16-Aug-21,10020,10441,S1E21,John Carter,M,12:55:37,13:40:33,10020_10441_47,Off-Screen,13:20:26,13:26:06,0:05:40,0:05:40,340,0,0,0,Off-Screen,10020_10441_48,,0,,,,,,,,,,,,,,,,,0:00:00,FALSE,,0,,,,0:05:40,,,TRUE
16-Aug-21,10020,10441,S1E21,John Carter,M,12:55:37,13:40:33,10020_10441_48,Professional Communication,13:26:06,13:26:17,0:00:11,0:00:11,11,Doctor(s),Talking,0,Hospital,10020_10441_49,,0,,,,,,,,,,,,,,,,,0:00:00,FALSE,,0,,,,0:00:11,,,TRUE
16-Aug-21,10020,10441,S1E21,John Carter,M,12:55:37,13:40:33,10020_10441_49,In-transit,13:26:17,13:26:27,0:00:10,0:00:10,10,0,0,0,Hospital,10020_10441_50,,0,,,,,,,,,,,,,,,,,0:00:00,FALSE,,0,,,,0:00:10,,,TRUE
16-Aug-21,10020,10441,S1E21,John Carter,M,12:55:37,13:40:33,10020_10441_50,Nothing Happening,13:26:27,13:26:31,0:00:04,0:00:04,4,0,0,0,Hospital,10020_10441_51,,0,,,,,,,,,,,,,,,,,0:00:00,FALSE,,0,,,,0:00:04,,,TRUE
16-Aug-21,10020,10441,S1E21,John Carter,M,12:55:37,13:40:33,10020_10441_51,Off-Screen,13:26:31,13:26:37,0:00:06,0:00:06,6,0,0,0,Off-Screen,10020_10441_52,,0,,,,,,,,,,,,,,,,,0:00:00,FALSE,,0,,,,0:00:06,,,TRUE
16-Aug-21,10020,10441,S1E21,John Carter,M,12:55:37,13:40:33,10020_10441_52,Nothing Happening,13:26:37,13:26:57,0:00:20,0:00:20,20,0,0,0,Nothing Happening,10020_10441_53,,0,,,,,,,,,,,,,,,,,0:00:00,FALSE,,0,,,,0:00:20,,,TRUE
16-Aug-21,10020,10441,S1E21,John Carter,M,12:55:37,13:40:33,10020_10441_53,Professional Communication,13:26:57,13:27:10,0:00:13,0:00:13,13,Nurse,Talking,0,Hospital,10020_10441_54,,0,,,,,,,,,,,,,,,,,0:00:00,FALSE,,0,,,,0:00:13,,,TRUE
16-Aug-21,10020,10441,S1E21,John Carter,M,12:55:37,13:40:33,10020_10441_54,Professional Communication,13:27:10,13:27:21,0:00:11,0:00:11,11,Doctor(s),Talking,0,Hospital,10020_10441_55,,0,,,,,,,,,,,,,,,,,0:00:00,FALSE,,0,,,,0:00:11,,,TRUE
16-Aug-21,10020,10441,S1E21,John Carter,M,12:55:37,13:40:33,10020_10441_55,Off-Screen,13:27:21,13:35:06,0:07:45,0:07:45,465,0,0,0,Off-Screen,10020_10441_56,,0,,,,,,,,,,,,,,,,,0:00:00,FALSE,,0,,,,0:07:45,,,TRUE
16-Aug-21,10020,10441,S1E21,John Carter,M,12:55:37,13:40:33,10020_10441_56,In-transit,13:35:06,13:35:51,0:00:45,0:00:45,45,0,0,0,Community,10020_10441_57,,0,,,,,,,,,,,,,,,,,0:00:00,FALSE,,0,,,,0:00:45,,,TRUE
16-Aug-21,10020,10441,S1E21,John Carter,M,12:55:37,13:40:33,10020_10441_57,Social,13:35:51,13:35:56,0:00:05,0:00:05,5,Doctor(s),Talking,0,Community,10020_10441_58,,0,,,,,,,,,,,,,,,,,0:00:00,FALSE,,0,,,,0:00:05,,,TRUE
16-Aug-21,10020,10441,S1E21,John Carter,M,12:55:37,13:40:33,10020_10441_58,Professional Communication,13:35:56,13:37:31,0:01:35,0:01:35,95,Doctor(s),Talking,0,Community,10020_10441_60,10020_10441_59,1,2,10020_10441_59,13:35:59,13:36:07,,,,,,,,,,,,,0:00:08,FALSE,,0,,,,0:01:35,,,TRUE
16-Aug-21,10020,10441,S1E21,John Carter,M,12:55:37,13:40:33,10020_10441_59,In-transit,13:35:59,13:36:07,0:00:08,0:00:08,8,0,0,0,Community,user,10020_10441_58,1,2,10020_10441_58,13:35:59,13:36:07,,,,,,,,,,,,,0:00:08,FALSE,,0,,,,0:00:08,,,TRUE
16-Aug-21,10020,10441,S1E21,John Carter,M,12:55:37,13:40:33,10020_10441_60,Off-Screen,13:37:31,13:40:33,0:03:02,0:03:02,182,0,0,0,Off-Screen,session,,0,,,,,,,,,,,,,,,,,0:00:00,FALSE,,0,,,,0:03:02,,,TRUE
25-Jun-22,10040,10643,Season 1 Episode 10,John Carter,M,16:52:48,17:45:46,10040_10643_1,Off-Screen,16:52:48,16:55:43,0:02:55,0:02:55,175,0,0,0,Off-Screen,10040_10643_2,,0,,,,,,,,,,,,,,,,,0:00:00,FALSE,,0,,,,0:02:55,,,TRUE
25-Jun-22,10040,10643,Season 1 Episode 10,John Carter,M,16:52:48,17:45:46,10040_10643_2,Nothing Happening,16:55:43,16:56:23,0:00:40,0:00:40,40,0,0,0,Nothing Happening,10040_10643_3,,0,,,,,,,,,,,,,,,,,0:00:00,FALSE,,0,,,,0:00:40,,,TRUE
25-Jun-22,10040,10643,Season 1 Episode 10,John Carter,M,16:52:48,17:45:46,10040_10643_3,Off-Screen,16:56:23,16:56:57,0:00:34,0:00:34,34,0,0,0,Off-Screen,10040_10643_4,,0,,,,,,,,,,,,,,,,,0:00:00,FALSE,,0,,,,0:00:34,,,TRUE
25-Jun-22,10040,10643,Season 1 Episode 10,John Carter,M,16:52:48,17:45:46,10040_10643_4,Nothing Happening,16:56:57,16:57:07,0:00:10,0:00:10,10,0,0,0,Nothing Happening,10040_10643_5,,0,,,,,,,,,,,,,,,,,0:00:00,FALSE,,0,,,,0:00:10,,,TRUE
25-Jun-22,10040,10643,Season 1 Episode 10,John Carter,M,16:52:48,17:45:46,10040_10643_5,Professional Communication,16:57:07,16:57:19,0:00:12,0:00:12,12,Doctor(s),Talking,0,Hospital,10040_10643_6,,0,,,,,,,,,,,,,,,,,0:00:00,FALSE,,0,,,,0:00:12,,,TRUE
25-Jun-22,10040,10643,Season 1 Episode 10,John Carter,M,16:52:48,17:45:46,10040_10643_6,Nothing Happening,16:57:19,16:57:21,0:00:02,0:00:02,2,0,0,0,Nothing Happening,10040_10643_7,,0,,,,,,,,,,,,,,,,,0:00:00,FALSE,,0,,,,0:00:02,,,TRUE
25-Jun-22,10040,10643,Season 1 Episode 10,John Carter,M,16:52:48,17:45:46,10040_10643_7,Off-Screen,16:57:21,16:58:05,0:00:44,0:00:44,44,0,0,0,Off-Screen,10040_10643_8,,0,,,,,,,,,,,,,,,,,0:00:00,FALSE,,0,,,,0:00:44,,,TRUE
25-Jun-22,10040,10643,Season 1 Episode 10,John Carter,M,16:52:48,17:45:46,10040_10643_8,Nothing Happening,16:58:05,16:58:18,0:00:13,0:00:13,13,0,0,0,Nothing Happening,10040_10643_9,,0,,,,,,,,,,,,,,,,,0:00:00,FALSE,,0,,,,0:00:13,,,TRUE
25-Jun-22,10040,10643,Season 1 Episode 10,John Carter,M,16:52:48,17:45:46,10040_10643_9,Off-Screen,16:58:18,17:01:38,0:03:20,0:03:20,200,0,0,0,Off-Screen,10040_10643_10,,0,,,,,,,,,,,,,,,,,0:00:00,FALSE,,0,,,,0:03:20,,,TRUE
25-Jun-22,10040,10643,Season 1 Episode 10,John Carter,M,16:52:48,17:45:46,10040_10643_10,In-transit,17:01:38,17:01:48,0:00:10,0:00:10,10,0,0,0,Hospital,10040_10643_11,,0,,,,,,,,,,,,,,,,,0:00:00,FALSE,,0,,,,0:00:10,,,TRUE
25-Jun-22,10040,10643,Season 1 Episode 10,John Carter,M,16:52:48,17:45:46,10040_10643_11,Social,17:01:48,17:02:08,0:00:20,0:00:20,20,Other,Talking,0,Hospital,10040_10643_12,,0,,,,,,,,,,,,,,,,,0:00:00,FALSE,,0,,,,0:00:20,,,TRUE
25-Jun-22,10040,10643,Season 1 Episode 10,John Carter,M,16:52:48,17:45:46,10040_10643_12,Social,17:02:08,17:02:19,0:00:11,0:00:11,11,Doctor(s),Talking,0,Hospital,10040_10643_13,,0,,,,,,,,,,,,,,,,,0:00:00,FALSE,,0,,,,0:00:11,,,TRUE
25-Jun-22,10040,10643,Season 1 Episode 10,John Carter,M,16:52:48,17:45:46,10040_10643_13,Off-Screen,17:02:19,17:08:39,0:06:20,0:06:20,380,0,0,0,Off-Screen,10040_10643_14,,0,,,,,,,,,,,,,,,,,0:00:00,FALSE,,0,,,,0:06:20,,,TRUE
25-Jun-22,10040,10643,Season 1 Episode 10,John Carter,M,16:52:48,17:45:46,10040_10643_14,Nothing Happening,17:08:39,17:08:52,0:00:13,0:00:13,13,0,0,0,Nothing Happening,10040_10643_15,,0,,,,,,,,,,,,,,,,,0:00:00,FALSE,,0,,,,0:00:13,,,TRUE
25-Jun-22,10040,10643,Season 1 Episode 10,John Carter,M,16:52:48,17:45:46,10040_10643_15,Off-Screen,17:08:52,17:11:54,0:03:02,0:03:02,182,0,0,0,Off-Screen,10040_10643_16,,0,,,,,,,,,,,,,,,,,0:00:00,FALSE,,0,,,,0:03:02,,,TRUE
25-Jun-22,10040,10643,Season 1 Episode 10,John Carter,M,16:52:48,17:45:46,10040_10643_16,Professional Communication,17:11:54,17:11:58,0:00:04,0:00:04,4,Doctor(s),Talking,0,Hospital,10040_10643_17,,0,,,,,,,,,,,,,,,,,0:00:00,FALSE,,0,,,,0:00:04,,,TRUE
25-Jun-22,10040,10643,Season 1 Episode 10,John Carter,M,16:52:48,17:45:46,10040_10643_17,Off-Screen,17:11:58,17:12:43,0:00:45,0:00:45,45,0,0,0,Off-Screen,10040_10643_18,,0,,,,,,,,,,,,,,,,,0:00:00,FALSE,,0,,,,0:00:45,,,TRUE
25-Jun-22,10040,10643,Season 1 Episode 10,John Carter,M,16:52:48,17:45:46,10040_10643_18,Direct Care,17:12:43,17:12:51,0:00:08,0:00:08,8,Patient,Talking,0,Hospital,10040_10643_19,,0,,,,,,,,,,,,,,,,,0:00:00,FALSE,,0,,,,0:00:08,,,TRUE
25-Jun-22,10040,10643,Season 1 Episode 10,John Carter,M,16:52:48,17:45:46,10040_10643_19,Off-Screen,17:12:51,17:14:15,0:01:24,0:01:24,84,0,0,0,Off-Screen,10040_10643_20,,0,,,,,,,,,,,,,,,,,0:00:00,FALSE,,0,,,,0:01:24,,,TRUE
25-Jun-22,10040,10643,Season 1 Episode 10,John Carter,M,16:52:48,17:45:46,10040_10643_20,Professional Communication,17:14:15,17:14:23,0:00:08,0:00:08,8,Doctor(s),Talking,0,Hospital,10040_10643_21,,0,,,,,,,,,,,,,,,,,0:00:00,FALSE,,0,,,,0:00:08,,,TRUE
25-Jun-22,10040,10643,Season 1 Episode 10,John Carter,M,16:52:48,17:45:46,10040_10643_21,Direct Care,17:14:23,17:14:29,0:00:06,0:00:06,6,Patient,0,0,Hospital,10040_10643_22,,0,,,,,,,,,,,,,,,,,0:00:00,FALSE,,0,,,,0:00:06,,,TRUE
25-Jun-22,10040,10643,Season 1 Episode 10,John Carter,M,16:52:48,17:45:46,10040_10643_22,Off-Screen,17:14:29,17:15:29,0:01:00,0:01:00,60,0,0,0,Off-Screen,10040_10643_23,,0,,,,,,,,,,,,,,,,,0:00:00,FALSE,,0,,,,0:01:00,,,TRUE
25-Jun-22,10040,10643,Season 1 Episode 10,John Carter,M,16:52:48,17:45:46,10040_10643_23,Direct Care,17:15:29,17:15:35,0:00:06,0:00:06,6,Patient,Talking,0,Hospital,10040_10643_24,,0,,,,,,,,,,,,,,,,,0:00:00,FALSE,,0,,,,0:00:06,,,TRUE
25-Jun-22,10040,10643,Season 1 Episode 10,John Carter,M,16:52:48,17:45:46,10040_10643_24,Off-Screen,17:15:35,17:24:48,0:09:13,0:09:13,553,0,0,0,Off-Screen,10040_10643_25,,0,,,,,,,,,,,,,,,,,0:00:00,FALSE,,0,,,,0:09:13,,,TRUE
25-Jun-22,10040,10643,Season 1 Episode 10,John Carter,M,16:52:48,17:45:46,10040_10643_25,In-transit,17:24:48,17:24:52,0:00:04,0:00:04,4,0,0,0,Hospital,10040_10643_26,,0,,,,,,,,,,,,,,,,,0:00:00,FALSE,,0,,,,0:00:04,,,TRUE
25-Jun-22,10040,10643,Season 1 Episode 10,John Carter,M,16:52:48,17:45:46,10040_10643_26,Professional Communication,17:24:52,17:25:06,0:00:14,0:00:14,14,Doctor(s),Talking,0,Hospital,10040_10643_27,,0,,,,,,,,,,,,,,,,,0:00:00,FALSE,,0,,,,0:00:14,,,TRUE
25-Jun-22,10040,10643,Season 1 Episode 10,John Carter,M,16:52:48,17:45:46,10040_10643_27,In-transit,17:25:06,17:25:08,0:00:02,0:00:02,2,0,0,0,Hospital,10040_10643_28,,0,,,,,,,,,,,,,,,,,0:00:00,FALSE,,0,,,,0:00:02,,,TRUE
25-Jun-22,10040,10643,Season 1 Episode 10,John Carter,M,16:52:48,17:45:46,10040_10643_28,Off-Screen,17:25:08,17:28:04,0:02:56,0:02:56,176,0,0,0,Off-Screen,10040_10643_29,,0,,,,,,,,,,,,,,,,,0:00:00,FALSE,,0,,,,0:02:56,,,TRUE
25-Jun-22,10040,10643,Season 1 Episode 10,John Carter,M,16:52:48,17:45:46,10040_10643_29,Professional Communication,17:28:04,17:28:08,0:00:04,0:00:04,4,Nurse,Talking,0,Hospital,10040_10643_30,,0,,,,,,,,,,,,,,,,,0:00:00,FALSE,,0,,,,0:00:04,,,TRUE
25-Jun-22,10040,10643,Season 1 Episode 10,John Carter,M,16:52:48,17:45:46,10040_10643_30,In-transit,17:28:08,17:28:19,0:00:11,0:00:11,11,0,0,0,Hospital,10040_10643_32,10040_10643_31,1,2,10040_10643_31,17:28:09,17:28:17,,,,,,,,,,,,,0:00:08,FALSE,,0,,,,0:00:11,,,TRUE
25-Jun-22,10040,10643,Season 1 Episode 10,John Carter,M,16:52:48,17:45:46,10040_10643_31,Indirect Care,17:28:09,17:28:17,0:00:08,0:00:08,8,Relative (Patient),Talking,0,Hospital,user,10040_10643_30,1,2,10040_10643_30,17:28:09,17:28:17,,,,,,,,,,,,,0:00:08,FALSE,,0,,,,0:00:08,,,TRUE
25-Jun-22,10040,10643,Season 1 Episode 10,John Carter,M,16:52:48,17:45:46,10040_10643_32,Indirect Care,17:28:19,17:28:32,0:00:13,0:00:13,13,Relative (Patient),Talking,0,Hospital,10040_10643_33,,0,,,,,,,,,,,,,,,,,0:00:00,FALSE,,0,,,,0:00:13,,,TRUE
25-Jun-22,10040,10643,Season 1 Episode 10,John Carter,M,16:52:48,17:45:46,10040_10643_33,Nothing Happening,17:28:32,17:28:35,0:00:03,0:00:03,3,0,0,0,Nothing Happening,10040_10643_34,,0,,,,,,,,,,,,,,,,,0:00:00,FALSE,,0,,,,0:00:03,,,TRUE
25-Jun-22,10040,10643,Season 1 Episode 10,John Carter,M,16:52:48,17:45:46,10040_10643_34,Off-Screen,17:28:35,17:36:31,0:07:56,0:07:56,476,0,0,0,Off-Screen,10040_10643_35,,0,,,,,,,,,,,,,,,,,0:00:00,FALSE,,0,,,,0:07:56,,,TRUE
25-Jun-22,10040,10643,Season 1 Episode 10,John Carter,M,16:52:48,17:45:46,10040_10643_35,Professional Communication,17:36:31,17:36:35,0:00:04,0:00:04,4,Doctor(s),Talking,0,Hospital,10040_10643_36,,0,,,,,,,,,,,,,,,,,0:00:00,FALSE,,0,,,,0:00:04,,,TRUE
25-Jun-22,10040,10643,Season 1 Episode 10,John Carter,M,16:52:48,17:45:46,10040_10643_36,Indirect Care,17:36:35,17:37:10,0:00:35,0:00:35,35,Patient,Talking,0,Hospital,10040_10643_37,,0,,,,,,,,,,,,,,,,,0:00:00,FALSE,,0,,,,0:00:35,,,TRUE
25-Jun-22,10040,10643,Season 1 Episode 10,John Carter,M,16:52:48,17:45:46,10040_10643_37,Off-Screen,17:37:10,17:38:12,0:01:02,0:01:02,62,0,0,0,Off-Screen,10040_10643_38,,0,,,,,,,,,,,,,,,,,0:00:00,FALSE,,0,,,,0:01:02,,,TRUE
25-Jun-22,10040,10643,Season 1 Episode 10,John Carter,M,16:52:48,17:45:46,10040_10643_38,Social,17:38:12,17:40:09,0:01:57,0:01:57,117,Other,Talking,0,Community,10040_10643_39,,0,,,,,,,,,,,,,,,,,0:00:00,FALSE,,0,,,,0:01:57,,,TRUE
25-Jun-22,10040,10643,Season 1 Episode 10,John Carter,M,16:52:48,17:45:46,10040_10643_39,Off-Screen,17:40:09,17:43:20,0:03:11,0:03:11,191,0,0,0,Off-Screen,10040_10643_40,,0,,,,,,,,,,,,,,,,,0:00:00,FALSE,,0,,,,0:03:11,,,TRUE
25-Jun-22,10040,10643,Season 1 Episode 10,John Carter,M,16:52:48,17:45:46,10040_10643_40,Nothing Happening,17:43:20,17:44:29,0:01:09,0:01:09,69,0,0,0,Nothing Happening,10040_10643_41,,0,,,,,,,,,,,,,,,,,0:00:00,FALSE,,0,,,,0:01:09,,,TRUE
25-Jun-22,10040,10643,Season 1 Episode 10,John Carter,M,16:52:48,17:45:46,10040_10643_41,Off-Screen,17:44:29,17:45:46,0:01:17,0:01:17,77,0,0,0,Off-Screen,user,,0,,,,,,,,,,,,,,,,,0:00:00,FALSE,,0,,,,0:01:17,,,TRUE
29-Jun-22,10040,10660,Season 1 Episode 13,John Carter,M,13:57:39,14:48:36,10040_10660_1,Off-Screen,13:57:39,13:59:09,0:01:30,0:01:30,90,0,0,0,Off-Screen,10040_10660_2,,0,,,,,,,,,,,,,,,,,0:00:00,FALSE,,0,,,,0:01:30,,,TRUE
29-Jun-22,10040,10660,Season 1 Episode 13,John Carter,M,13:57:39,14:48:36,10040_10660_2,Professional Communication,13:59:09,13:59:27,0:00:18,0:00:18,18,Doctor(s),Talking,0,Hospital,10040_10660_3,,0,,,,,,,,,,,,,,,,,0:00:00,FALSE,,0,,,,0:00:18,,,TRUE
29-Jun-22,10040,10660,Season 1 Episode 13,John Carter,M,13:57:39,14:48:36,10040_10660_3,Professional Communication,13:59:27,13:59:37,0:00:10,0:00:10,10,Doctor(s),Talking,0,Hospital,10040_10660_4,,0,,,,,,,,,,,,,,,,,0:00:00,FALSE,,0,,,,0:00:10,,,TRUE
29-Jun-22,10040,10660,Season 1 Episode 13,John Carter,M,13:57:39,14:48:36,10040_10660_4,Professional Communication,13:59:37,13:59:41,0:00:04,0:00:04,4,Doctor(s),Talking,0,Hospital,10040_10660_5,,0,,,,,,,,,,,,,,,,,0:00:00,FALSE,,0,,,,0:00:04,,,TRUE
29-Jun-22,10040,10660,Season 1 Episode 13,John Carter,M,13:57:39,14:48:36,10040_10660_5,Off-Screen,13:59:41,14:06:33,0:06:52,0:06:52,412,0,0,0,Off-Screen,10040_10660_6,,0,,,,,,,,,,,,,,,,,0:00:00,FALSE,,0,,,,0:06:52,,,TRUE
29-Jun-22,10040,10660,Season 1 Episode 13,John Carter,M,13:57:39,14:48:36,10040_10660_6,In-transit,14:06:33,14:06:46,0:00:13,0:00:13,13,0,0,0,Hospital,user,10040_10660_7,1,2,10040_10660_7,14:06:35,14:06:46,,,,,,,,,,,,,0:00:11,FALSE,,0,,,,0:00:13,,,TRUE
29-Jun-22,10040,10660,Season 1 Episode 13,John Carter,M,13:57:39,14:48:36,10040_10660_7,Education,14:06:35,14:06:48,0:00:13,0:00:13,13,Doctor(s),Talking,0,Hospital,10040_10660_8,10040_10660_6,1,2,10040_10660_6,14:06:35,14:06:46,,,,,,,,,,,,,0:00:11,FALSE,,0,,,,0:00:13,,,TRUE
29-Jun-22,10040,10660,Season 1 Episode 13,John Carter,M,13:57:39,14:48:36,10040_10660_8,Professional Communication,14:06:48,14:06:51,0:00:03,0:00:03,3,Doctor(s),Talking,0,Hospital,10040_10660_9,,0,,,,,,,,,,,,,,,,,0:00:00,FALSE,,0,,,,0:00:03,,,TRUE
29-Jun-22,10040,10660,Season 1 Episode 13,John Carter,M,13:57:39,14:48:36,10040_10660_9,Professional Communication,14:06:51,14:06:56,0:00:05,0:00:05,5,Doctor(s),Talking,0,Hospital,10040_10660_10,,0,,,,,,,,,,,,,,,,,0:00:00,FALSE,,0,,,,0:00:05,,,TRUE
29-Jun-22,10040,10660,Season 1 Episode 13,John Carter,M,13:57:39,14:48:36,10040_10660_10,Off-Screen,14:06:56,14:15:35,0:08:39,0:08:39,519,0,0,0,Off-Screen,10040_10660_11,,0,,,,,,,,,,,,,,,,,0:00:00,FALSE,,0,,,,0:08:39,,,TRUE
29-Jun-22,10040,10660,Season 1 Episode 13,John Carter,M,13:57:39,14:48:36,10040_10660_11,Professional Communication,14:15:35,14:15:45,0:00:10,0:00:10,10,Doctor(s),Talking,0,Hospital,10040_10660_12,,0,,,,,,,,,,,,,,,,,0:00:00,FALSE,,0,,,,0:00:10,,,TRUE
29-Jun-22,10040,10660,Season 1 Episode 13,John Carter,M,13:57:39,14:48:36,10040_10660_12,Education,14:15:45,14:15:50,0:00:05,0:00:05,5,Doctor(s),Talking,0,Hospital,10040_10660_13,,0,,,,,,,,,,,,,,,,,0:00:00,FALSE,,0,,,,0:00:05,,,TRUE
29-Jun-22,10040,10660,Season 1 Episode 13,John Carter,M,13:57:39,14:48:36,10040_10660_13,Professional Communication,14:15:50,14:16:36,0:00:46,0:00:46,46,Doctor(s),Talking,0,Hospital,10040_10660_14,,0,,,,,,,,,,,,,,,,,0:00:00,FALSE,,0,,,,0:00:46,,,TRUE
29-Jun-22,10040,10660,Season 1 Episode 13,John Carter,M,13:57:39,14:48:36,10040_10660_14,Off-Screen,14:16:36,14:27:48,0:11:12,0:11:12,672,0,0,0,Off-Screen,10040_10660_15,,0,,,,,,,,,,,,,,,,,0:00:00,FALSE,,0,,,,0:11:12,,,TRUE
29-Jun-22,10040,10660,Season 1 Episode 13,John Carter,M,13:57:39,14:48:36,10040_10660_15,Professional Communication,14:27:48,14:27:57,0:00:09,0:00:09,9,Doctor(s),Talking,0,Hospital,10040_10660_16,,0,,,,,,,,,,,,,,,,,0:00:00,FALSE,,0,,,,0:00:09,,,TRUE
29-Jun-22,10040,10660,Season 1 Episode 13,John Carter,M,13:57:39,14:48:36,10040_10660_16,Professional Communication,14:27:57,14:28:05,0:00:08,0:00:08,8,Doctor(s),Talking,0,Hospital,10040_10660_17,,0,,,,,,,,,,,,,,,,,0:00:00,FALSE,,0,,,,0:00:08,,,TRUE
29-Jun-22,10040,10660,Season 1 Episode 13,John Carter,M,13:57:39,14:48:36,10040_10660_17,In-transit,14:28:05,14:28:07,0:00:02,0:00:02,2,0,0,0,Hospital,10040_10660_18,,0,,,,,,,,,,,,,,,,,0:00:00,FALSE,,0,,,,0:00:02,,,TRUE
29-Jun-22,10040,10660,Season 1 Episode 13,John Carter,M,13:57:39,14:48:36,10040_10660_18,Direct Care,14:28:07,14:28:34,0:00:27,0:00:27,27,Doctor(s),Talking,0,Hospital,user,10040_10660_19,1,2,10040_10660_19,14:28:17,14:28:34,,,,,,,,,,,,,0:00:17,FALSE,,0,,,,0:00:27,,,TRUE
29-Jun-22,10040,10660,Season 1 Episode 13,John Carter,M,13:57:39,14:48:36,10040_10660_19,Nothing Happening,14:28:17,14:28:56,0:00:39,0:00:39,39,0,0,0,Nothing Happening,10040_10660_20,10040_10660_18,1,2,10040_10660_18,14:28:17,14:28:34,,,,,,,,,,,,,0:00:17,FALSE,,0,,,,0:00:39,,,TRUE
29-Jun-22,10040,10660,Season 1 Episode 13,John Carter,M,13:57:39,14:48:36,10040_10660_20,Off-Screen,14:28:56,14:41:32,0:12:36,0:12:36,756,0,0,0,Off-Screen,10040_10660_21,,0,,,,,,,,,,,,,,,,,0:00:00,FALSE,,0,,,,0:12:36,,,TRUE
29-Jun-22,10040,10660,Season 1 Episode 13,John Carter,M,13:57:39,14:48:36,10040_10660_21,Professional Communication,14:41:32,14:41:44,0:00:12,0:00:12,12,Nurse,Talking,0,Hospital,10040_10660_22,,0,,,,,,,,,,,,,,,,,0:00:00,FALSE,,0,,,,0:00:12,,,TRUE
29-Jun-22,10040,10660,Season 1 Episode 13,John Carter,M,13:57:39,14:48:36,10040_10660_22,Professional Communication,14:41:44,14:41:53,0:00:09,0:00:09,9,0,Med Chart,0,Hospital,10040_10660_23,,0,,,,,,,,,,,,,,,,,0:00:00,FALSE,,0,,,,0:00:09,,,TRUE
29-Jun-22,10040,10660,Season 1 Episode 13,John Carter,M,13:57:39,14:48:36,10040_10660_23,Professional Communication,14:41:53,14:42:23,0:00:30,0:00:30,30,Doctor(s),Talking,0,Hospital,10040_10660_24,,0,,,,,,,,,,,,,,,,,0:00:00,FALSE,,0,,,,0:00:30,,,TRUE
29-Jun-22,10040,10660,Season 1 Episode 13,John Carter,M,13:57:39,14:48:36,10040_10660_24,Off-Screen,14:42:23,14:46:11,0:03:48,0:03:48,228,0,0,0,Off-Screen,10040_10660_25,,0,,,,,,,,,,,,,,,,,0:00:00,FALSE,,0,,,,0:03:48,,,TRUE
29-Jun-22,10040,10660,Season 1 Episode 13,John Carter,M,13:57:39,14:48:36,10040_10660_25,Nothing Happening,14:46:11,14:46:21,0:00:10,0:00:10,10,0,0,0,Nothing Happening,10040_10660_26,,0,,,,,,,,,,,,,,,,,0:00:00,FALSE,,0,,,,0:00:10,,,TRUE
29-Jun-22,10040,10660,Season 1 Episode 13,John Carter,M,13:57:39,14:48:36,10040_10660_26,Off-Screen,14:46:21,14:46:33,0:00:12,0:00:12,12,0,0,0,Off-Screen,10040_10660_27,,0,,,,,,,,,,,,,,,,,0:00:00,FALSE,,0,,,,0:00:12,,,TRUE
29-Jun-22,10040,10660,Season 1 Episode 13,John Carter,M,13:57:39,14:48:36,10040_10660_27,Nothing Happening,14:46:33,14:46:37,0:00:04,0:00:04,4,0,0,0,Nothing Happening,10040_10660_28,,0,,,,,,,,,,,,,,,,,0:00:00,FALSE,,0,,,,0:00:04,,,TRUE
29-Jun-22,10040,10660,Season 1 Episode 13,John Carter,M,13:57:39,14:48:36,10040_10660_28,Off-Screen,14:46:37,14:46:40,0:00:03,0:00:03,3,0,0,0,Off-Screen,10040_10660_29,,0,,,,,,,,,,,,,,,,,0:00:00,FALSE,,0,,,,0:00:03,,,TRUE
29-Jun-22,10040,10660,Season 1 Episode 13,John Carter,M,13:57:39,14:48:36,10040_10660_29,Social,14:46:40,14:46:47,0:00:07,0:00:07,7,Doctor(s),Talking,0,Community,10040_10660_30,,0,,,,,,,,,,,,,,,,,0:00:00,FALSE,,0,,,,0:00:07,,,TRUE
29-Jun-22,10040,10660,Season 1 Episode 13,John Carter,M,13:57:39,14:48:36,10040_10660_30,Off-Screen,14:46:47,14:47:50,0:01:03,0:01:03,63,0,0,0,Off-Screen,10040_10660_31,,0,,,,,,,,,,,,,,,,,0:00:00,FALSE,,0,,,,0:01:03,,,TRUE
29-Jun-22,10040,10660,Season 1 Episode 13,John Carter,M,13:57:39,14:48:36,10040_10660_31,Nothing Happening,14:47:50,14:47:53,0:00:03,0:00:03,3,0,0,0,Nothing Happening,10040_10660_32,,0,,,,,,,,,,,,,,,,,0:00:00,FALSE,,0,,,,0:00:03,,,TRUE
29-Jun-22,10040,10660,Season 1 Episode 13,John Carter,M,13:57:39,14:48:36,10040_10660_32,Off-Screen,14:47:53,14:48:36,0:00:43,0:00:43,43,0,0,0,Off-Screen,user,,0,,,,,,,,,,,,,,,,,0:00:00,FALSE,,0,,,,0:00:43,,,TRUE
6-Apr-22,10040,10600,Season 1 Episode 1,John Carter ,M,0:43:26,1:46:41,10040_10600_1,Off-Screen,0:43:26,0:59:34,0:16:08,0:16:08,968,0,0,0,Off-Screen,10040_10600_2,,0,,,,,,,,,,,,,,,,,0:00:00,FALSE,,0,,,,0:16:08,,,TRUE
6-Apr-22,10040,10600,Season 1 Episode 1,John Carter ,M,0:43:26,1:46:41,10040_10600_2,Nothing Happening,0:59:34,0:59:49,0:00:15,0:00:15,15,0,0,0,Nothing Happening,10040_10600_3,,0,,,,,,,,,,,,,,,,,0:00:00,FALSE,,0,,,,0:00:15,,,TRUE
6-Apr-22,10040,10600,Season 1 Episode 1,John Carter ,M,0:43:26,1:46:41,10040_10600_3,Professional Communication,0:59:49,0:59:56,0:00:07,0:00:07,7,Doctor(s),Talking,0,Hospital,10040_10600_4,,0,,,,,,,,,,,,,,,,,0:00:00,FALSE,,0,,,,0:00:07,,,TRUE
6-Apr-22,10040,10600,Season 1 Episode 1,John Carter ,M,0:43:26,1:46:41,10040_10600_4,In-transit,0:59:56,1:00:07,0:00:11,0:00:11,11,0,0,0,Hospital,10040_10600_5,,0,,,,,,,,,,,,,,,,,0:00:00,FALSE,,0,,,,0:00:11,,,TRUE
6-Apr-22,10040,10600,Season 1 Episode 1,John Carter ,M,0:43:26,1:46:41,10040_10600_5,In-transit,1:00:07,1:00:56,0:00:49,0:00:49,49,0,0,0,Hospital,user,10040_10600_6,1,2,10040_10600_6,1:00:09,1:00:56,,,,,,,,,,,,,0:00:47,FALSE,,0,,,,0:00:49,,,TRUE
6-Apr-22,10040,10600,Season 1 Episode 1,John Carter ,M,0:43:26,1:46:41,10040_10600_6,Education,1:00:09,1:01:05,0:00:56,0:00:56,56,Doctor(s),Talking,0,Hospital,10040_10600_7,10040_10600_5,1,2,10040_10600_5,1:00:09,1:00:56,,,,,,,,,,,,,0:00:47,FALSE,,0,,,,0:00:56,,,TRUE
6-Apr-22,10040,10600,Season 1 Episode 1,John Carter ,M,0:43:26,1:46:41,10040_10600_7,In-transit,1:01:05,1:01:23,0:00:18,0:00:18,18,0,0,0,Hospital,user,10040_10600_8,1,2,10040_10600_8,1:01:07,1:01:23,,,,,,,,,,,,,0:00:16,FALSE,,0,,,,0:00:18,,,TRUE
6-Apr-22,10040,10600,Season 1 Episode 1,John Carter ,M,0:43:26,1:46:41,10040_10600_8,Education,1:01:07,1:01:42,0:00:35,0:00:35,35,Doctor(s),Talking,0,Hospital,10040_10600_10,"10040_10600_7,10040_10600_9",2,2,10040_10600_7,1:01:07,1:01:23,2,10040_10600_9,1:01:32,1:01:40,,,,,,,,,0:00:24,FALSE,,0,,,,0:00:35,,,TRUE
6-Apr-22,10040,10600,Season 1 Episode 1,John Carter ,M,0:43:26,1:46:41,10040_10600_9,In-transit,1:01:32,1:01:40,0:00:08,0:00:08,8,0,0,0,Hospital,user,10040_10600_8,1,2,10040_10600_8,1:01:32,1:01:40,,,,,,,,,,,,,0:00:08,FALSE,,0,,,,0:00:08,,,TRUE
6-Apr-22,10040,10600,Season 1 Episode 1,John Carter ,M,0:43:26,1:46:41,10040_10600_10,Professional Communication,1:01:42,1:01:55,0:00:13,0:00:13,13,Doctor(s),Talking,0,Hospital,10040_10600_11,,0,,,,,,,,,,,,,,,,,0:00:00,FALSE,,0,,,,0:00:13,,,TRUE
6-Apr-22,10040,10600,Season 1 Episode 1,John Carter ,M,0:43:26,1:46:41,10040_10600_11,Education,1:01:55,1:03:10,0:01:15,0:01:15,75,Doctor(s),Talking,0,Hospital,10040_10600_15,"10040_10600_12,10040_10600_13,10040_10600_14",3,2,10040_10600_12,1:01:58,1:02:16,2,10040_10600_13,1:02:21,1:02:41,2,10040_10600_14,1:02:45,1:03:09,,,,,0:01:02,FALSE,,0,,,,0:01:15,,,TRUE
6-Apr-22,10040,10600,Season 1 Episode 1,John Carter ,M,0:43:26,1:46:41,10040_10600_12,In-transit,1:01:58,1:02:16,0:00:18,0:00:18,18,0,0,0,Hospital,user,10040_10600_11,1,2,10040_10600_11,1:01:58,1:02:16,,,,,,,,,,,,,0:00:18,FALSE,,0,,,,0:00:18,,,TRUE
6-Apr-22,10040,10600,Season 1 Episode 1,John Carter ,M,0:43:26,1:46:41,10040_10600_13,Indirect Care,1:02:21,1:02:41,0:00:20,0:00:20,20,Patient,Talking,0,Hospital,user,10040_10600_11,1,2,10040_10600_11,1:02:21,1:02:41,,,,,,,,,,,,,0:00:20,FALSE,,0,,,,0:00:20,,,TRUE
6-Apr-22,10040,10600,Season 1 Episode 1,John Carter ,M,0:43:26,1:46:41,10040_10600_14,Indirect Care,1:02:45,1:03:09,0:00:24,0:00:24,24,0,Med Chart,0,Hospital,user,10040_10600_11,1,2,10040_10600_11,1:02:45,1:03:09,,,,,,,,,,,,,0:00:24,FALSE,,0,,,,0:00:24,,,TRUE
6-Apr-22,10040,10600,Season 1 Episode 1,John Carter ,M,0:43:26,1:46:41,10040_10600_15,Off-Screen,1:03:10,1:03:38,0:00:28,0:00:28,28,0,0,0,Off-Screen,10040_10600_16,,0,,,,,,,,,,,,,,,,,0:00:00,FALSE,,0,,,,0:00:28,,,TRUE
6-Apr-22,10040,10600,Season 1 Episode 1,John Carter ,M,0:43:26,1:46:41,10040_10600_16,Education,1:03:38,1:03:51,0:00:13,0:00:13,13,Doctor(s),Talking,0,Hospital,10040_10600_18,10040_10600_17,1,2,10040_10600_17,1:03:41,1:03:50,,,,,,,,,,,,,0:00:09,FALSE,,0,,,,0:00:13,,,TRUE
6-Apr-22,10040,10600,Season 1 Episode 1,John Carter ,M,0:43:26,1:46:41,10040_10600_17,In-transit,1:03:41,1:03:50,0:00:09,0:00:09,9,0,0,0,Hospital,user,10040_10600_16,1,2,10040_10600_16,1:03:41,1:03:50,,,,,,,,,,,,,0:00:09,FALSE,,0,,,,0:00:09,,,TRUE
6-Apr-22,10040,10600,Season 1 Episode 1,John Carter ,M,0:43:26,1:46:41,10040_10600_18,Direct Care,1:03:51,1:04:07,0:00:16,0:00:16,16,Patient,Talking,0,Hospital,10040_10600_19,,0,,,,,,,,,,,,,,,,,0:00:00,FALSE,,0,,,,0:00:16,,,TRUE
6-Apr-22,10040,10600,Season 1 Episode 1,John Carter ,M,0:43:26,1:46:41,10040_10600_19,Off-Screen,1:04:07,1:05:26,0:01:19,0:01:19,79,0,0,0,Off-Screen,10040_10600_20,,0,,,,,,,,,,,,,,,,,0:00:00,FALSE,,0,,,,0:01:19,,,TRUE
6-Apr-22,10040,10600,Season 1 Episode 1,John Carter ,M,0:43:26,1:46:41,10040_10600_20,Professional Communication,1:05:26,1:05:35,0:00:09,0:00:09,9,Doctor(s),Talking,0,Hospital,user,10040_10600_21,1,2,10040_10600_21,1:05:29,1:05:35,,,,,,,,,,,,,0:00:06,FALSE,,0,,,,0:00:09,,,TRUE
6-Apr-22,10040,10600,Season 1 Episode 1,John Carter ,M,0:43:26,1:46:41,10040_10600_21,Direct Care,1:05:29,1:05:52,0:00:23,0:00:23,23,0,0,0,Hospital,10040_10600_23,"10040_10600_20,10040_10600_22",2,2,10040_10600_20,1:05:29,1:05:35,2,10040_10600_22,1:05:38,1:05:51,,,,,,,,,0:00:19,FALSE,,0,,,,0:00:23,,,TRUE
6-Apr-22,10040,10600,Season 1 Episode 1,John Carter ,M,0:43:26,1:46:41,10040_10600_22,Direct Care,1:05:38,1:05:51,0:00:13,0:00:13,13,Patient,Talking,0,Hospital,user,10040_10600_21,1,2,10040_10600_21,1:05:38,1:05:51,,,,,,,,,,,,,0:00:13,FALSE,,0,,,,0:00:13,,,TRUE
6-Apr-22,10040,10600,Season 1 Episode 1,John Carter ,M,0:43:26,1:46:41,10040_10600_23,Off-Screen,1:05:52,1:07:11,0:01:19,0:01:19,79,0,0,0,Off-Screen,10040_10600_24,,0,,,,,,,,,,,,,,,,,0:00:00,FALSE,,0,,,,0:01:19,,,TRUE
6-Apr-22,10040,10600,Season 1 Episode 1,John Carter ,M,0:43:26,1:46:41,10040_10600_24,In-transit,1:07:11,1:07:18,0:00:07,0:00:07,7,0,0,0,Hospital,10040_10600_25,,0,,,,,,,,,,,,,,,,,0:00:00,FALSE,,0,,,,0:00:07,,,TRUE
6-Apr-22,10040,10600,Season 1 Episode 1,John Carter ,M,0:43:26,1:46:41,10040_10600_25,Indirect Care,1:07:18,1:09:30,0:02:12,0:02:12,132,Patient,Talking,0,Hospital,10040_10600_27,10040_10600_26,1,2,10040_10600_26,1:07:34,1:09:12,,,,,,,,,,,,,0:01:38,FALSE,,0,,,,0:02:12,,,TRUE
6-Apr-22,10040,10600,Season 1 Episode 1,John Carter ,M,0:43:26,1:46:41,10040_10600_26,Direct Care,1:07:34,1:09:12,0:01:38,0:01:38,98,Patient,Talking,0,Hospital,user,10040_10600_25,1,2,10040_10600_25,1:07:34,1:09:12,,,,,,,,,,,,,0:01:38,FALSE,,0,,,,0:01:38,,,TRUE
6-Apr-22,10040,10600,Season 1 Episode 1,John Carter ,M,0:43:26,1:46:41,10040_10600_27,Off-Screen,1:09:30,1:10:48,0:01:18,0:01:18,78,0,0,0,Off-Screen,10040_10600_28,,0,,,,,,,,,,,,,,,,,0:00:00,FALSE,,0,,,,0:01:18,,,TRUE
6-Apr-22,10040,10600,Season 1 Episode 1,John Carter ,M,0:43:26,1:46:41,10040_10600_28,In-transit,1:10:48,1:10:54,0:00:06,0:00:06,6,Doctor(s),Talking,0,Hospital,10040_10600_29,,0,,,,,,,,,,,,,,,,,0:00:00,FALSE,,0,,,,0:00:06,,,TRUE
6-Apr-22,10040,10600,Season 1 Episode 1,John Carter ,M,0:43:26,1:46:41,10040_10600_29,Off-Screen,1:10:54,1:11:00,0:00:06,0:00:06,6,0,0,0,Off-Screen,10040_10600_30,,0,,,,,,,,,,,,,,,,,0:00:00,FALSE,,0,,,,0:00:06,,,TRUE
6-Apr-22,10040,10600,Season 1 Episode 1,John Carter ,M,0:43:26,1:46:41,10040_10600_30,Professional Communication,1:11:00,1:11:17,0:00:17,0:00:17,17,Doctor(s),Talking,0,Hospital,user,10040_10600_31,1,2,10040_10600_31,1:11:06,1:11:17,,,,,,,,,,,,,0:00:11,FALSE,,0,,,,0:00:17,,,TRUE
6-Apr-22,10040,10600,Season 1 Episode 1,John Carter ,M,0:43:26,1:46:41,10040_10600_31,Direct Care,1:11:06,1:11:47,0:00:41,0:00:41,41,Patient,0,0,Hospital,10040_10600_33,"10040_10600_30,10040_10600_32",2,2,10040_10600_30,1:11:06,1:11:17,2,10040_10600_32,1:11:20,1:11:45,,,,,,,,,0:00:36,FALSE,,0,,,,0:00:41,,,TRUE
6-Apr-22,10040,10600,Season 1 Episode 1,John Carter ,M,0:43:26,1:46:41,10040_10600_32,In-transit,1:11:20,1:11:45,0:00:25,0:00:25,25,0,0,0,Hospital,user,10040_10600_31,1,2,10040_10600_31,1:11:20,1:11:45,,,,,,,,,,,,,0:00:25,FALSE,,0,,,,0:00:25,,,TRUE
6-Apr-22,10040,10600,Season 1 Episode 1,John Carter ,M,0:43:26,1:46:41,10040_10600_33,Professional Communication,1:11:47,1:12:32,0:00:45,0:00:45,45,Doctor(s),Talking,0,Hospital,user,10040_10600_34,1,2,10040_10600_34,1:12:19,1:12:32,,,,,,,,,,,,,0:00:13,FALSE,,0,,,,0:00:45,,,TRUE
6-Apr-22,10040,10600,Season 1 Episode 1,John Carter ,M,0:43:26,1:46:41,10040_10600_34,Education,1:12:19,1:13:13,0:00:54,0:00:54,54,0,0,0,Hospital,10040_10600_35,10040_10600_33,1,2,10040_10600_33,1:12:19,1:12:32,,,,,,,,,,,,,0:00:13,FALSE,,0,,,,0:00:54,,,TRUE
6-Apr-22,10040,10600,Season 1 Episode 1,John Carter ,M,0:43:26,1:46:41,10040_10600_35,Nothing Happening,1:13:13,1:13:19,0:00:06,0:00:06,6,0,0,0,Nothing Happening,10040_10600_36,,0,,,,,,,,,,,,,,,,,0:00:00,FALSE,,0,,,,0:00:06,,,TRUE
6-Apr-22,10040,10600,Season 1 Episode 1,John Carter ,M,0:43:26,1:46:41,10040_10600_36,Professional Communication,1:13:19,1:13:37,0:00:18,0:00:18,18,Doctor(s),Talking,0,Hospital,10040_10600_37,,0,,,,,,,,,,,,,,,,,0:00:00,FALSE,,0,,,,0:00:18,,,TRUE
6-Apr-22,10040,10600,Season 1 Episode 1,John Carter ,M,0:43:26,1:46:41,10040_10600_37,In-transit,1:13:37,1:13:39,0:00:02,0:00:02,2,0,0,0,Hospital,10040_10600_38,,0,,,,,,,,,,,,,,,,,0:00:00,FALSE,,0,,,,0:00:02,,,TRUE
6-Apr-22,10040,10600,Season 1 Episode 1,John Carter ,M,0:43:26,1:46:41,10040_10600_38,Off-Screen,1:13:39,1:17:16,0:03:37,0:03:37,217,0,0,0,Off-Screen,10040_10600_39,,0,,,,,,,,,,,,,,,,,0:00:00,FALSE,,0,,,,0:03:37,,,TRUE
6-Apr-22,10040,10600,Season 1 Episode 1,John Carter ,M,0:43:26,1:46:41,10040_10600_39,Professional Communication,1:17:16,1:17:44,0:00:28,0:00:28,28,Doctor(s),Talking,0,Hospital,10040_10600_40,,0,,,,,,,,,,,,,,,,,0:00:00,FALSE,,0,,,,0:00:28,,,TRUE
6-Apr-22,10040,10600,Season 1 Episode 1,John Carter ,M,0:43:26,1:46:41,10040_10600_40,In-transit,1:17:44,1:17:46,0:00:02,0:00:02,2,0,0,0,Hospital,10040_10600_41,,0,,,,,,,,,,,,,,,,,0:00:00,FALSE,,0,,,,0:00:02,,,TRUE
6-Apr-22,10040,10600,Season 1 Episode 1,John Carter ,M,0:43:26,1:46:41,10040_10600_41,Off-Screen,1:17:46,1:23:32,0:05:46,0:05:46,346,0,0,0,Off-Screen,10040_10600_42,,0,,,,,,,,,,,,,,,,,0:00:00,FALSE,,0,,,,0:05:46,,,TRUE
6-Apr-22,10040,10600,Season 1 Episode 1,John Carter ,M,0:43:26,1:46:41,10040_10600_42,Indirect Care,1:23:32,1:24:45,0:01:13,0:01:13,73,Patient,Talking,0,Hospital,user,10040_10600_43,1,2,10040_10600_43,1:23:40,1:24:45,,,,,,,,,,,,,0:01:05,FALSE,,0,,,,0:01:13,,,TRUE
6-Apr-22,10040,10600,Season 1 Episode 1,John Carter ,M,0:43:26,1:46:41,10040_10600_43,Direct Care,1:23:40,1:26:20,0:02:40,0:02:40,160,0,0,0,Hospital,10040_10600_47,"10040_10600_42,10040_10600_44,10040_10600_45,10040_10600_46",4,2,10040_10600_42,1:23:40,1:24:45,2,10040_10600_44,1:24:52,1:25:00,2,10040_10600_45,1:26:01,1:26:08,2,10040_10600_46,1:26:11,1:26:19,0:01:28,FALSE,,0,,,,0:02:40,,,TRUE
6-Apr-22,10040,10600,Season 1 Episode 1,John Carter ,M,0:43:26,1:46:41,10040_10600_44,Indirect Care,1:24:52,1:25:00,0:00:08,0:00:08,8,Relative (Patient),Talking,0,Hospital,user,10040_10600_43,1,2,10040_10600_43,1:24:52,1:25:00,,,,,,,,,,,,,0:00:08,FALSE,,0,,,,0:00:08,,,TRUE
6-Apr-22,10040,10600,Season 1 Episode 1,John Carter ,M,0:43:26,1:46:41,10040_10600_45,Professional Communication,1:26:01,1:26:08,0:00:07,0:00:07,7,Doctor(s),Talking,0,Hospital,user,10040_10600_43,1,2,10040_10600_43,1:26:01,1:26:08,,,,,,,,,,,,,0:00:07,FALSE,,0,,,,0:00:07,,,TRUE
6-Apr-22,10040,10600,Season 1 Episode 1,John Carter ,M,0:43:26,1:46:41,10040_10600_46,Indirect Care,1:26:11,1:26:19,0:00:08,0:00:08,8,Relative (Patient),Talking,0,Hospital,user,10040_10600_43,1,2,10040_10600_43,1:26:11,1:26:19,,,,,,,,,,,,,0:00:08,FALSE,,0,,,,0:00:08,,,TRUE
6-Apr-22,10040,10600,Season 1 Episode 1,John Carter ,M,0:43:26,1:46:41,10040_10600_47,Off-Screen,1:26:20,1:26:51,0:00:31,0:00:31,31,0,0,0,Off-Screen,10040_10600_48,,0,,,,,,,,,,,,,,,,,0:00:00,FALSE,,0,,,,0:00:31,,,TRUE
6-Apr-22,10040,10600,Season 1 Episode 1,John Carter ,M,0:43:26,1:46:41,10040_10600_48,Indirect Care,1:26:51,1:27:14,0:00:23,0:00:23,23,Patient,Talking,0,Hospital,10040_10600_49,,0,,,,,,,,,,,,,,,,,0:00:00,FALSE,,0,,,,0:00:23,,,TRUE
6-Apr-22,10040,10600,Season 1 Episode 1,John Carter ,M,0:43:26,1:46:41,10040_10600_49,Professional Communication,1:27:14,1:27:28,0:00:14,0:00:14,14,Doctor(s),Talking,0,Hospital,10040_10600_51,10040_10600_50,1,2,10040_10600_50,1:27:21,1:27:27,,,,,,,,,,,,,0:00:06,FALSE,,0,,,,0:00:14,,,TRUE
6-Apr-22,10040,10600,Season 1 Episode 1,John Carter ,M,0:43:26,1:46:41,10040_10600_50,Indirect Care,1:27:21,1:27:27,0:00:06,0:00:06,6,Doctor(s),Talking,0,Hospital,user,10040_10600_49,1,2,10040_10600_49,1:27:21,1:27:27,,,,,,,,,,,,,0:00:06,FALSE,,0,,,,0:00:06,,,TRUE
6-Apr-22,10040,10600,Season 1 Episode 1,John Carter ,M,0:43:26,1:46:41,10040_10600_51,Indirect Care,1:27:28,1:28:19,0:00:51,0:00:51,51,Patient,Talking,0,Hospital,10040_10600_53,10040_10600_52,1,2,10040_10600_52,1:28:13,1:28:18,,,,,,,,,,,,,0:00:05,FALSE,,0,,,,0:00:51,,,TRUE
6-Apr-22,10040,10600,Season 1 Episode 1,John Carter ,M,0:43:26,1:46:41,10040_10600_52,Indirect Care,1:28:13,1:28:18,0:00:05,0:00:05,5,Doctor(s),Talking,0,Hospital,user,10040_10600_51,1,2,10040_10600_51,1:28:13,1:28:18,,,,,,,,,,,,,0:00:05,FALSE,,0,,,,0:00:05,,,TRUE
6-Apr-22,10040,10600,Season 1 Episode 1,John Carter ,M,0:43:26,1:46:41,10040_10600_53,Off-Screen,1:28:19,1:32:08,0:03:49,0:03:49,229,0,0,0,Off-Screen,10040_10600_54,,0,,,,,,,,,,,,,,,,,0:00:00,FALSE,,0,,,,0:03:49,,,TRUE
6-Apr-22,10040,10600,Season 1 Episode 1,John Carter ,M,0:43:26,1:46:41,10040_10600_54,Education,1:32:08,1:32:15,0:00:07,0:00:07,7,Doctor(s),Talking,0,Hospital,10040_10600_55,,0,,,,,,,,,,,,,,,,,0:00:00,FALSE,,0,,,,0:00:07,,,TRUE
6-Apr-22,10040,10600,Season 1 Episode 1,John Carter ,M,0:43:26,1:46:41,10040_10600_55,Off-Screen,1:32:15,1:33:00,0:00:45,0:00:45,45,0,0,0,Off-Screen,10040_10600_56,,0,,,,,,,,,,,,,,,,,0:00:00,FALSE,,0,,,,0:00:45,,,TRUE
6-Apr-22,10040,10600,Season 1 Episode 1,John Carter ,M,0:43:26,1:46:41,10040_10600_56,Education,1:33:00,1:33:07,0:00:07,0:00:07,7,Doctor(s),Talking,0,Hospital,10040_10600_57,,0,,,,,,,,,,,,,,,,,0:00:00,FALSE,,0,,,,0:00:07,,,TRUE
6-Apr-22,10040,10600,Season 1 Episode 1,John Carter ,M,0:43:26,1:46:41,10040_10600_57,In-transit,1:33:07,1:33:09,0:00:02,0:00:02,2,0,0,0,Hospital,10040_10600_58,,0,,,,,,,,,,,,,,,,,0:00:00,FALSE,,0,,,,0:00:02,,,TRUE
6-Apr-22,10040,10600,Season 1 Episode 1,John Carter ,M,0:43:26,1:46:41,10040_10600_58,Off-Screen,1:33:09,1:33:43,0:00:34,0:00:34,34,0,0,0,Off-Screen,10040_10600_59,,0,,,,,,,,,,,,,,,,,0:00:00,FALSE,,0,,,,0:00:34,,,TRUE
6-Apr-22,10040,10600,Season 1 Episode 1,John Carter ,M,0:43:26,1:46:41,10040_10600_59,Professional Communication,1:33:43,1:35:32,0:01:49,0:01:49,109,Doctor(s),Talking,0,Hospital,10040_10600_60,,0,,,,,,,,,,,,,,,,,0:00:00,FALSE,,0,,,,0:01:49,,,TRUE
6-Apr-22,10040,10600,Season 1 Episode 1,John Carter ,M,0:43:26,1:46:41,10040_10600_60,Nothing Happening,1:35:32,1:35:38,0:00:06,0:00:06,6,0,0,0,Nothing Happening,10040_10600_61,,0,,,,,,,,,,,,,,,,,0:00:00,FALSE,,0,,,,0:00:06,,,TRUE
6-Apr-22,10040,10600,Season 1 Episode 1,John Carter ,M,0:43:26,1:46:41,10040_10600_61,Off-Screen,1:35:38,1:37:11,0:01:33,0:01:33,93,0,0,0,Off-Screen,10040_10600_62,,0,,,,,,,,,,,,,,,,,0:00:00,FALSE,,0,,,,0:01:33,,,TRUE
6-Apr-22,10040,10600,Season 1 Episode 1,John Carter ,M,0:43:26,1:46:41,10040_10600_62,Professional Communication,1:37:11,1:37:47,0:00:36,0:00:36,36,Doctor(s),Talking,0,Hospital,10040_10600_63,,0,,,,,,,,,,,,,,,,,0:00:00,FALSE,,0,,,,0:00:36,,,TRUE
6-Apr-22,10040,10600,Season 1 Episode 1,John Carter ,M,0:43:26,1:46:41,10040_10600_63,In-transit,1:37:47,1:37:53,0:00:06,0:00:06,6,0,0,0,Hospital,10040_10600_64,,0,,,,,,,,,,,,,,,,,0:00:00,FALSE,,0,,,,0:00:06,,,TRUE
6-Apr-22,10040,10600,Season 1 Episode 1,John Carter ,M,0:43:26,1:46:41,10040_10600_64,Off-Screen,1:37:53,1:38:09,0:00:16,0:00:16,16,0,0,0,Off-Screen,10040_10600_65,,0,,,,,,,,,,,,,,,,,0:00:00,FALSE,,0,,,,0:00:16,,,TRUE
6-Apr-22,10040,10600,Season 1 Episode 1,John Carter ,M,0:43:26,1:46:41,10040_10600_65,In-transit,1:38:09,1:38:14,0:00:05,0:00:05,5,0,Talking,0,Hospital,10040_10600_66,,0,,,,,,,,,,,,,,,,,0:00:00,FALSE,,0,,,,0:00:05,,,TRUE
6-Apr-22,10040,10600,Season 1 Episode 1,John Carter ,M,0:43:26,1:46:41,10040_10600_66,Indirect Care,1:38:14,1:38:22,0:00:08,0:00:08,8,Patient,Talking,0,Hospital,10040_10600_67,,0,,,,,,,,,,,,,,,,,0:00:00,FALSE,,0,,,,0:00:08,,,TRUE
6-Apr-22,10040,10600,Season 1 Episode 1,John Carter ,M,0:43:26,1:46:41,10040_10600_67,Off-Screen,1:38:22,1:44:37,0:06:15,0:06:15,375,0,0,0,Off-Screen,10040_10600_68,,0,,,,,,,,,,,,,,,,,0:00:00,FALSE,,0,,,,0:06:15,,,TRUE
6-Apr-22,10040,10600,Season 1 Episode 1,John Carter ,M,0:43:26,1:46:41,10040_10600_68,Indirect Care,1:44:37,1:45:02,0:00:25,0:00:25,25,Patient,Talking,0,Hospital,10040_10600_70,10040_10600_69,1,2,10040_10600_69,1:44:41,1:45:02,,,,,,,,,,,,,0:00:21,FALSE,,0,,,,0:00:25,,,TRUE
6-Apr-22,10040,10600,Season 1 Episode 1,John Carter ,M,0:43:26,1:46:41,10040_10600_69,Direct Care,1:44:41,1:45:02,0:00:21,0:00:21,21,Patient,Talking,0,Hospital,user,10040_10600_68,1,2,10040_10600_68,1:44:41,1:45:02,,,,,,,,,,,,,0:00:21,FALSE,,0,,,,0:00:21,,,TRUE
6-Apr-22,10040,10600,Season 1 Episode 1,John Carter ,M,0:43:26,1:46:41,10040_10600_70,Off-Screen,1:45:02,1:45:27,0:00:25,0:00:25,25,0,0,0,Off-Screen,10040_10600_71,,0,,,,,,,,,,,,,,,,,0:00:00,FALSE,,0,,,,0:00:25,,,TRUE
6-Apr-22,10040,10600,Season 1 Episode 1,John Carter ,M,0:43:26,1:46:41,10040_10600_71,Nothing Happening,1:45:27,1:45:43,0:00:16,0:00:16,16,0,0,0,Nothing Happening,10040_10600_72,,0,,,,,,,,,,,,,,,,,0:00:00,FALSE,,0,,,,0:00:16,,,TRUE
6-Apr-22,10040,10600,Season 1 Episode 1,John Carter ,M,0:43:26,1:46:41,10040_10600_72,Off-Screen,1:45:43,1:46:41,0:00:58,0:00:58,58,0,0,0,Off-Screen,user,,0,,,,,,,,,,,,,,,,,0:00:00,FALSE,,0,,,,0:00:58,,,TRUE
5-Jul-22,10040,10706,Season 1 Episode 20,John Carter ,M,17:53:12,18:46:53,10040_10706_1,Off-Screen,17:53:12,17:55:13,0:02:01,0:02:01,121,0,0,0,Off-Screen,10040_10706_2,,0,,,,,,,,,,,,,,,,,0:00:00,FALSE,,0,,,,0:02:01,,,TRUE
5-Jul-22,10040,10706,Season 1 Episode 20,John Carter ,M,17:53:12,18:46:53,10040_10706_2,Nothing Happening,17:55:13,17:55:19,0:00:06,0:00:06,6,0,0,0,Nothing Happening,10040_10706_3,,0,,,,,,,,,,,,,,,,,0:00:00,FALSE,,0,,,,0:00:06,,,TRUE
5-Jul-22,10040,10706,Season 1 Episode 20,John Carter ,M,17:53:12,18:46:53,10040_10706_3,Off-Screen,17:55:19,17:56:15,0:00:56,0:00:56,56,0,0,0,Off-Screen,10040_10706_4,,0,,,,,,,,,,,,,,,,,0:00:00,FALSE,,0,,,,0:00:56,,,TRUE
5-Jul-22,10040,10706,Season 1 Episode 20,John Carter ,M,17:53:12,18:46:53,10040_10706_4,Nothing Happening,17:56:15,17:56:28,0:00:13,0:00:13,13,0,0,0,Nothing Happening,10040_10706_5,,0,,,,,,,,,,,,,,,,,0:00:00,FALSE,,0,,,,0:00:13,,,TRUE
5-Jul-22,10040,10706,Season 1 Episode 20,John Carter ,M,17:53:12,18:46:53,10040_10706_5,Professional Communication,17:56:28,17:56:34,0:00:06,0:00:06,6,Doctor(s),Talking,0,Hospital,10040_10706_6,,0,,,,,,,,,,,,,,,,,0:00:00,FALSE,,0,,,,0:00:06,,,TRUE
5-Jul-22,10040,10706,Season 1 Episode 20,John Carter ,M,17:53:12,18:46:53,10040_10706_6,Off-Screen,17:56:34,17:56:38,0:00:04,0:00:04,4,0,0,0,Off-Screen,10040_10706_7,,0,,,,,,,,,,,,,,,,,0:00:00,FALSE,,0,,,,0:00:04,,,TRUE
5-Jul-22,10040,10706,Season 1 Episode 20,John Carter ,M,17:53:12,18:46:53,10040_10706_7,Direct Care,17:56:38,17:56:57,0:00:19,0:00:19,19,Patient,Talking,0,Hospital,10040_10706_9,10040_10706_8,1,2,10040_10706_8,17:56:44,17:56:55,,,,,,,,,,,,,0:00:11,FALSE,,0,,,,0:00:19,,,TRUE
5-Jul-22,10040,10706,Season 1 Episode 20,John Carter ,M,17:53:12,18:46:53,10040_10706_8,In-transit,17:56:44,17:56:55,0:00:11,0:00:11,11,0,0,0,Hospital,user,10040_10706_7,1,2,10040_10706_7,17:56:44,17:56:55,,,,,,,,,,,,,0:00:11,FALSE,,0,,,,0:00:11,,,TRUE
5-Jul-22,10040,10706,Season 1 Episode 20,John Carter ,M,17:53:12,18:46:53,10040_10706_9,Professional Communication,17:56:57,17:57:10,0:00:13,0:00:13,13,Doctor(s),Talking,0,Hospital,10040_10706_11,10040_10706_10,1,2,10040_10706_10,17:57:03,17:57:10,,,,,,,,,,,,,0:00:07,FALSE,,0,,,,0:00:13,,,TRUE
5-Jul-22,10040,10706,Season 1 Episode 20,John Carter ,M,17:53:12,18:46:53,10040_10706_10,In-transit,17:57:03,17:57:10,0:00:07,0:00:07,7,0,0,0,Hospital,user,10040_10706_9,1,2,10040_10706_9,17:57:03,17:57:10,,,,,,,,,,,,,0:00:07,FALSE,,0,,,,0:00:07,,,TRUE
5-Jul-22,10040,10706,Season 1 Episode 20,John Carter ,M,17:53:12,18:46:53,10040_10706_11,Off-Screen,17:57:10,17:57:23,0:00:13,0:00:13,13,0,0,0,Off-Screen,10040_10706_12,,0,,,,,,,,,,,,,,,,,0:00:00,FALSE,,0,,,,0:00:13,,,TRUE
5-Jul-22,10040,10706,Season 1 Episode 20,John Carter ,M,17:53:12,18:46:53,10040_10706_12,Nothing Happening,17:57:23,17:57:27,0:00:04,0:00:04,4,0,0,0,Nothing Happening,10040_10706_13,,0,,,,,,,,,,,,,,,,,0:00:00,FALSE,,0,,,,0:00:04,,,TRUE
5-Jul-22,10040,10706,Season 1 Episode 20,John Carter ,M,17:53:12,18:46:53,10040_10706_13,Off-Screen,17:57:27,17:57:57,0:00:30,0:00:30,30,0,0,0,Off-Screen,10040_10706_14,,0,,,,,,,,,,,,,,,,,0:00:00,FALSE,,0,,,,0:00:30,,,TRUE
5-Jul-22,10040,10706,Season 1 Episode 20,John Carter ,M,17:53:12,18:46:53,10040_10706_14,Nothing Happening,17:57:57,17:58:00,0:00:03,0:00:03,3,0,0,0,Nothing Happening,10040_10706_15,,0,,,,,,,,,,,,,,,,,0:00:00,FALSE,,0,,,,0:00:03,,,TRUE
5-Jul-22,10040,10706,Season 1 Episode 20,John Carter ,M,17:53:12,18:46:53,10040_10706_15,Professional Communication,17:58:00,17:58:04,0:00:04,0:00:04,4,Doctor(s),Talking,0,Hospital,10040_10706_16,,0,,,,,,,,,,,,,,,,,0:00:00,FALSE,,0,,,,0:00:04,,,TRUE
5-Jul-22,10040,10706,Season 1 Episode 20,John Carter ,M,17:53:12,18:46:53,10040_10706_16,Off-Screen,17:58:04,18:00:23,0:02:19,0:02:19,139,0,0,0,Off-Screen,10040_10706_17,,0,,,,,,,,,,,,,,,,,0:00:00,FALSE,,0,,,,0:02:19,,,TRUE
5-Jul-22,10040,10706,Season 1 Episode 20,John Carter ,M,17:53:12,18:46:53,10040_10706_17,Nothing Happening,18:00:23,18:00:27,0:00:04,0:00:04,4,0,0,0,Nothing Happening,10040_10706_18,,0,,,,,,,,,,,,,,,,,0:00:00,FALSE,,0,,,,0:00:04,,,TRUE
5-Jul-22,10040,10706,Season 1 Episode 20,John Carter ,M,17:53:12,18:46:53,10040_10706_18,Professional Communication,18:00:27,18:00:39,0:00:12,0:00:12,12,Doctor(s),Talking,0,Hospital,10040_10706_19,,0,,,,,,,,,,,,,,,,,0:00:00,FALSE,,0,,,,0:00:12,,,TRUE
5-Jul-22,10040,10706,Season 1 Episode 20,John Carter ,M,17:53:12,18:46:53,10040_10706_19,Off-Screen,18:00:39,18:00:44,0:00:05,0:00:05,5,0,0,0,Off-Screen,10040_10706_20,,0,,,,,,,,,,,,,,,,,0:00:00,FALSE,,0,,,,0:00:05,,,TRUE
5-Jul-22,10040,10706,Season 1 Episode 20,John Carter ,M,17:53:12,18:46:53,10040_10706_20,Document,18:00:44,18:00:57,0:00:13,0:00:13,13,0,Med Chart,0,Hospital,10040_10706_21,,0,,,,,,,,,,,,,,,,,0:00:00,FALSE,,0,,,,0:00:13,,,TRUE
5-Jul-22,10040,10706,Season 1 Episode 20,John Carter ,M,17:53:12,18:46:53,10040_10706_21,In-transit,18:00:57,18:01:01,0:00:04,0:00:04,4,0,0,0,Hospital,10040_10706_22,,0,,,,,,,,,,,,,,,,,0:00:00,FALSE,,0,,,,0:00:04,,,TRUE
5-Jul-22,10040,10706,Season 1 Episode 20,John Carter ,M,17:53:12,18:46:53,10040_10706_22,Off-Screen,18:01:01,18:01:11,0:00:10,0:00:10,10,0,0,0,Off-Screen,10040_10706_23,,0,,,,,,,,,,,,,,,,,0:00:00,FALSE,,0,,,,0:00:10,,,TRUE
5-Jul-22,10040,10706,Season 1 Episode 20,John Carter ,M,17:53:12,18:46:53,10040_10706_23,In-transit,18:01:11,18:01:28,0:00:17,0:00:17,17,0,0,0,Hospital,10040_10706_25,10040_10706_24,1,2,10040_10706_24,18:01:14,18:01:28,,,,,,,,,,,,,0:00:14,FALSE,,0,,,,0:00:17,,,TRUE
5-Jul-22,10040,10706,Season 1 Episode 20,John Carter ,M,17:53:12,18:46:53,10040_10706_24,Professional Communication,18:01:14,18:01:28,0:00:14,0:00:14,14,Other,Talking,0,Hospital,user,10040_10706_23,1,2,10040_10706_23,18:01:14,18:01:28,,,,,,,,,,,,,0:00:14,FALSE,,0,,,,0:00:14,,,TRUE
5-Jul-22,10040,10706,Season 1 Episode 20,John Carter ,M,17:53:12,18:46:53,10040_10706_25,Professional Communication,18:01:28,18:01:46,0:00:18,0:00:18,18,Doctor(s),Talking,0,ICU,10040_10706_26,,0,,,,,,,,,,,,,,,,,0:00:00,FALSE,,0,,,,0:00:18,,,TRUE
5-Jul-22,10040,10706,Season 1 Episode 20,John Carter ,M,17:53:12,18:46:53,10040_10706_26,Direct Care,18:01:46,18:02:28,0:00:42,0:00:42,42,Patient,0,0,ICU,10040_10706_29,"10040_10706_27,10040_10706_28",2,2,10040_10706_27,18:01:52,18:02:01,3,"10040_10706_27,10040_10706_28",18:02:01,18:02:28,,,,,,,,,0:00:36,FALSE,,0,,,,0:00:42,,,TRUE
5-Jul-22,10040,10706,Season 1 Episode 20,John Carter ,M,17:53:12,18:46:53,10040_10706_27,Direct Care,18:01:52,18:02:27,0:00:35,0:00:35,35,Doctor(s),Talking,0,ICU,user,"10040_10706_26,10040_10706_28",2,2,10040_10706_26,18:01:52,18:02:01,3,"10040_10706_26,10040_10706_28",18:02:01,18:02:27,,,,,,,,,0:00:35,FALSE,,0,,,,0:00:35,,,TRUE
5-Jul-22,10040,10706,Season 1 Episode 20,John Carter ,M,17:53:12,18:46:53,10040_10706_28,Direct Care,18:02:01,18:02:28,0:00:27,0:00:27,27,Nurse,Talking,0,ICU,10040_10706_29,"10040_10706_27,10040_10706_26",1,3,"10040_10706_27,10040_10706_26",18:02:01,18:02:28,,,,,,,,,,,,,0:00:27,FALSE,,0,,,,0:00:27,,,TRUE
5-Jul-22,10040,10706,Season 1 Episode 20,John Carter ,M,17:53:12,18:46:53,10040_10706_29,Off-Screen,18:02:28,18:03:23,0:00:55,0:00:55,55,0,0,0,Off-Screen,10040_10706_30,,0,,,,,,,,,,,,,,,,,0:00:00,FALSE,,0,,,,0:00:55,,,TRUE
5-Jul-22,10040,10706,Season 1 Episode 20,John Carter ,M,17:53:12,18:46:53,10040_10706_30,Direct Care,18:03:23,18:04:01,0:00:38,0:00:38,38,Patient,0,0,ICU,10040_10706_32,10040_10706_31,1,2,10040_10706_31,18:03:27,18:04:00,,,,,,,,,,,,,0:00:33,FALSE,,0,,,,0:00:38,,,TRUE
5-Jul-22,10040,10706,Season 1 Episode 20,John Carter ,M,17:53:12,18:46:53,10040_10706_31,Professional Communication,18:03:27,18:04:00,0:00:33,0:00:33,33,Doctor(s),Talking,0,ICU,user,10040_10706_30,1,2,10040_10706_30,18:03:27,18:04:00,,,,,,,,,,,,,0:00:33,FALSE,,0,,,,0:00:33,,,TRUE
5-Jul-22,10040,10706,Season 1 Episode 20,John Carter ,M,17:53:12,18:46:53,10040_10706_32,Off-Screen,18:04:01,18:04:30,0:00:29,0:00:29,29,0,0,0,Off-Screen,10040_10706_33,,0,,,,,,,,,,,,,,,,,0:00:00,FALSE,,0,,,,0:00:29,,,TRUE
5-Jul-22,10040,10706,Season 1 Episode 20,John Carter ,M,17:53:12,18:46:53,10040_10706_33,Direct Care,18:04:30,18:04:45,0:00:15,0:00:15,15,Patient,0,0,ICU,10040_10706_35,10040_10706_34,1,2,10040_10706_34,18:04:33,18:04:45,,,,,,,,,,,,,0:00:12,FALSE,,0,,,,0:00:15,,,TRUE
5-Jul-22,10040,10706,Season 1 Episode 20,John Carter ,M,17:53:12,18:46:53,10040_10706_34,Professional Communication,18:04:33,18:04:45,0:00:12,0:00:12,12,Doctor(s),Talking,0,ICU,user,10040_10706_33,1,2,10040_10706_33,18:04:33,18:04:45,,,,,,,,,,,,,0:00:12,FALSE,,0,,,,0:00:12,,,TRUE
5-Jul-22,10040,10706,Season 1 Episode 20,John Carter ,M,17:53:12,18:46:53,10040_10706_35,Off-Screen,18:04:45,18:10:28,0:05:43,0:05:43,343,0,0,0,Off-Screen,10040_10706_36,,0,,,,,,,,,,,,,,,,,0:00:00,FALSE,,0,,,,0:05:43,,,TRUE
5-Jul-22,10040,10706,Season 1 Episode 20,John Carter ,M,17:53:12,18:46:53,10040_10706_36,In-transit,18:10:28,18:10:55,0:00:27,0:00:27,27,0,0,0,Hospital,user,"10040_10706_37,10040_10706_38",2,2,10040_10706_37,18:10:32,18:10:47,2,10040_10706_38,18:10:48,18:10:55,,,,,,,,,0:00:22,FALSE,,0,,,,0:00:27,,,TRUE
5-Jul-22,10040,10706,Season 1 Episode 20,John Carter ,M,17:53:12,18:46:53,10040_10706_37,Nothing Happening,18:10:32,18:10:47,0:00:15,0:00:15,15,0,0,0,Nothing Happening,user,10040_10706_36,1,2,10040_10706_36,18:10:32,18:10:47,,,,,,,,,,,,,0:00:15,FALSE,,0,,,,0:00:15,,,TRUE
5-Jul-22,10040,10706,Season 1 Episode 20,John Carter ,M,17:53:12,18:46:53,10040_10706_38,Professional Communication,18:10:48,18:10:56,0:00:08,0:00:08,8,Doctor(s),Talking,0,Hospital,10040_10706_39,10040_10706_36,1,2,10040_10706_36,18:10:48,18:10:55,,,,,,,,,,,,,0:00:07,FALSE,,0,,,,0:00:08,,,TRUE
5-Jul-22,10040,10706,Season 1 Episode 20,John Carter ,M,17:53:12,18:46:53,10040_10706_39,Off-Screen,18:10:56,18:13:08,0:02:12,0:02:12,132,0,0,0,Off-Screen,10040_10706_40,,0,,,,,,,,,,,,,,,,,0:00:00,FALSE,,0,,,,0:02:12,,,TRUE
5-Jul-22,10040,10706,Season 1 Episode 20,John Carter ,M,17:53:12,18:46:53,10040_10706_40,Direct Care,18:13:08,18:14:09,0:01:01,0:01:01,61,Patient,Talking,0,Hospital,10040_10706_41,,0,,,,,,,,,,,,,,,,,0:00:00,FALSE,,0,,,,0:01:01,,,TRUE
5-Jul-22,10040,10706,Season 1 Episode 20,John Carter ,M,17:53:12,18:46:53,10040_10706_41,Off-Screen,18:14:09,18:15:38,0:01:29,0:01:29,89,0,0,0,Off-Screen,10040_10706_42,,0,,,,,,,,,,,,,,,,,0:00:00,FALSE,,0,,,,0:01:29,,,TRUE
5-Jul-22,10040,10706,Season 1 Episode 20,John Carter ,M,17:53:12,18:46:53,10040_10706_42,Direct Care,18:15:38,18:16:39,0:01:01,0:01:01,61,Patient,Talking,0,Hospital,10040_10706_43,,0,,,,,,,,,,,,,,,,,0:00:00,FALSE,,0,,,,0:01:01,,,TRUE
5-Jul-22,10040,10706,Season 1 Episode 20,John Carter ,M,17:53:12,18:46:53,10040_10706_43,Nothing Happening,18:16:39,18:16:41,0:00:02,0:00:02,2,0,0,0,Nothing Happening,10040_10706_44,,0,,,,,,,,,,,,,,,,,0:00:00,FALSE,,0,,,,0:00:02,,,TRUE
5-Jul-22,10040,10706,Season 1 Episode 20,John Carter ,M,17:53:12,18:46:53,10040_10706_44,In-transit,18:16:41,18:16:46,0:00:05,0:00:05,5,0,0,0,Hospital,10040_10706_45,,0,,,,,,,,,,,,,,,,,0:00:00,FALSE,,0,,,,0:00:05,,,TRUE
5-Jul-22,10040,10706,Season 1 Episode 20,John Carter ,M,17:53:12,18:46:53,10040_10706_45,Off-Screen,18:16:46,18:17:30,0:00:44,0:00:44,44,0,0,0,Off-Screen,10040_10706_46,,0,,,,,,,,,,,,,,,,,0:00:00,FALSE,,0,,,,0:00:44,,,TRUE
5-Jul-22,10040,10706,Season 1 Episode 20,John Carter ,M,17:53:12,18:46:53,10040_10706_46,Professional Communication,18:17:30,18:17:36,0:00:06,0:00:06,6,Doctor(s),Talking,0,Hospital,10040_10706_47,,0,,,,,,,,,,,,,,,,,0:00:00,FALSE,,0,,,,0:00:06,,,TRUE
5-Jul-22,10040,10706,Season 1 Episode 20,John Carter ,M,17:53:12,18:46:53,10040_10706_47,Nothing Happening,18:17:36,18:17:48,0:00:12,0:00:12,12,0,0,0,Nothing Happening,10040_10706_48,,0,,,,,,,,,,,,,,,,,0:00:00,FALSE,,0,,,,0:00:12,,,TRUE
5-Jul-22,10040,10706,Season 1 Episode 20,John Carter ,M,17:53:12,18:46:53,10040_10706_48,Off-Screen,18:17:48,18:22:51,0:05:03,0:05:03,303,0,0,0,Off-Screen,10040_10706_49,,0,,,,,,,,,,,,,,,,,0:00:00,FALSE,,0,,,,0:05:03,,,TRUE
5-Jul-22,10040,10706,Season 1 Episode 20,John Carter ,M,17:53:12,18:46:53,10040_10706_49,Professional Communication,18:22:51,18:23:13,0:00:22,0:00:22,22,Doctor(s),Talking,0,Hospital,10040_10706_51,10040_10706_50,1,2,10040_10706_50,18:23:05,18:23:11,,,,,,,,,,,,,0:00:06,FALSE,,0,,,,0:00:22,,,TRUE
5-Jul-22,10040,10706,Season 1 Episode 20,John Carter ,M,17:53:12,18:46:53,10040_10706_50,In-transit,18:23:05,18:23:11,0:00:06,0:00:06,6,0,0,0,Hospital,user,10040_10706_49,1,2,10040_10706_49,18:23:05,18:23:11,,,,,,,,,,,,,0:00:06,FALSE,,0,,,,0:00:06,,,TRUE
5-Jul-22,10040,10706,Season 1 Episode 20,John Carter ,M,17:53:12,18:46:53,10040_10706_51,Direct Care,18:23:13,18:23:52,0:00:39,0:00:39,39,Patient,Talking,0,Hospital,10040_10706_53,10040_10706_52,1,2,10040_10706_52,18:23:44,18:23:51,,,,,,,,,,,,,0:00:07,FALSE,,0,,,,0:00:39,,,TRUE
5-Jul-22,10040,10706,Season 1 Episode 20,John Carter ,M,17:53:12,18:46:53,10040_10706_52,Professional Communication,18:23:44,18:23:51,0:00:07,0:00:07,7,Doctor(s),Talking,0,Hospital,user,10040_10706_51,1,2,10040_10706_51,18:23:44,18:23:51,,,,,,,,,,,,,0:00:07,FALSE,,0,,,,0:00:07,,,TRUE
5-Jul-22,10040,10706,Season 1 Episode 20,John Carter ,M,17:53:12,18:46:53,10040_10706_53,Off-Screen,18:23:52,18:25:02,0:01:10,0:01:10,70,0,0,0,Off-Screen,10040_10706_54,,0,,,,,,,,,,,,,,,,,0:00:00,FALSE,,0,,,,0:01:10,,,TRUE
5-Jul-22,10040,10706,Season 1 Episode 20,John Carter ,M,17:53:12,18:46:53,10040_10706_54,Nothing Happening,18:25:02,18:25:08,0:00:06,0:00:06,6,0,0,0,Nothing Happening,10040_10706_55,,0,,,,,,,,,,,,,,,,,0:00:00,FALSE,,0,,,,0:00:06,,,TRUE
5-Jul-22,10040,10706,Season 1 Episode 20,John Carter ,M,17:53:12,18:46:53,10040_10706_55,Off-Screen,18:25:08,18:25:20,0:00:12,0:00:12,12,0,0,0,Off-Screen,10040_10706_56,,0,,,,,,,,,,,,,,,,,0:00:00,FALSE,,0,,,,0:00:12,,,TRUE
5-Jul-22,10040,10706,Season 1 Episode 20,John Carter ,M,17:53:12,18:46:53,10040_10706_56,Nothing Happening,18:25:20,18:25:25,0:00:05,0:00:05,5,0,0,0,Nothing Happening,10040_10706_57,,0,,,,,,,,,,,,,,,,,0:00:00,FALSE,,0,,,,0:00:05,,,TRUE
5-Jul-22,10040,10706,Season 1 Episode 20,John Carter ,M,17:53:12,18:46:53,10040_10706_57,Off-Screen,18:25:25,18:26:14,0:00:49,0:00:49,49,0,0,0,Off-Screen,10040_10706_58,,0,,,,,,,,,,,,,,,,,0:00:00,FALSE,,0,,,,0:00:49,,,TRUE
5-Jul-22,10040,10706,Season 1 Episode 20,John Carter ,M,17:53:12,18:46:53,10040_10706_58,Professional Communication,18:26:14,18:26:42,0:00:28,0:00:28,28,Doctor(s),Talking,0,Hospital,user,10040_10706_59,1,2,10040_10706_59,18:26:25,18:26:42,,,,,,,,,,,,,0:00:17,FALSE,,0,,,,0:00:28,,,TRUE
5-Jul-22,10040,10706,Season 1 Episode 20,John Carter ,M,17:53:12,18:46:53,10040_10706_59,Direct Care,18:26:25,18:26:50,0:00:25,0:00:25,25,Patient,Talking,0,Hospital,10040_10706_60,10040_10706_58,1,2,10040_10706_58,18:26:25,18:26:42,,,,,,,,,,,,,0:00:17,FALSE,,0,,,,0:00:25,,,TRUE
5-Jul-22,10040,10706,Season 1 Episode 20,John Carter ,M,17:53:12,18:46:53,10040_10706_60,Off-Screen,18:26:50,18:27:39,0:00:49,0:00:49,49,0,0,0,Off-Screen,10040_10706_61,,0,,,,,,,,,,,,,,,,,0:00:00,FALSE,,0,,,,0:00:49,,,TRUE
5-Jul-22,10040,10706,Season 1 Episode 20,John Carter ,M,17:53:12,18:46:53,10040_10706_61,Professional Communication,18:27:39,18:28:00,0:00:21,0:00:21,21,Nurse,Talking,0,Hospital,10040_10706_63,10040_10706_62,1,2,10040_10706_62,18:27:45,18:27:53,,,,,,,,,,,,,0:00:08,FALSE,,0,,,,0:00:21,,,TRUE
5-Jul-22,10040,10706,Season 1 Episode 20,John Carter ,M,17:53:12,18:46:53,10040_10706_62,In-transit,18:27:45,18:27:53,0:00:08,0:00:08,8,0,0,0,Hospital,user,10040_10706_61,1,2,10040_10706_61,18:27:45,18:27:53,,,,,,,,,,,,,0:00:08,FALSE,,0,,,,0:00:08,,,TRUE
5-Jul-22,10040,10706,Season 1 Episode 20,John Carter ,M,17:53:12,18:46:53,10040_10706_63,Nothing Happening,18:28:00,18:28:03,0:00:03,0:00:03,3,0,0,0,Nothing Happening,10040_10706_64,,0,,,,,,,,,,,,,,,,,0:00:00,FALSE,,0,,,,0:00:03,,,TRUE
5-Jul-22,10040,10706,Season 1 Episode 20,John Carter ,M,17:53:12,18:46:53,10040_10706_64,Off-Screen,18:28:03,18:34:16,0:06:13,0:06:13,373,0,0,0,Off-Screen,10040_10706_65,,0,,,,,,,,,,,,,,,,,0:00:00,FALSE,,0,,,,0:06:13,,,TRUE
5-Jul-22,10040,10706,Season 1 Episode 20,John Carter ,M,17:53:12,18:46:53,10040_10706_65,Direct Care,18:34:16,18:34:52,0:00:36,0:00:36,36,Patient,0,0,ICU,10040_10706_67,10040_10706_66,1,2,10040_10706_66,18:34:21,18:34:51,,,,,,,,,,,,,0:00:30,FALSE,,0,,,,0:00:36,,,TRUE
5-Jul-22,10040,10706,Season 1 Episode 20,John Carter ,M,17:53:12,18:46:53,10040_10706_66,Direct Care,18:34:21,18:34:51,0:00:30,0:00:30,30,Doctor(s),Talking,0,ICU,user,10040_10706_65,1,2,10040_10706_65,18:34:21,18:34:51,,,,,,,,,,,,,0:00:30,FALSE,,0,,,,0:00:30,,,TRUE
5-Jul-22,10040,10706,Season 1 Episode 20,John Carter ,M,17:53:12,18:46:53,10040_10706_67,Off-Screen,18:34:52,18:35:22,0:00:30,0:00:30,30,0,0,0,Off-Screen,10040_10706_68,,0,,,,,,,,,,,,,,,,,0:00:00,FALSE,,0,,,,0:00:30,,,TRUE
5-Jul-22,10040,10706,Season 1 Episode 20,John Carter ,M,17:53:12,18:46:53,10040_10706_68,Direct Care,18:35:22,18:36:02,0:00:40,0:00:40,40,Patient,0,0,ICU,10040_10706_70,10040_10706_69,1,2,10040_10706_69,18:35:25,18:36:01,,,,,,,,,,,,,0:00:36,FALSE,,0,,,,0:00:40,,,TRUE
5-Jul-22,10040,10706,Season 1 Episode 20,John Carter ,M,17:53:12,18:46:53,10040_10706_69,Direct Care,18:35:25,18:36:01,0:00:36,0:00:36,36,Doctor(s),Talking,0,ICU,user,10040_10706_68,1,2,10040_10706_68,18:35:25,18:36:01,,,,,,,,,,,,,0:00:36,FALSE,,0,,,,0:00:36,,,TRUE
5-Jul-22,10040,10706,Season 1 Episode 20,John Carter ,M,17:53:12,18:46:53,10040_10706_70,Education,18:36:02,18:36:31,0:00:29,0:00:29,29,0,0,0,ICU,user,"10040_10706_71,10040_10706_72",2,2,10040_10706_71,18:36:10,18:36:19,3,"10040_10706_71,10040_10706_72",18:36:19,18:36:31,,,,,,,,,0:00:21,FALSE,,0,,,,0:00:29,,,TRUE
5-Jul-22,10040,10706,Season 1 Episode 20,John Carter ,M,17:53:12,18:46:53,10040_10706_71,Direct Care,18:36:10,18:36:56,0:00:46,0:00:46,46,Doctor(s),Talking,0,ICU,10040_10706_73,"10040_10706_70,10040_10706_72",2,2,10040_10706_70,18:36:10,18:36:19,3,"10040_10706_70,10040_10706_72",18:36:19,18:36:51,,,,,,,,,0:00:41,FALSE,,0,,,,0:00:46,,,TRUE
5-Jul-22,10040,10706,Season 1 Episode 20,John Carter ,M,17:53:12,18:46:53,10040_10706_72,Direct Care,18:36:19,18:36:51,0:00:32,0:00:32,32,Patient,0,0,ICU,user,"10040_10706_71,10040_10706_70",1,3,"10040_10706_71,10040_10706_70",18:36:19,18:36:51,,,,,,,,,,,,,0:00:32,FALSE,,0,,,,0:00:32,,,TRUE
5-Jul-22,10040,10706,Season 1 Episode 20,John Carter ,M,17:53:12,18:46:53,10040_10706_73,Off-Screen,18:36:56,18:37:58,0:01:02,0:01:02,62,0,0,0,Off-Screen,10040_10706_74,,0,,,,,,,,,,,,,,,,,0:00:00,FALSE,,0,,,,0:01:02,,,TRUE
5-Jul-22,10040,10706,Season 1 Episode 20,John Carter ,M,17:53:12,18:46:53,10040_10706_74,Professional Communication,18:37:58,18:38:11,0:00:13,0:00:13,13,Doctor(s),Talking,0,Hospital,10040_10706_75,,0,,,,,,,,,,,,,,,,,0:00:00,FALSE,,0,,,,0:00:13,,,TRUE
5-Jul-22,10040,10706,Season 1 Episode 20,John Carter ,M,17:53:12,18:46:53,10040_10706_75,In-transit,18:38:11,18:38:14,0:00:03,0:00:03,3,0,0,0,Hospital,10040_10706_76,,0,,,,,,,,,,,,,,,,,0:00:00,FALSE,,0,,,,0:00:03,,,TRUE
5-Jul-22,10040,10706,Season 1 Episode 20,John Carter ,M,17:53:12,18:46:53,10040_10706_76,Off-Screen,18:38:14,18:45:44,0:07:30,0:07:30,450,0,0,0,Off-Screen,10040_10706_77,,0,,,,,,,,,,,,,,,,,0:00:00,FALSE,,0,,,,0:07:30,,,TRUE
5-Jul-22,10040,10706,Season 1 Episode 20,John Carter ,M,17:53:12,18:46:53,10040_10706_77,Social,18:45:44,18:45:55,0:00:11,0:00:11,11,Doctor(s),Talking,0,Hospital,10040_10706_78,,0,,,,,,,,,,,,,,,,,0:00:00,FALSE,,0,,,,0:00:11,,,TRUE
5-Jul-22,10040,10706,Season 1 Episode 20,John Carter ,M,17:53:12,18:46:53,10040_10706_78,Social,18:45:55,18:46:01,0:00:06,0:00:06,6,Doctor(s),Talking,0,Hospital,10040_10706_79,,0,,,,,,,,,,,,,,,,,0:00:00,FALSE,,0,,,,0:00:06,,,TRUE
5-Jul-22,10040,10706,Season 1 Episode 20,John Carter ,M,17:53:12,18:46:53,10040_10706_79,Nothing Happening,18:46:01,18:46:48,0:00:47,0:00:47,47,0,0,0,Nothing Happening,10040_10706_80,,0,,,,,,,,,,,,,,,,,0:00:00,FALSE,,0,,,,0:00:47,,,TRUE
5-Jul-22,10040,10706,Season 1 Episode 20,John Carter ,M,17:53:12,18:46:53,10040_10706_80,Off-Screen,18:46:48,18:46:53,0:00:05,0:00:05,5,0,0,0,Off-Screen,user,,0,,,,,,,,,,,,,,,,,0:00:00,FALSE,,0,,,,0:00:05,,,TRUE
5-Jul-22,10040,10705,Season 1 Episode 21,John Carter ,M,18:47:58,19:38:47,10040_10705_1,Off-Screen,18:47:58,18:50:03,0:02:05,0:02:05,125,0,0,0,Off-Screen,10040_10705_2,,0,,,,,,,,,,,,,,,,,0:00:00,FALSE,,0,,,,0:02:05,,,TRUE
5-Jul-22,10040,10705,Season 1 Episode 21,John Carter ,M,18:47:58,19:38:47,10040_10705_2,In-transit,18:50:03,18:50:21,0:00:18,0:00:18,18,0,0,0,Hospital,user,10040_10705_3,1,2,10040_10705_3,18:50:04,18:50:21,,,,,,,,,,,,,0:00:17,FALSE,,0,,,,0:00:18,,,TRUE
5-Jul-22,10040,10705,Season 1 Episode 21,John Carter ,M,18:47:58,19:38:47,10040_10705_3,Professional Communication,18:50:04,18:50:24,0:00:20,0:00:20,20,Doctor(s),Talking,0,Hospital,10040_10705_4,10040_10705_2,1,2,10040_10705_2,18:50:04,18:50:21,,,,,,,,,,,,,0:00:17,FALSE,,0,,,,0:00:20,,,TRUE
5-Jul-22,10040,10705,Season 1 Episode 21,John Carter ,M,18:47:58,19:38:47,10040_10705_4,In-transit,18:50:24,18:50:26,0:00:02,0:00:02,2,0,0,0,Hospital,10040_10705_5,,0,,,,,,,,,,,,,,,,,0:00:00,FALSE,,0,,,,0:00:02,,,TRUE
5-Jul-22,10040,10705,Season 1 Episode 21,John Carter ,M,18:47:58,19:38:47,10040_10705_5,In-transit,18:50:26,18:50:40,0:00:14,0:00:14,14,0,0,0,Hospital,10040_10705_7,10040_10705_6,1,2,10040_10705_6,18:50:27,18:50:39,,,,,,,,,,,,,0:00:12,FALSE,,0,,,,0:00:14,,,TRUE
5-Jul-22,10040,10705,Season 1 Episode 21,John Carter ,M,18:47:58,19:38:47,10040_10705_6,Professional Communication,18:50:27,18:50:39,0:00:12,0:00:12,12,Doctor(s),Talking,0,Hospital,user,10040_10705_5,1,2,10040_10705_5,18:50:27,18:50:39,,,,,,,,,,,,,0:00:12,FALSE,,0,,,,0:00:12,,,TRUE
5-Jul-22,10040,10705,Season 1 Episode 21,John Carter ,M,18:47:58,19:38:47,10040_10705_7,Off-Screen,18:50:40,18:55:42,0:05:02,0:05:02,302,0,0,0,Off-Screen,10040_10705_8,,0,,,,,,,,,,,,,,,,,0:00:00,FALSE,,0,,,,0:05:02,,,TRUE
5-Jul-22,10040,10705,Season 1 Episode 21,John Carter ,M,18:47:58,19:38:47,10040_10705_8,Direct Care,18:55:42,18:56:55,0:01:13,0:01:13,73,Doctor(s),Talking,0,ICU,10040_10705_10,10040_10705_9,1,2,10040_10705_9,18:55:45,18:56:54,,,,,,,,,,,,,0:01:09,FALSE,,0,,,,0:01:13,,,TRUE
5-Jul-22,10040,10705,Season 1 Episode 21,John Carter ,M,18:47:58,19:38:47,10040_10705_9,Direct Care,18:55:45,18:56:54,0:01:09,0:01:09,69,Patient,0,0,ICU,user,10040_10705_8,1,2,10040_10705_8,18:55:45,18:56:54,,,,,,,,,,,,,0:01:09,FALSE,,0,,,,0:01:09,,,TRUE
5-Jul-22,10040,10705,Season 1 Episode 21,John Carter ,M,18:47:58,19:38:47,10040_10705_10,Off-Screen,18:56:55,18:57:47,0:00:52,0:00:52,52,0,0,0,Off-Screen,10040_10705_11,,0,,,,,,,,,,,,,,,,,0:00:00,FALSE,,0,,,,0:00:52,,,TRUE
5-Jul-22,10040,10705,Season 1 Episode 21,John Carter ,M,18:47:58,19:38:47,10040_10705_11,Direct Care,18:57:47,18:58:24,0:00:37,0:00:37,37,Patient,Talking,0,Hospital,user,10040_10705_12,1,2,10040_10705_12,18:57:50,18:58:24,,,,,,,,,,,,,0:00:34,FALSE,,0,,,,0:00:37,,,TRUE
5-Jul-22,10040,10705,Season 1 Episode 21,John Carter ,M,18:47:58,19:38:47,10040_10705_12,Document,18:57:50,18:58:55,0:01:05,0:01:05,65,0,Med Chart,0,Hospital,10040_10705_13,10040_10705_11,1,2,10040_10705_11,18:57:50,18:58:24,,,,,,,,,,,,,0:00:34,FALSE,,0,,,,0:01:05,,,TRUE
5-Jul-22,10040,10705,Season 1 Episode 21,John Carter ,M,18:47:58,19:38:47,10040_10705_13,In-transit,18:58:55,18:58:57,0:00:02,0:00:02,2,0,0,0,Hospital,10040_10705_14,,0,,,,,,,,,,,,,,,,,0:00:00,FALSE,,0,,,,0:00:02,,,TRUE
5-Jul-22,10040,10705,Season 1 Episode 21,John Carter ,M,18:47:58,19:38:47,10040_10705_14,Off-Screen,18:58:57,18:59:00,0:00:03,0:00:03,3,0,0,0,Off-Screen,10040_10705_15,,0,,,,,,,,,,,,,,,,,0:00:00,FALSE,,0,,,,0:00:03,,,TRUE
5-Jul-22,10040,10705,Season 1 Episode 21,John Carter ,M,18:47:58,19:38:47,10040_10705_15,In-transit,18:59:00,18:59:10,0:00:10,0:00:10,10,0,0,0,Hospital,10040_10705_17,10040_10705_16,1,2,10040_10705_16,18:59:03,18:59:09,,,,,,,,,,,,,0:00:06,FALSE,,0,,,,0:00:10,,,TRUE
5-Jul-22,10040,10705,Season 1 Episode 21,John Carter ,M,18:47:58,19:38:47,10040_10705_16,Professional Communication,18:59:03,18:59:09,0:00:06,0:00:06,6,Doctor(s),Talking,0,Hospital,user,10040_10705_15,1,2,10040_10705_15,18:59:03,18:59:09,,,,,,,,,,,,,0:00:06,FALSE,,0,,,,0:00:06,,,TRUE
5-Jul-22,10040,10705,Season 1 Episode 21,John Carter ,M,18:47:58,19:38:47,10040_10705_17,Nothing Happening,18:59:10,18:59:13,0:00:03,0:00:03,3,0,0,0,Nothing Happening,10040_10705_18,,0,,,,,,,,,,,,,,,,,0:00:00,FALSE,,0,,,,0:00:03,,,TRUE
5-Jul-22,10040,10705,Season 1 Episode 21,John Carter ,M,18:47:58,19:38:47,10040_10705_18,Professional Communication,18:59:13,18:59:20,0:00:07,0:00:07,7,Doctor(s),Talking,0,Hospital,10040_10705_20,10040_10705_19,1,2,10040_10705_19,18:59:16,18:59:19,,,,,,,,,,,,,0:00:03,FALSE,,0,,,,0:00:07,,,TRUE
5-Jul-22,10040,10705,Season 1 Episode 21,John Carter ,M,18:47:58,19:38:47,10040_10705_19,In-transit,18:59:16,18:59:19,0:00:03,0:00:03,3,0,0,0,Hospital,user,10040_10705_18,1,2,10040_10705_18,18:59:16,18:59:19,,,,,,,,,,,,,0:00:03,FALSE,,0,,,,0:00:03,,,TRUE
5-Jul-22,10040,10705,Season 1 Episode 21,John Carter ,M,18:47:58,19:38:47,10040_10705_20,Off-Screen,18:59:20,19:02:10,0:02:50,0:02:50,170,0,0,0,Off-Screen,10040_10705_21,,0,,,,,,,,,,,,,,,,,0:00:00,FALSE,,0,,,,0:02:50,,,TRUE
5-Jul-22,10040,10705,Season 1 Episode 21,John Carter ,M,18:47:58,19:38:47,10040_10705_21,Direct Care,19:02:10,19:02:26,0:00:16,0:00:16,16,Nurse,Talking,0,Hospital,10040_10705_22,,0,,,,,,,,,,,,,,,,,0:00:00,FALSE,,0,,,,0:00:16,,,TRUE
5-Jul-22,10040,10705,Season 1 Episode 21,John Carter ,M,18:47:58,19:38:47,10040_10705_22,Direct Care,19:02:26,19:02:33,0:00:07,0:00:07,7,Patient,Talking,0,Hospital,10040_10705_23,,0,,,,,,,,,,,,,,,,,0:00:00,FALSE,,0,,,,0:00:07,,,TRUE
5-Jul-22,10040,10705,Season 1 Episode 21,John Carter ,M,18:47:58,19:38:47,10040_10705_23,In-transit,19:02:33,19:02:35,0:00:02,0:00:02,2,0,0,0,Hospital,10040_10705_24,,0,,,,,,,,,,,,,,,,,0:00:00,FALSE,,0,,,,0:00:02,,,TRUE
5-Jul-22,10040,10705,Season 1 Episode 21,John Carter ,M,18:47:58,19:38:47,10040_10705_24,Off-Screen,19:02:35,19:03:48,0:01:13,0:01:13,73,0,0,0,Off-Screen,10040_10705_25,,0,,,,,,,,,,,,,,,,,0:00:00,FALSE,,0,,,,0:01:13,,,TRUE
5-Jul-22,10040,10705,Season 1 Episode 21,John Carter ,M,18:47:58,19:38:47,10040_10705_25,Direct Care,19:03:48,19:04:33,0:00:45,0:00:45,45,Patient,Talking,0,Hospital,10040_10705_26,,0,,,,,,,,,,,,,,,,,0:00:00,FALSE,,0,,,,0:00:45,,,TRUE
5-Jul-22,10040,10705,Season 1 Episode 21,John Carter ,M,18:47:58,19:38:47,10040_10705_26,Off-Screen,19:04:33,19:08:27,0:03:54,0:03:54,234,0,0,0,Off-Screen,10040_10705_27,,0,,,,,,,,,,,,,,,,,0:00:00,FALSE,,0,,,,0:03:54,,,TRUE
5-Jul-22,10040,10705,Season 1 Episode 21,John Carter ,M,18:47:58,19:38:47,10040_10705_27,Professional Communication,19:08:27,19:08:32,0:00:05,0:00:05,5,Doctor(s),Talking,0,Hospital,10040_10705_28,,0,,,,,,,,,,,,,,,,,0:00:00,FALSE,,0,,,,0:00:05,,,TRUE
5-Jul-22,10040,10705,Season 1 Episode 21,John Carter ,M,18:47:58,19:38:47,10040_10705_28,In-transit,19:08:32,19:08:35,0:00:03,0:00:03,3,0,0,0,Hospital,10040_10705_29,,0,,,,,,,,,,,,,,,,,0:00:00,FALSE,,0,,,,0:00:03,,,TRUE
5-Jul-22,10040,10705,Season 1 Episode 21,John Carter ,M,18:47:58,19:38:47,10040_10705_29,Direct Care,19:08:35,19:08:52,0:00:17,0:00:17,17,Nurse,Talking,0,Hospital,user,10040_10705_30,1,2,10040_10705_30,19:08:39,19:08:52,,,,,,,,,,,,,0:00:13,FALSE,,0,,,,0:00:17,,,TRUE
5-Jul-22,10040,10705,Season 1 Episode 21,John Carter ,M,18:47:58,19:38:47,10040_10705_30,Direct Care,19:08:39,19:09:12,0:00:33,0:00:33,33,Patient,0,0,Hospital,10040_10705_32,"10040_10705_29,10040_10705_31",2,2,10040_10705_29,19:08:39,19:08:52,2,10040_10705_31,19:08:53,19:09:12,,,,,,,,,0:00:32,FALSE,,0,,,,0:00:33,,,TRUE
5-Jul-22,10040,10705,Season 1 Episode 21,John Carter ,M,18:47:58,19:38:47,10040_10705_31,Direct Care,19:08:53,19:09:12,0:00:19,0:00:19,19,Doctor(s),Talking,0,Hospital,user,10040_10705_30,1,2,10040_10705_30,19:08:53,19:09:12,,,,,,,,,,,,,0:00:19,FALSE,,0,,,,0:00:19,,,TRUE
5-Jul-22,10040,10705,Season 1 Episode 21,John Carter ,M,18:47:58,19:38:47,10040_10705_32,Off-Screen,19:09:12,19:12:33,0:03:21,0:03:21,201,0,0,0,Off-Screen,10040_10705_33,,0,,,,,,,,,,,,,,,,,0:00:00,FALSE,,0,,,,0:03:21,,,TRUE
5-Jul-22,10040,10705,Season 1 Episode 21,John Carter ,M,18:47:58,19:38:47,10040_10705_33,Professional Communication,19:12:33,19:13:01,0:00:28,0:00:28,28,Doctor(s),Talking,0,Hospital,10040_10705_34,,0,,,,,,,,,,,,,,,,,0:00:00,FALSE,,0,,,,0:00:28,,,TRUE
5-Jul-22,10040,10705,Season 1 Episode 21,John Carter ,M,18:47:58,19:38:47,10040_10705_34,Professional Communication,19:13:01,19:13:08,0:00:07,0:00:07,7,Doctor(s),Talking,0,Hospital,10040_10705_35,,0,,,,,,,,,,,,,,,,,0:00:00,FALSE,,0,,,,0:00:07,,,TRUE
5-Jul-22,10040,10705,Season 1 Episode 21,John Carter ,M,18:47:58,19:38:47,10040_10705_35,Nothing Happening,19:13:08,19:13:12,0:00:04,0:00:04,4,0,0,0,Nothing Happening,10040_10705_36,,0,,,,,,,,,,,,,,,,,0:00:00,FALSE,,0,,,,0:00:04,,,TRUE
5-Jul-22,10040,10705,Season 1 Episode 21,John Carter ,M,18:47:58,19:38:47,10040_10705_36,Off-Screen,19:13:12,19:15:32,0:02:20,0:02:20,140,0,0,0,Off-Screen,10040_10705_37,,0,,,,,,,,,,,,,,,,,0:00:00,FALSE,,0,,,,0:02:20,,,TRUE
5-Jul-22,10040,10705,Season 1 Episode 21,John Carter ,M,18:47:58,19:38:47,10040_10705_37,Nothing Happening,19:15:32,19:17:16,0:01:44,0:01:44,104,0,0,0,Nothing Happening,10040_10705_38,,0,,,,,,,,,,,,,,,,,0:00:00,FALSE,,0,,,,0:01:44,,,TRUE
5-Jul-22,10040,10705,Season 1 Episode 21,John Carter ,M,18:47:58,19:38:47,10040_10705_38,Off-Screen,19:17:16,19:20:34,0:03:18,0:03:18,198,0,0,0,Off-Screen,10040_10705_39,,0,,,,,,,,,,,,,,,,,0:00:00,FALSE,,0,,,,0:03:18,,,TRUE
5-Jul-22,10040,10705,Season 1 Episode 21,John Carter ,M,18:47:58,19:38:47,10040_10705_39,Off-Screen,19:20:34,19:22:55,0:02:21,0:02:21,141,0,0,0,Off-Screen,10040_10705_40,,0,,,,,,,,,,,,,,,,,0:00:00,FALSE,,0,,,,0:02:21,,,TRUE
5-Jul-22,10040,10705,Season 1 Episode 21,John Carter ,M,18:47:58,19:38:47,10040_10705_40,Direct Care,19:22:55,19:23:10,0:00:15,0:00:15,15,Doctor(s),Talking,0,Hospital,10040_10705_41,,0,,,,,,,,,,,,,,,,,0:00:00,FALSE,,0,,,,0:00:15,,,TRUE
5-Jul-22,10040,10705,Season 1 Episode 21,John Carter ,M,18:47:58,19:38:47,10040_10705_41,In-transit,19:23:10,19:23:17,0:00:07,0:00:07,7,0,0,0,Hospital,10040_10705_43,10040_10705_42,1,2,10040_10705_42,19:23:14,19:23:17,,,,,,,,,,,,,0:00:03,FALSE,,0,,,,0:00:07,,,TRUE
5-Jul-22,10040,10705,Season 1 Episode 21,John Carter ,M,18:47:58,19:38:47,10040_10705_42,Professional Communication,19:23:14,19:23:17,0:00:03,0:00:03,3,Doctor(s),Talking,0,Hospital,user,10040_10705_41,1,2,10040_10705_41,19:23:14,19:23:17,,,,,,,,,,,,,0:00:03,FALSE,,0,,,,0:00:03,,,TRUE
5-Jul-22,10040,10705,Season 1 Episode 21,John Carter ,M,18:47:58,19:38:47,10040_10705_43,Off-Screen,19:23:17,19:25:15,0:01:58,0:01:58,118,0,0,0,Off-Screen,10040_10705_44,,0,,,,,,,,,,,,,,,,,0:00:00,FALSE,,0,,,,0:01:58,,,TRUE
5-Jul-22,10040,10705,Season 1 Episode 21,John Carter ,M,18:47:58,19:38:47,10040_10705_44,Professional Communication,19:25:15,19:25:25,0:00:10,0:00:10,10,Nurse,Talking,0,Hospital,10040_10705_45,,0,,,,,,,,,,,,,,,,,0:00:00,FALSE,,0,,,,0:00:10,,,TRUE
5-Jul-22,10040,10705,Season 1 Episode 21,John Carter ,M,18:47:58,19:38:47,10040_10705_45,Professional Communication,19:25:25,19:25:35,0:00:10,0:00:10,10,Doctor(s),Talking,0,Hospital,10040_10705_46,,0,,,,,,,,,,,,,,,,,0:00:00,FALSE,,0,,,,0:00:10,,,TRUE
5-Jul-22,10040,10705,Season 1 Episode 21,John Carter ,M,18:47:58,19:38:47,10040_10705_46,Nothing Happening,19:25:35,19:25:41,0:00:06,0:00:06,6,0,0,0,Nothing Happening,10040_10705_47,,0,,,,,,,,,,,,,,,,,0:00:00,FALSE,,0,,,,0:00:06,,,TRUE
5-Jul-22,10040,10705,Season 1 Episode 21,John Carter ,M,18:47:58,19:38:47,10040_10705_47,Off-Screen,19:25:41,19:33:28,0:07:47,0:07:47,467,0,0,0,Off-Screen,10040_10705_48,,0,,,,,,,,,,,,,,,,,0:00:00,FALSE,,0,,,,0:07:47,,,TRUE
5-Jul-22,10040,10705,Season 1 Episode 21,John Carter ,M,18:47:58,19:38:47,10040_10705_48,Nothing Happening,19:33:28,19:34:10,0:00:42,0:00:42,42,0,0,0,Nothing Happening,10040_10705_49,,0,,,,,,,,,,,,,,,,,0:00:00,FALSE,,0,,,,0:00:42,,,TRUE
5-Jul-22,10040,10705,Season 1 Episode 21,John Carter ,M,18:47:58,19:38:47,10040_10705_49,Social,19:34:10,19:35:47,0:01:37,0:01:37,97,Doctor(s),Talking,0,Community,10040_10705_51,10040_10705_50,1,2,10040_10705_50,19:34:16,19:34:27,,,,,,,,,,,,,0:00:11,FALSE,,0,,,,0:01:37,,,TRUE
5-Jul-22,10040,10705,Season 1 Episode 21,John Carter ,M,18:47:58,19:38:47,10040_10705_50,In-transit,19:34:16,19:34:27,0:00:11,0:00:11,11,0,0,0,Community,user,10040_10705_49,1,2,10040_10705_49,19:34:16,19:34:27,,,,,,,,,,,,,0:00:11,FALSE,,0,,,,0:00:11,,,TRUE
5-Jul-22,10040,10705,Season 1 Episode 21,John Carter ,M,18:47:58,19:38:47,10040_10705_51,Off-Screen,19:35:47,19:38:47,0:03:00,0:03:00,180,0,0,0,Off-Screen,user,,0,,,,,,,,,,,,,,,,,0:00:00,FALSE,,0,,,,0:03:00,,,TRUE
9-Aug-21,10020,10423,S1E3,Mark Greene,M,20:34:00,21:24:18,10020_10423_1,Off-Screen,20:34:00,20:38:17,0:04:17,0:04:17,257,0,0,0,Off-Screen,10020_10423_2,,0,,,,,,,,,,,,,,,,,0:00:00,FALSE,,0,,,,0:04:17,,,TRUE
9-Aug-21,10020,10423,S1E3,Mark Greene,M,20:34:00,21:24:18,10020_10423_2,Nothing Happening,20:38:17,20:39:30,0:01:13,0:01:13,73,0,0,0,Nothing Happening,10020_10423_3,,0,,,,,,,,,,,,,,,,,0:00:00,FALSE,,0,,,,0:01:13,,,TRUE
9-Aug-21,10020,10423,S1E3,Mark Greene,M,20:34:00,21:24:18,10020_10423_3,Off-Screen,20:39:30,20:39:47,0:00:17,0:00:17,17,0,0,0,Off-Screen,10020_10423_4,,0,,,,,,,,,,,,,,,,,0:00:00,FALSE,,0,,,,0:00:17,,,TRUE
9-Aug-21,10020,10423,S1E3,Mark Greene,M,20:34:00,21:24:18,10020_10423_4,Professional Communication,20:39:47,20:40:03,0:00:16,0:00:16,16,Doctor(s),Talking,0,Hospital,10020_10423_5,,0,,,,,,,,,,,,,,,,,0:00:00,FALSE,,0,,,,0:00:16,,,TRUE
9-Aug-21,10020,10423,S1E3,Mark Greene,M,20:34:00,21:24:18,10020_10423_5,Off-Screen,20:40:03,20:40:21,0:00:18,0:00:18,18,0,0,0,Off-Screen,10020_10423_6,,0,,,,,,,,,,,,,,,,,0:00:00,FALSE,,0,,,,0:00:18,,,TRUE
9-Aug-21,10020,10423,S1E3,Mark Greene,M,20:34:00,21:24:18,10020_10423_6,Professional Communication,20:40:21,20:40:36,0:00:15,0:00:15,15,Doctor(s),Talking,0,Hospital,10020_10423_7,,0,,,,,,,,,,,,,,,,,0:00:00,FALSE,,0,,,,0:00:15,,,TRUE
9-Aug-21,10020,10423,S1E3,Mark Greene,M,20:34:00,21:24:18,10020_10423_7,Off-Screen,20:40:36,20:43:03,0:02:27,0:02:27,147,0,0,0,Off-Screen,10020_10423_8,,0,,,,,,,,,,,,,,,,,0:00:00,FALSE,,0,,,,0:02:27,,,TRUE
9-Aug-21,10020,10423,S1E3,Mark Greene,M,20:34:00,21:24:18,10020_10423_8,Professional Communication,20:43:03,20:43:53,0:00:50,0:00:50,50,Nurse,Talking,0,Hospital,10020_10423_10,10020_10423_9,1,2,10020_10423_9,20:43:12,20:43:46,,,,,,,,,,,,,0:00:34,FALSE,,0,,,,0:00:50,,,TRUE
9-Aug-21,10020,10423,S1E3,Mark Greene,M,20:34:00,21:24:18,10020_10423_9,In-transit,20:43:12,20:43:46,0:00:34,0:00:34,34,0,0,0,Hospital,user,10020_10423_8,1,2,10020_10423_8,20:43:12,20:43:46,,,,,,,,,,,,,0:00:34,FALSE,,0,,,,0:00:34,,,TRUE
9-Aug-21,10020,10423,S1E3,Mark Greene,M,20:34:00,21:24:18,10020_10423_10,Off-Screen,20:43:53,20:44:46,0:00:53,0:00:53,53,0,0,0,Off-Screen,10020_10423_11,,0,,,,,,,,,,,,,,,,,0:00:00,FALSE,,0,,,,0:00:53,,,TRUE
9-Aug-21,10020,10423,S1E3,Mark Greene,M,20:34:00,21:24:18,10020_10423_11,In-transit,20:44:46,20:45:03,0:00:17,0:00:17,17,0,0,0,Hospital,10020_10423_13,10020_10423_12,1,2,10020_10423_12,20:44:48,20:45:03,,,,,,,,,,,,,0:00:15,FALSE,,0,,,,0:00:17,,,TRUE
9-Aug-21,10020,10423,S1E3,Mark Greene,M,20:34:00,21:24:18,10020_10423_12,Professional Communication,20:44:48,20:45:03,0:00:15,0:00:15,15,Nurse,Talking,0,Hospital,10020_10423_13,10020_10423_11,1,2,10020_10423_11,20:44:48,20:45:03,,,,,,,,,,,,,0:00:15,FALSE,,0,,,,0:00:15,,,TRUE
9-Aug-21,10020,10423,S1E3,Mark Greene,M,20:34:00,21:24:18,10020_10423_13,Professional Communication,20:45:03,20:45:09,0:00:06,0:00:06,6,Other,Talking,0,Hospital,10020_10423_14,,0,,,,,,,,,,,,,,,,,0:00:00,FALSE,,0,,,,0:00:06,,,TRUE
9-Aug-21,10020,10423,S1E3,Mark Greene,M,20:34:00,21:24:18,10020_10423_14,In-transit,20:45:09,20:45:18,0:00:09,0:00:09,9,0,0,0,Hospital,10020_10423_16,10020_10423_15,1,2,10020_10423_15,20:45:10,20:45:18,,,,,,,,,,,,,0:00:08,FALSE,,0,,,,0:00:09,,,TRUE
9-Aug-21,10020,10423,S1E3,Mark Greene,M,20:34:00,21:24:18,10020_10423_15,Professional Communication,20:45:10,20:45:18,0:00:08,0:00:08,8,Doctor(s),Talking,0,Hospital,10020_10423_16,10020_10423_14,1,2,10020_10423_14,20:45:10,20:45:18,,,,,,,,,,,,,0:00:08,FALSE,,0,,,,0:00:08,,,TRUE
9-Aug-21,10020,10423,S1E3,Mark Greene,M,20:34:00,21:24:18,10020_10423_16,Direct Care,20:45:18,20:45:51,0:00:33,0:00:33,33,0,0,0,Hospital,10020_10423_18,10020_10423_17,1,2,10020_10423_17,20:45:22,20:45:51,,,,,,,,,,,,,0:00:29,FALSE,,0,,,,0:00:33,,,TRUE
9-Aug-21,10020,10423,S1E3,Mark Greene,M,20:34:00,21:24:18,10020_10423_17,Professional Communication,20:45:22,20:45:51,0:00:29,0:00:29,29,Doctor(s),Talking,0,Hospital,10020_10423_18,10020_10423_16,1,2,10020_10423_16,20:45:22,20:45:51,,,,,,,,,,,,,0:00:29,FALSE,,0,,,,0:00:29,,,TRUE
9-Aug-21,10020,10423,S1E3,Mark Greene,M,20:34:00,21:24:18,10020_10423_18,Off-Screen,20:45:51,20:47:47,0:01:56,0:01:56,116,0,0,0,Off-Screen,10020_10423_19,,0,,,,,,,,,,,,,,,,,0:00:00,FALSE,,0,,,,0:01:56,,,TRUE
9-Aug-21,10020,10423,S1E3,Mark Greene,M,20:34:00,21:24:18,10020_10423_19,Direct Care,20:47:47,20:47:51,0:00:04,0:00:04,4,Patient,0,0,Hospital,10020_10423_20,,0,,,,,,,,,,,,,,,,,0:00:00,FALSE,,0,,,,0:00:04,,,TRUE
9-Aug-21,10020,10423,S1E3,Mark Greene,M,20:34:00,21:24:18,10020_10423_20,Off-Screen,20:47:51,20:48:22,0:00:31,0:00:31,31,0,0,0,Off-Screen,10020_10423_21,,0,,,,,,,,,,,,,,,,,0:00:00,FALSE,,0,,,,0:00:31,,,TRUE
9-Aug-21,10020,10423,S1E3,Mark Greene,M,20:34:00,21:24:18,10020_10423_21,Direct Care,20:48:22,20:48:35,0:00:13,0:00:13,13,Patient,0,0,Hospital,10020_10423_23,10020_10423_22,1,2,10020_10423_22,20:48:25,20:48:35,,,,,,,,,,,,,0:00:10,FALSE,,0,,,,0:00:13,,,TRUE
9-Aug-21,10020,10423,S1E3,Mark Greene,M,20:34:00,21:24:18,10020_10423_22,Professional Communication,20:48:25,20:48:35,0:00:10,0:00:10,10,Doctor(s),Talking,0,Hospital,10020_10423_23,10020_10423_21,1,2,10020_10423_21,20:48:25,20:48:35,,,,,,,,,,,,,0:00:10,FALSE,,0,,,,0:00:10,,,TRUE
9-Aug-21,10020,10423,S1E3,Mark Greene,M,20:34:00,21:24:18,10020_10423_23,Off-Screen,20:48:35,20:49:19,0:00:44,0:00:44,44,0,0,0,Off-Screen,10020_10423_24,,0,,,,,,,,,,,,,,,,,0:00:00,FALSE,,0,,,,0:00:44,,,TRUE
9-Aug-21,10020,10423,S1E3,Mark Greene,M,20:34:00,21:24:18,10020_10423_24,Professional Communication,20:49:19,20:49:24,0:00:05,0:00:05,5,Doctor(s),Talking,0,Hospital,10020_10423_25,,0,,,,,,,,,,,,,,,,,0:00:00,FALSE,,0,,,,0:00:05,,,TRUE
9-Aug-21,10020,10423,S1E3,Mark Greene,M,20:34:00,21:24:18,10020_10423_25,In-transit,20:49:24,20:49:33,0:00:09,0:00:09,9,0,0,0,Hospital,10020_10423_27,10020_10423_26,1,2,10020_10423_26,20:49:27,20:49:33,,,,,,,,,,,,,0:00:06,FALSE,,0,,,,0:00:09,,,TRUE
9-Aug-21,10020,10423,S1E3,Mark Greene,M,20:34:00,21:24:18,10020_10423_26,Professional Communication,20:49:27,20:49:33,0:00:06,0:00:06,6,Nurse,Talking,0,Hospital,10020_10423_27,10020_10423_25,1,2,10020_10423_25,20:49:27,20:49:33,,,,,,,,,,,,,0:00:06,FALSE,,0,,,,0:00:06,,,TRUE
9-Aug-21,10020,10423,S1E3,Mark Greene,M,20:34:00,21:24:18,10020_10423_27,Off-Screen,20:49:33,20:50:06,0:00:33,0:00:33,33,0,0,0,Off-Screen,10020_10423_28,,0,,,,,,,,,,,,,,,,,0:00:00,FALSE,,0,,,,0:00:33,,,TRUE
9-Aug-21,10020,10423,S1E3,Mark Greene,M,20:34:00,21:24:18,10020_10423_28,Nothing Happening,20:50:06,20:50:48,0:00:42,0:00:42,42,0,0,0,Nothing Happening,10020_10423_29,,0,,,,,,,,,,,,,,,,,0:00:00,FALSE,,0,,,,0:00:42,,,TRUE
9-Aug-21,10020,10423,S1E3,Mark Greene,M,20:34:00,21:24:18,10020_10423_29,Off-Screen,20:50:48,20:50:55,0:00:07,0:00:07,7,0,0,0,Off-Screen,10020_10423_30,,0,,,,,,,,,,,,,,,,,0:00:00,FALSE,,0,,,,0:00:07,,,TRUE
9-Aug-21,10020,10423,S1E3,Mark Greene,M,20:34:00,21:24:18,10020_10423_30,Professional Communication,20:50:55,20:51:20,0:00:25,0:00:25,25,Nurse,Talking,0,Hospital,10020_10423_32,10020_10423_31,1,2,10020_10423_31,20:51:01,20:51:20,,,,,,,,,,,,,0:00:19,FALSE,,0,,,,0:00:25,,,TRUE
9-Aug-21,10020,10423,S1E3,Mark Greene,M,20:34:00,21:24:18,10020_10423_31,In-transit,20:51:01,20:51:20,0:00:19,0:00:19,19,0,0,0,Hospital,10020_10423_32,10020_10423_30,1,2,10020_10423_30,20:51:01,20:51:20,,,,,,,,,,,,,0:00:19,FALSE,,0,,,,0:00:19,,,TRUE
9-Aug-21,10020,10423,S1E3,Mark Greene,M,20:34:00,21:24:18,10020_10423_32,Off-Screen,20:51:20,20:52:05,0:00:45,0:00:45,45,0,0,0,Off-Screen,10020_10423_33,,0,,,,,,,,,,,,,,,,,0:00:00,FALSE,,0,,,,0:00:45,,,TRUE
9-Aug-21,10020,10423,S1E3,Mark Greene,M,20:34:00,21:24:18,10020_10423_33,Direct Care,20:52:05,20:53:06,0:01:01,0:01:01,61,Relative (Patient),Talking,0,Hospital,10020_10423_34,,0,,,,,,,,,,,,,,,,,0:00:00,FALSE,,0,,,,0:01:01,,,TRUE
9-Aug-21,10020,10423,S1E3,Mark Greene,M,20:34:00,21:24:18,10020_10423_34,Professional Communication,20:53:06,20:53:15,0:00:09,0:00:09,9,Nurse,Talking,0,Hospital,10020_10423_35,,0,,,,,,,,,,,,,,,,,0:00:00,FALSE,,0,,,,0:00:09,,,TRUE
9-Aug-21,10020,10423,S1E3,Mark Greene,M,20:34:00,21:24:18,10020_10423_35,Off-Screen,20:53:15,20:55:52,0:02:37,0:02:37,157,0,0,0,Off-Screen,10020_10423_36,,0,,,,,,,,,,,,,,,,,0:00:00,FALSE,,0,,,,0:02:37,,,TRUE
9-Aug-21,10020,10423,S1E3,Mark Greene,M,20:34:00,21:24:18,10020_10423_36,Direct Care,20:55:52,20:56:57,0:01:05,0:01:05,65,Relative (Patient),Talking,0,Hospital,10020_10423_37,,0,,,,,,,,,,,,,,,,,0:00:00,FALSE,,0,,,,0:01:05,,,TRUE
9-Aug-21,10020,10423,S1E3,Mark Greene,M,20:34:00,21:24:18,10020_10423_37,Off-Screen,20:56:57,20:58:31,0:01:34,0:01:34,94,0,0,0,Off-Screen,10020_10423_38,,0,,,,,,,,,,,,,,,,,0:00:00,FALSE,,0,,,,0:01:34,,,TRUE
9-Aug-21,10020,10423,S1E3,Mark Greene,M,20:34:00,21:24:18,10020_10423_38,In-transit,20:58:31,20:58:45,0:00:14,0:00:14,14,0,0,0,Hospital,user,10020_10423_39,1,2,10020_10423_39,20:58:33,20:58:45,,,,,,,,,,,,,0:00:12,FALSE,,0,,,,0:00:14,,,TRUE
9-Aug-21,10020,10423,S1E3,Mark Greene,M,20:34:00,21:24:18,10020_10423_39,Professional Communication,20:58:33,20:59:09,0:00:36,0:00:36,36,Doctor(s),Talking,0,Hospital,10020_10423_41,"10020_10423_38,10020_10423_40",2,2,10020_10423_38,20:58:33,20:58:45,2,10020_10423_40,20:59:01,20:59:09,,,,,,,,,0:00:20,FALSE,,0,,,,0:00:36,,,TRUE
9-Aug-21,10020,10423,S1E3,Mark Greene,M,20:34:00,21:24:18,10020_10423_40,In-transit,20:59:01,20:59:09,0:00:08,0:00:08,8,0,0,0,Hospital,10020_10423_41,10020_10423_39,1,2,10020_10423_39,20:59:01,20:59:09,,,,,,,,,,,,,0:00:08,FALSE,,0,,,,0:00:08,,,TRUE
9-Aug-21,10020,10423,S1E3,Mark Greene,M,20:34:00,21:24:18,10020_10423_41,Off-Screen,20:59:09,21:01:31,0:02:22,0:02:22,142,0,0,0,Off-Screen,10020_10423_42,,0,,,,,,,,,,,,,,,,,0:00:00,FALSE,,0,,,,0:02:22,,,TRUE
9-Aug-21,10020,10423,S1E3,Mark Greene,M,20:34:00,21:24:18,10020_10423_42,Professional Communication,21:01:31,21:01:57,0:00:26,0:00:26,26,Doctor(s),Talking,0,Hospital,user,10020_10423_43,1,2,10020_10423_43,21:01:34,21:01:57,,,,,,,,,,,,,0:00:23,FALSE,,0,,,,0:00:26,,,TRUE
9-Aug-21,10020,10423,S1E3,Mark Greene,M,20:34:00,21:24:18,10020_10423_43,In-transit,21:01:34,21:02:06,0:00:32,0:00:32,32,0,0,0,Hospital,10020_10423_45,"10020_10423_42,10020_10423_44",2,2,10020_10423_42,21:01:34,21:01:57,2,10020_10423_44,21:01:58,21:02:06,,,,,,,,,0:00:31,FALSE,,0,,,,0:00:32,,,TRUE
9-Aug-21,10020,10423,S1E3,Mark Greene,M,20:34:00,21:24:18,10020_10423_44,Social,21:01:58,21:02:06,0:00:08,0:00:08,8,Doctor(s),Talking,0,Hospital,10020_10423_45,10020_10423_43,1,2,10020_10423_43,21:01:58,21:02:06,,,,,,,,,,,,,0:00:08,FALSE,,0,,,,0:00:08,,,TRUE
9-Aug-21,10020,10423,S1E3,Mark Greene,M,20:34:00,21:24:18,10020_10423_45,Off-Screen,21:02:06,21:06:39,0:04:33,0:04:33,273,0,0,0,Off-Screen,10020_10423_46,,0,,,,,,,,,,,,,,,,,0:00:00,FALSE,,0,,,,0:04:33,,,TRUE
9-Aug-21,10020,10423,S1E3,Mark Greene,M,20:34:00,21:24:18,10020_10423_46,Nothing Happening,21:06:39,21:07:14,0:00:35,0:00:35,35,0,0,0,Nothing Happening,10020_10423_47,,0,,,,,,,,,,,,,,,,,0:00:00,FALSE,,0,,,,0:00:35,,,TRUE
9-Aug-21,10020,10423,S1E3,Mark Greene,M,20:34:00,21:24:18,10020_10423_47,Off-Screen,21:07:14,21:07:48,0:00:34,0:00:34,34,0,0,0,Off-Screen,10020_10423_48,,0,,,,,,,,,,,,,,,,,0:00:00,FALSE,,0,,,,0:00:34,,,TRUE
9-Aug-21,10020,10423,S1E3,Mark Greene,M,20:34:00,21:24:18,10020_10423_48,Social,21:07:48,21:08:05,0:00:17,0:00:17,17,Doctor(s),Talking,0,Hospital,user,10020_10423_49,1,2,10020_10423_49,21:07:51,21:08:05,,,,,,,,,,,,,0:00:14,FALSE,,0,,,,0:00:17,,,TRUE
9-Aug-21,10020,10423,S1E3,Mark Greene,M,20:34:00,21:24:18,10020_10423_49,In-transit,21:07:51,21:08:13,0:00:22,0:00:22,22,0,0,0,Hospital,10020_10423_51,"10020_10423_48,10020_10423_50",2,2,10020_10423_48,21:07:51,21:08:05,2,10020_10423_50,21:08:06,21:08:13,,,,,,,,,0:00:21,FALSE,,0,,,,0:00:22,,,TRUE
9-Aug-21,10020,10423,S1E3,Mark Greene,M,20:34:00,21:24:18,10020_10423_50,Professional Communication,21:08:06,21:08:13,0:00:07,0:00:07,7,Nurse,Talking,0,Hospital,10020_10423_51,10020_10423_49,1,2,10020_10423_49,21:08:06,21:08:13,,,,,,,,,,,,,0:00:07,FALSE,,0,,,,0:00:07,,,TRUE
9-Aug-21,10020,10423,S1E3,Mark Greene,M,20:34:00,21:24:18,10020_10423_51,Off-Screen,21:08:13,21:10:46,0:02:33,0:02:33,153,0,0,0,Off-Screen,10020_10423_52,,0,,,,,,,,,,,,,,,,,0:00:00,FALSE,,0,,,,0:02:33,,,TRUE
9-Aug-21,10020,10423,S1E3,Mark Greene,M,20:34:00,21:24:18,10020_10423_52,Direct Care,21:10:46,21:11:24,0:00:38,0:00:38,38,Relative (Patient),Talking,0,Hospital,10020_10423_53,,0,,,,,,,,,,,,,,,,,0:00:00,FALSE,,0,,,,0:00:38,,,TRUE
9-Aug-21,10020,10423,S1E3,Mark Greene,M,20:34:00,21:24:18,10020_10423_53,Professional Communication,21:11:24,21:11:35,0:00:11,0:00:11,11,Nurse,Talking,0,Hospital,10020_10423_54,,0,,,,,,,,,,,,,,,,,0:00:00,FALSE,,0,,,,0:00:11,,,TRUE
9-Aug-21,10020,10423,S1E3,Mark Greene,M,20:34:00,21:24:18,10020_10423_54,Off-Screen,21:11:35,21:12:57,0:01:22,0:01:22,82,0,0,0,Off-Screen,10020_10423_55,,0,,,,,,,,,,,,,,,,,0:00:00,FALSE,,0,,,,0:01:22,,,TRUE
9-Aug-21,10020,10423,S1E3,Mark Greene,M,20:34:00,21:24:18,10020_10423_55,Professional Communication,21:12:57,21:13:48,0:00:51,0:00:51,51,Doctor(s),Talking,0,Hospital,10020_10423_57,10020_10423_56,1,2,10020_10423_56,21:13:12,21:13:48,,,,,,,,,,,,,0:00:36,FALSE,,0,,,,0:00:51,,,TRUE
9-Aug-21,10020,10423,S1E3,Mark Greene,M,20:34:00,21:24:18,10020_10423_56,In-transit,21:13:12,21:13:48,0:00:36,0:00:36,36,0,0,0,Hospital,10020_10423_57,10020_10423_55,1,2,10020_10423_55,21:13:12,21:13:48,,,,,,,,,,,,,0:00:36,FALSE,,0,,,,0:00:36,,,TRUE
9-Aug-21,10020,10423,S1E3,Mark Greene,M,20:34:00,21:24:18,10020_10423_57,Off-Screen,21:13:48,21:15:41,0:01:53,0:01:53,113,0,0,0,Off-Screen,10020_10423_58,,0,,,,,,,,,,,,,,,,,0:00:00,FALSE,,0,,,,0:01:53,,,TRUE
9-Aug-21,10020,10423,S1E3,Mark Greene,M,20:34:00,21:24:18,10020_10423_58,Professional Communication,21:15:41,21:15:47,0:00:06,0:00:06,6,Nurse,Talking,0,Hospital,10020_10423_60,10020_10423_59,1,2,10020_10423_59,21:15:43,21:15:47,,,,,,,,,,,,,0:00:04,FALSE,,0,,,,0:00:06,,,TRUE
9-Aug-21,10020,10423,S1E3,Mark Greene,M,20:34:00,21:24:18,10020_10423_59,In-transit,21:15:43,21:15:47,0:00:04,0:00:04,4,0,0,0,Hospital,10020_10423_60,10020_10423_58,1,2,10020_10423_58,21:15:43,21:15:47,,,,,,,,,,,,,0:00:04,FALSE,,0,,,,0:00:04,,,TRUE
9-Aug-21,10020,10423,S1E3,Mark Greene,M,20:34:00,21:24:18,10020_10423_60,Direct Care,21:15:47,21:16:03,0:00:16,0:00:16,16,Relative (Patient),Talking,0,Hospital,10020_10423_61,,0,,,,,,,,,,,,,,,,,0:00:00,FALSE,,0,,,,0:00:16,,,TRUE
9-Aug-21,10020,10423,S1E3,Mark Greene,M,20:34:00,21:24:18,10020_10423_61,Professional Communication,21:16:03,21:16:13,0:00:10,0:00:10,10,Nurse,Talking,0,Hospital,10020_10423_62,,0,,,,,,,,,,,,,,,,,0:00:00,FALSE,,0,,,,0:00:10,,,TRUE
9-Aug-21,10020,10423,S1E3,Mark Greene,M,20:34:00,21:24:18,10020_10423_62,Direct Care,21:16:13,21:16:19,0:00:06,0:00:06,6,Relative (Patient),Talking,0,Hospital,10020_10423_63,,0,,,,,,,,,,,,,,,,,0:00:00,FALSE,,0,,,,0:00:06,,,TRUE
9-Aug-21,10020,10423,S1E3,Mark Greene,M,20:34:00,21:24:18,10020_10423_63,In-transit,21:16:19,21:16:21,0:00:02,0:00:02,2,0,0,0,Hospital,10020_10423_64,,0,,,,,,,,,,,,,,,,,0:00:00,FALSE,,0,,,,0:00:02,,,TRUE
9-Aug-21,10020,10423,S1E3,Mark Greene,M,20:34:00,21:24:18,10020_10423_64,Direct Care,21:16:21,21:16:38,0:00:17,0:00:17,17,Relative (Patient),Talking,0,Hospital,10020_10423_65,,0,,,,,,,,,,,,,,,,,0:00:00,FALSE,,0,,,,0:00:17,,,TRUE
9-Aug-21,10020,10423,S1E3,Mark Greene,M,20:34:00,21:24:18,10020_10423_65,Professional Communication,21:16:38,21:16:48,0:00:10,0:00:10,10,Nurse,Talking,0,Hospital,10020_10423_66,,0,,,,,,,,,,,,,,,,,0:00:00,FALSE,,0,,,,0:00:10,,,TRUE
9-Aug-21,10020,10423,S1E3,Mark Greene,M,20:34:00,21:24:18,10020_10423_66,Direct Care,21:16:48,21:17:14,0:00:26,0:00:26,26,Relative (Patient),Talking,0,Hospital,10020_10423_67,,0,,,,,,,,,,,,,,,,,0:00:00,FALSE,,0,,,,0:00:26,,,TRUE
9-Aug-21,10020,10423,S1E3,Mark Greene,M,20:34:00,21:24:18,10020_10423_67,Direct Care,21:17:14,21:17:23,0:00:09,0:00:09,9,Relative (Patient),Talking,0,Hospital,10020_10423_68,,0,,,,,,,,,,,,,,,,,0:00:00,FALSE,,0,,,,0:00:09,,,TRUE
9-Aug-21,10020,10423,S1E3,Mark Greene,M,20:34:00,21:24:18,10020_10423_68,Nothing Happening,21:17:23,21:18:07,0:00:44,0:00:44,44,0,0,0,Nothing Happening,10020_10423_69,,0,,,,,,,,,,,,,,,,,0:00:00,FALSE,,0,,,,0:00:44,,,TRUE
9-Aug-21,10020,10423,S1E3,Mark Greene,M,20:34:00,21:24:18,10020_10423_69,Off-Screen,21:18:07,21:22:12,0:04:05,0:04:05,245,0,0,0,Off-Screen,10020_10423_70,,0,,,,,,,,,,,,,,,,,0:00:00,FALSE,,0,,,,0:04:05,,,TRUE
9-Aug-21,10020,10423,S1E3,Mark Greene,M,20:34:00,21:24:18,10020_10423_70,Social,21:22:12,21:23:26,0:01:14,0:01:14,74,Nurse,Talking,0,Hospital,10020_10423_71,,0,,,,,,,,,,,,,,,,,0:00:00,FALSE,,0,,,,0:01:14,,,TRUE
9-Aug-21,10020,10423,S1E3,Mark Greene,M,20:34:00,21:24:18,10020_10423_71,Nothing Happening,21:23:26,21:24:18,0:00:52,0:00:52,52,0,0,0,Nothing Happening,session,,0,,,,,,,,,,,,,,,,,0:00:00,FALSE,,0,,,,0:00:52,,,TRUE
11-Aug-21,10020,10431,S1E9,Mark Greene,M,18:39:35,19:24:45,10020_10431_1,Nothing Happening,18:39:35,18:39:45,0:00:10,0:00:10,10,0,0,0,Nothing Happening,10020_10431_2,,0,,,,,,,,,,,,,,,,,0:00:00,FALSE,,0,,,,0:00:10,,,TRUE
11-Aug-21,10020,10431,S1E9,Mark Greene,M,18:39:35,19:24:45,10020_10431_2,Off-Screen,18:39:45,18:41:57,0:02:12,0:02:12,132,0,0,0,Off-Screen,10020_10431_3,,0,,,,,,,,,,,,,,,,,0:00:00,FALSE,,0,,,,0:02:12,,,TRUE
11-Aug-21,10020,10431,S1E9,Mark Greene,M,18:39:35,19:24:45,10020_10431_3,Nothing Happening,18:41:57,18:43:00,0:01:03,0:01:03,63,0,0,0,Nothing Happening,10020_10431_4,,0,,,,,,,,,,,,,,,,,0:00:00,FALSE,,0,,,,0:01:03,,,TRUE
11-Aug-21,10020,10431,S1E9,Mark Greene,M,18:39:35,19:24:45,10020_10431_4,Off-Screen,18:43:00,18:45:51,0:02:51,0:02:51,171,0,0,0,Off-Screen,10020_10431_5,,0,,,,,,,,,,,,,,,,,0:00:00,FALSE,,0,,,,0:02:51,,,TRUE
11-Aug-21,10020,10431,S1E9,Mark Greene,M,18:39:35,19:24:45,10020_10431_5,Professional Communication,18:45:51,18:46:00,0:00:09,0:00:09,9,Nurse,Talking,0,Hospital,10020_10431_6,,0,,,,,,,,,,,,,,,,,0:00:00,FALSE,,0,,,,0:00:09,,,TRUE
11-Aug-21,10020,10431,S1E9,Mark Greene,M,18:39:35,19:24:45,10020_10431_6,Document,18:46:00,18:46:19,0:00:19,0:00:19,19,0,0,0,Hospital,10020_10431_8,10020_10431_7,1,2,10020_10431_7,18:46:03,18:46:19,,,,,,,,,,,,,0:00:16,FALSE,,0,,,,0:00:19,,,TRUE
11-Aug-21,10020,10431,S1E9,Mark Greene,M,18:39:35,19:24:45,10020_10431_7,Social,18:46:03,18:46:19,0:00:16,0:00:16,16,Doctor(s),Talking,0,Hospital,10020_10431_8,10020_10431_6,1,2,10020_10431_6,18:46:03,18:46:19,,,,,,,,,,,,,0:00:16,FALSE,,0,,,,0:00:16,,,TRUE
11-Aug-21,10020,10431,S1E9,Mark Greene,M,18:39:35,19:24:45,10020_10431_8,Document,18:46:19,18:46:24,0:00:05,0:00:05,5,0,0,0,Hospital,10020_10431_9,,0,,,,,,,,,,,,,,,,,0:00:00,FALSE,,0,,,,0:00:05,,,TRUE
11-Aug-21,10020,10431,S1E9,Mark Greene,M,18:39:35,19:24:45,10020_10431_9,Off-Screen,18:46:24,18:46:26,0:00:02,0:00:02,2,0,0,0,Off-Screen,10020_10431_10,,0,,,,,,,,,,,,,,,,,0:00:00,FALSE,,0,,,,0:00:02,,,TRUE
11-Aug-21,10020,10431,S1E9,Mark Greene,M,18:39:35,19:24:45,10020_10431_10,Professional Communication,18:46:26,18:46:34,0:00:08,0:00:08,8,Doctor(s),Talking,0,Hospital,10020_10431_11,,0,,,,,,,,,,,,,,,,,0:00:00,FALSE,,0,,,,0:00:08,,,TRUE
11-Aug-21,10020,10431,S1E9,Mark Greene,M,18:39:35,19:24:45,10020_10431_11,Off-Screen,18:46:34,18:46:36,0:00:02,0:00:02,2,0,0,0,Off-Screen,10020_10431_12,,0,,,,,,,,,,,,,,,,,0:00:00,FALSE,,0,,,,0:00:02,,,TRUE
11-Aug-21,10020,10431,S1E9,Mark Greene,M,18:39:35,19:24:45,10020_10431_12,Professional Communication,18:46:36,18:46:51,0:00:15,0:00:15,15,Nurse,Talking,0,Hospital,10020_10431_13,,0,,,,,,,,,,,,,,,,,0:00:00,FALSE,,0,,,,0:00:15,,,TRUE
11-Aug-21,10020,10431,S1E9,Mark Greene,M,18:39:35,19:24:45,10020_10431_13,Off-Screen,18:46:51,18:49:54,0:03:03,0:03:03,183,0,0,0,Off-Screen,10020_10431_14,,0,,,,,,,,,,,,,,,,,0:00:00,FALSE,,0,,,,0:03:03,,,TRUE
11-Aug-21,10020,10431,S1E9,Mark Greene,M,18:39:35,19:24:45,10020_10431_14,In-transit,18:49:54,18:50:10,0:00:16,0:00:16,16,0,0,0,Hospital,10020_10431_16,10020_10431_15,1,2,10020_10431_15,18:49:56,18:50:10,,,,,,,,,,,,,0:00:14,FALSE,,0,,,,0:00:16,,,TRUE
11-Aug-21,10020,10431,S1E9,Mark Greene,M,18:39:35,19:24:45,10020_10431_15,Professional Communication,18:49:56,18:50:10,0:00:14,0:00:14,14,Nurse,Talking,0,Hospital,10020_10431_16,10020_10431_14,1,2,10020_10431_14,18:49:56,18:50:10,,,,,,,,,,,,,0:00:14,FALSE,,0,,,,0:00:14,,,TRUE
11-Aug-21,10020,10431,S1E9,Mark Greene,M,18:39:35,19:24:45,10020_10431_16,In-transit,18:50:10,18:50:14,0:00:04,0:00:04,4,0,0,0,Hospital,10020_10431_17,,0,,,,,,,,,,,,,,,,,0:00:00,FALSE,,0,,,,0:00:04,,,TRUE
11-Aug-21,10020,10431,S1E9,Mark Greene,M,18:39:35,19:24:45,10020_10431_17,In-transit,18:50:14,18:50:35,0:00:21,0:00:21,21,0,0,0,Hospital,10020_10431_19,10020_10431_18,1,2,10020_10431_18,18:50:16,18:50:35,,,,,,,,,,,,,0:00:19,FALSE,,0,,,,0:00:21,,,TRUE
11-Aug-21,10020,10431,S1E9,Mark Greene,M,18:39:35,19:24:45,10020_10431_18,Professional Communication,18:50:16,18:50:35,0:00:19,0:00:19,19,Doctor(s),Talking,0,Hospital,10020_10431_19,10020_10431_17,1,2,10020_10431_17,18:50:16,18:50:35,,,,,,,,,,,,,0:00:19,FALSE,,0,,,,0:00:19,,,TRUE
11-Aug-21,10020,10431,S1E9,Mark Greene,M,18:39:35,19:24:45,10020_10431_19,Off-Screen,18:50:35,18:50:43,0:00:08,0:00:08,8,0,0,0,Off-Screen,10020_10431_20,,0,,,,,,,,,,,,,,,,,0:00:00,FALSE,,0,,,,0:00:08,,,TRUE
11-Aug-21,10020,10431,S1E9,Mark Greene,M,18:39:35,19:24:45,10020_10431_20,Direct Care,18:50:43,18:51:05,0:00:22,0:00:22,22,Patient,0,0,Hospital,10020_10431_22,10020_10431_21,1,2,10020_10431_21,18:50:45,18:51:05,,,,,,,,,,,,,0:00:20,FALSE,,0,,,,0:00:22,,,TRUE
11-Aug-21,10020,10431,S1E9,Mark Greene,M,18:39:35,19:24:45,10020_10431_21,Professional Communication,18:50:45,18:51:05,0:00:20,0:00:20,20,Nurse,Talking,0,Hospital,10020_10431_22,10020_10431_20,1,2,10020_10431_20,18:50:45,18:51:05,,,,,,,,,,,,,0:00:20,FALSE,,0,,,,0:00:20,,,TRUE
11-Aug-21,10020,10431,S1E9,Mark Greene,M,18:39:35,19:24:45,10020_10431_22,Off-Screen,18:51:05,18:51:18,0:00:13,0:00:13,13,0,0,0,Off-Screen,10020_10431_23,,0,,,,,,,,,,,,,,,,,0:00:00,FALSE,,0,,,,0:00:13,,,TRUE
11-Aug-21,10020,10431,S1E9,Mark Greene,M,18:39:35,19:24:45,10020_10431_23,Direct Care,18:51:18,18:51:54,0:00:36,0:00:36,36,0,0,0,Hospital,10020_10431_24,,0,,,,,,,,,,,,,,,,,0:00:00,FALSE,,0,,,,0:00:36,,,TRUE
11-Aug-21,10020,10431,S1E9,Mark Greene,M,18:39:35,19:24:45,10020_10431_24,Off-Screen,18:51:54,18:52:10,0:00:16,0:00:16,16,0,0,0,Off-Screen,10020_10431_25,,0,,,,,,,,,,,,,,,,,0:00:00,FALSE,,0,,,,0:00:16,,,TRUE
11-Aug-21,10020,10431,S1E9,Mark Greene,M,18:39:35,19:24:45,10020_10431_25,Direct Care,18:52:10,18:52:27,0:00:17,0:00:17,17,0,0,0,Hospital,10020_10431_26,,0,,,,,,,,,,,,,,,,,0:00:00,FALSE,,0,,,,0:00:17,,,TRUE
11-Aug-21,10020,10431,S1E9,Mark Greene,M,18:39:35,19:24:45,10020_10431_26,Off-Screen,18:52:27,18:52:30,0:00:03,0:00:03,3,0,0,0,Off-Screen,10020_10431_27,,0,,,,,,,,,,,,,,,,,0:00:00,FALSE,,0,,,,0:00:03,,,TRUE
11-Aug-21,10020,10431,S1E9,Mark Greene,M,18:39:35,19:24:45,10020_10431_27,In-transit,18:52:30,18:52:38,0:00:08,0:00:08,8,0,0,0,Hospital,10020_10431_29,10020_10431_28,1,2,10020_10431_28,18:52:32,18:52:38,,,,,,,,,,,,,0:00:06,FALSE,,0,,,,0:00:08,,,TRUE
11-Aug-21,10020,10431,S1E9,Mark Greene,M,18:39:35,19:24:45,10020_10431_28,Direct Care,18:52:32,18:52:38,0:00:06,0:00:06,6,0,0,0,Hospital,10020_10431_29,10020_10431_27,1,2,10020_10431_27,18:52:32,18:52:38,,,,,,,,,,,,,0:00:06,FALSE,,0,,,,0:00:06,,,TRUE
11-Aug-21,10020,10431,S1E9,Mark Greene,M,18:39:35,19:24:45,10020_10431_29,Off-Screen,18:52:38,18:53:51,0:01:13,0:01:13,73,0,0,0,Off-Screen,10020_10431_30,,0,,,,,,,,,,,,,,,,,0:00:00,FALSE,,0,,,,0:01:13,,,TRUE
11-Aug-21,10020,10431,S1E9,Mark Greene,M,18:39:35,19:24:45,10020_10431_30,Social,18:53:51,18:54:30,0:00:39,0:00:39,39,Nurse,Talking,0,Hospital,10020_10431_31,,0,,,,,,,,,,,,,,,,,0:00:00,FALSE,,0,,,,0:00:39,,,TRUE
11-Aug-21,10020,10431,S1E9,Mark Greene,M,18:39:35,19:24:45,10020_10431_31,In-transit,18:54:30,18:54:32,0:00:02,0:00:02,2,0,0,0,Hospital,10020_10431_32,,0,,,,,,,,,,,,,,,,,0:00:00,FALSE,,0,,,,0:00:02,,,TRUE
11-Aug-21,10020,10431,S1E9,Mark Greene,M,18:39:35,19:24:45,10020_10431_32,Off-Screen,18:54:32,18:58:06,0:03:34,0:03:34,214,0,0,0,Off-Screen,10020_10431_33,,0,,,,,,,,,,,,,,,,,0:00:00,FALSE,,0,,,,0:03:34,,,TRUE
11-Aug-21,10020,10431,S1E9,Mark Greene,M,18:39:35,19:24:45,10020_10431_33,Social,18:58:06,18:58:42,0:00:36,0:00:36,36,Doctor(s),Talking,0,Hospital,10020_10431_34,,0,,,,,,,,,,,,,,,,,0:00:00,FALSE,,0,,,,0:00:36,,,TRUE
11-Aug-21,10020,10431,S1E9,Mark Greene,M,18:39:35,19:24:45,10020_10431_34,Off-Screen,18:58:42,19:01:26,0:02:44,0:02:44,164,0,0,0,Off-Screen,10020_10431_35,,0,,,,,,,,,,,,,,,,,0:00:00,FALSE,,0,,,,0:02:44,,,TRUE
11-Aug-21,10020,10431,S1E9,Mark Greene,M,18:39:35,19:24:45,10020_10431_35,Professional Communication,19:01:26,19:01:39,0:00:13,0:00:13,13,Doctor(s),Talking,0,Hospital,10020_10431_37,10020_10431_36,1,2,10020_10431_36,19:01:32,19:01:39,,,,,,,,,,,,,0:00:07,FALSE,,0,,,,0:00:13,,,TRUE
11-Aug-21,10020,10431,S1E9,Mark Greene,M,18:39:35,19:24:45,10020_10431_36,Direct Care,19:01:32,19:01:39,0:00:07,0:00:07,7,Patient,Talking,0,Hospital,10020_10431_37,10020_10431_35,1,2,10020_10431_35,19:01:32,19:01:39,,,,,,,,,,,,,0:00:07,FALSE,,0,,,,0:00:07,,,TRUE
11-Aug-21,10020,10431,S1E9,Mark Greene,M,18:39:35,19:24:45,10020_10431_37,Off-Screen,19:01:39,19:04:53,0:03:14,0:03:14,194,0,0,0,Off-Screen,10020_10431_38,,0,,,,,,,,,,,,,,,,,0:00:00,FALSE,,0,,,,0:03:14,,,TRUE
11-Aug-21,10020,10431,S1E9,Mark Greene,M,18:39:35,19:24:45,10020_10431_38,Nothing Happening,19:04:53,19:05:24,0:00:31,0:00:31,31,0,0,0,Nothing Happening,10020_10431_39,,0,,,,,,,,,,,,,,,,,0:00:00,FALSE,,0,,,,0:00:31,,,TRUE
11-Aug-21,10020,10431,S1E9,Mark Greene,M,18:39:35,19:24:45,10020_10431_39,In-transit,19:05:24,19:06:00,0:00:36,0:00:36,36,0,0,0,Hospital,user,10020_10431_40,1,2,10020_10431_40,19:05:30,19:06:00,,,,,,,,,,,,,0:00:30,FALSE,,0,,,,0:00:36,,,TRUE
11-Aug-21,10020,10431,S1E9,Mark Greene,M,18:39:35,19:24:45,10020_10431_40,Social,19:05:30,19:06:13,0:00:43,0:00:43,43,Doctor(s),Talking,0,Hospital,10020_10431_41,10020_10431_39,1,2,10020_10431_39,19:05:30,19:06:00,,,,,,,,,,,,,0:00:30,FALSE,,0,,,,0:00:43,,,TRUE
11-Aug-21,10020,10431,S1E9,Mark Greene,M,18:39:35,19:24:45,10020_10431_41,Professional Communication,19:06:13,19:06:53,0:00:40,0:00:40,40,Nurse,Talking,0,Hospital,10020_10431_44,"10020_10431_42,10020_10431_43",2,2,10020_10431_42,19:06:16,19:06:22,3,"10020_10431_42,10020_10431_43",19:06:22,19:06:53,,,,,,,,,0:00:37,FALSE,,0,,,,0:00:40,,,TRUE
11-Aug-21,10020,10431,S1E9,Mark Greene,M,18:39:35,19:24:45,10020_10431_42,Direct Care,19:06:16,19:06:53,0:00:37,0:00:37,37,Patient,Talking,0,Hospital,10020_10431_44,"10020_10431_41,10020_10431_43",2,2,10020_10431_41,19:06:16,19:06:22,3,"10020_10431_41,10020_10431_43",19:06:22,19:06:53,,,,,,,,,0:00:37,FALSE,,0,,,,0:00:37,,,TRUE
11-Aug-21,10020,10431,S1E9,Mark Greene,M,18:39:35,19:24:45,10020_10431_43,In-transit,19:06:22,19:06:37,0:00:15,0:00:15,15,0,0,0,Hospital,user,"10020_10431_42,10020_10431_41",1,3,"10020_10431_42,10020_10431_41",19:06:22,19:06:37,,,,,,,,,,,,,0:00:15,FALSE,,0,,,,0:00:15,,,TRUE
11-Aug-21,10020,10431,S1E9,Mark Greene,M,18:39:35,19:24:45,10020_10431_44,Off-Screen,19:06:53,19:07:34,0:00:41,0:00:41,41,0,0,0,Off-Screen,10020_10431_45,,0,,,,,,,,,,,,,,,,,0:00:00,FALSE,,0,,,,0:00:41,,,TRUE
11-Aug-21,10020,10431,S1E9,Mark Greene,M,18:39:35,19:24:45,10020_10431_45,Indirect Care,19:07:34,19:07:39,0:00:05,0:00:05,5,0,0,0,Hospital,10020_10431_46,,0,,,,,,,,,,,,,,,,,0:00:00,FALSE,,0,,,,0:00:05,,,TRUE
11-Aug-21,10020,10431,S1E9,Mark Greene,M,18:39:35,19:24:45,10020_10431_46,Professional Communication,19:07:39,19:08:13,0:00:34,0:00:34,34,Doctor(s),Talking,0,Hospital,10020_10431_47,,0,,,,,,,,,,,,,,,,,0:00:00,FALSE,,0,,,,0:00:34,,,TRUE
11-Aug-21,10020,10431,S1E9,Mark Greene,M,18:39:35,19:24:45,10020_10431_47,Direct Care,19:08:13,19:08:27,0:00:14,0:00:14,14,Relative (Patient),Talking,0,Hospital,10020_10431_48,,0,,,,,,,,,,,,,,,,,0:00:00,FALSE,,0,,,,0:00:14,,,TRUE
11-Aug-21,10020,10431,S1E9,Mark Greene,M,18:39:35,19:24:45,10020_10431_48,Off-Screen,19:08:27,19:11:36,0:03:09,0:03:09,189,0,0,0,Off-Screen,10020_10431_49,,0,,,,,,,,,,,,,,,,,0:00:00,FALSE,,0,,,,0:03:09,,,TRUE
11-Aug-21,10020,10431,S1E9,Mark Greene,M,18:39:35,19:24:45,10020_10431_49,Direct Care,19:11:36,19:13:21,0:01:45,0:01:45,105,0,0,0,Hospital,10020_10431_51,10020_10431_50,1,2,10020_10431_50,19:11:52,19:13:21,,,,,,,,,,,,,0:01:29,FALSE,,0,,,,0:01:45,,,TRUE
11-Aug-21,10020,10431,S1E9,Mark Greene,M,18:39:35,19:24:45,10020_10431_50,Professional Communication,19:11:52,19:13:21,0:01:29,0:01:29,89,Doctor(s),Talking,0,Hospital,10020_10431_51,10020_10431_49,1,2,10020_10431_49,19:11:52,19:13:21,,,,,,,,,,,,,0:01:29,FALSE,,0,,,,0:01:29,,,TRUE
11-Aug-21,10020,10431,S1E9,Mark Greene,M,18:39:35,19:24:45,10020_10431_51,Off-Screen,19:13:21,19:16:40,0:03:19,0:03:19,199,0,0,0,Off-Screen,10020_10431_52,,0,,,,,,,,,,,,,,,,,0:00:00,FALSE,,0,,,,0:03:19,,,TRUE
11-Aug-21,10020,10431,S1E9,Mark Greene,M,18:39:35,19:24:45,10020_10431_52,Social,19:16:40,19:16:51,0:00:11,0:00:11,11,Doctor(s),Talking,0,Hospital,10020_10431_53,,0,,,,,,,,,,,,,,,,,0:00:00,FALSE,,0,,,,0:00:11,,,TRUE
11-Aug-21,10020,10431,S1E9,Mark Greene,M,18:39:35,19:24:45,10020_10431_53,Off-Screen,19:16:51,19:17:26,0:00:35,0:00:35,35,0,0,0,Off-Screen,10020_10431_54,,0,,,,,,,,,,,,,,,,,0:00:00,FALSE,,0,,,,0:00:35,,,TRUE
11-Aug-21,10020,10431,S1E9,Mark Greene,M,18:39:35,19:24:45,10020_10431_54,Social,19:17:26,19:18:01,0:00:35,0:00:35,35,Doctor(s),Talking,0,Hospital,10020_10431_55,,0,,,,,,,,,,,,,,,,,0:00:00,FALSE,,0,,,,0:00:35,,,TRUE
11-Aug-21,10020,10431,S1E9,Mark Greene,M,18:39:35,19:24:45,10020_10431_55,Nothing Happening,19:18:01,19:18:09,0:00:08,0:00:08,8,0,0,0,Hospital,10020_10431_56,,0,,,,,,,,,,,,,,,,,0:00:00,FALSE,,0,,,,0:00:08,,,TRUE
11-Aug-21,10020,10431,S1E9,Mark Greene,M,18:39:35,19:24:45,10020_10431_56,Off-Screen,19:18:09,19:24:45,0:06:36,0:06:36,396,0,0,0,Off-Screen,session,,0,,,,,,,,,,,,,,,,,0:00:00,FALSE,,0,,,,0:06:36,,,TRUE
16-Aug-21,10020,10489,S1E23,Mark Greene,M,14:57:59,15:44:41,10020_10489_1,Nothing Happening,14:57:59,14:58:15,0:00:16,0:00:16,16,0,0,0,Nothing Happening,10020_10489_2,,0,,,,,,,,,,,,,,,,,0:00:00,FALSE,,0,,,,0:00:16,,,TRUE
16-Aug-21,10020,10489,S1E23,Mark Greene,M,14:57:59,15:44:41,10020_10489_2,Nothing Happening,14:58:15,14:58:45,0:00:30,0:00:30,30,0,0,0,Community,10020_10489_3,,0,,,,,,,,,,,,,,,,,0:00:00,FALSE,,0,,,,0:00:30,,,TRUE
16-Aug-21,10020,10489,S1E23,Mark Greene,M,14:57:59,15:44:41,10020_10489_3,Social,14:58:45,14:59:52,0:01:07,0:01:07,67,Other,Talking,0,Community,10020_10489_4,,0,,,,,,,,,,,,,,,,,0:00:00,FALSE,,0,,,,0:01:07,,,TRUE
16-Aug-21,10020,10489,S1E23,Mark Greene,M,14:57:59,15:44:41,10020_10489_4,Nothing Happening,14:59:52,14:59:54,0:00:02,0:00:02,2,0,0,0,Community,10020_10489_5,,0,,,,,,,,,,,,,,,,,0:00:00,FALSE,,0,,,,0:00:02,,,TRUE
16-Aug-21,10020,10489,S1E23,Mark Greene,M,14:57:59,15:44:41,10020_10489_5,Off-Screen,14:59:54,15:02:59,0:03:05,0:03:05,185,0,0,0,Off-Screen,10020_10489_6,,0,,,,,,,,,,,,,,,,,0:00:00,FALSE,,0,,,,0:03:05,,,TRUE
16-Aug-21,10020,10489,S1E23,Mark Greene,M,14:57:59,15:44:41,10020_10489_6,Nothing Happening,15:02:59,15:04:19,0:01:20,0:01:20,80,0,0,0,Nothing Happening,10020_10489_7,,0,,,,,,,,,,,,,,,,,0:00:00,FALSE,,0,,,,0:01:20,,,TRUE
16-Aug-21,10020,10489,S1E23,Mark Greene,M,14:57:59,15:44:41,10020_10489_7,Off-Screen,15:04:19,15:04:24,0:00:05,0:00:05,5,0,0,0,Off-Screen,10020_10489_8,,0,,,,,,,,,,,,,,,,,0:00:00,FALSE,,0,,,,0:00:05,,,TRUE
16-Aug-21,10020,10489,S1E23,Mark Greene,M,14:57:59,15:44:41,10020_10489_8,Social,15:04:24,15:04:49,0:00:25,0:00:25,25,Doctor(s),Talking,0,Hospital,user,10020_10489_9,1,2,10020_10489_9,15:04:46,15:04:49,,,,,,,,,,,,,0:00:03,FALSE,,0,,,,0:00:25,,,TRUE
16-Aug-21,10020,10489,S1E23,Mark Greene,M,14:57:59,15:44:41,10020_10489_9,In-transit,15:04:46,15:04:50,0:00:04,0:00:04,4,0,0,0,Hospital,10020_10489_10,10020_10489_8,1,2,10020_10489_8,15:04:46,15:04:49,,,,,,,,,,,,,0:00:03,FALSE,,0,,,,0:00:04,,,TRUE
16-Aug-21,10020,10489,S1E23,Mark Greene,M,14:57:59,15:44:41,10020_10489_10,Professional Communication,15:04:50,15:05:06,0:00:16,0:00:16,16,Doctor(s),Talking,0,Hospital,10020_10489_11,,0,,,,,,,,,,,,,,,,,0:00:00,FALSE,,0,,,,0:00:16,,,TRUE
16-Aug-21,10020,10489,S1E23,Mark Greene,M,14:57:59,15:44:41,10020_10489_11,Off-Screen,15:05:06,15:08:25,0:03:19,0:03:19,199,0,0,0,Off-Screen,10020_10489_12,,0,,,,,,,,,,,,,,,,,0:00:00,FALSE,,0,,,,0:03:19,,,TRUE
16-Aug-21,10020,10489,S1E23,Mark Greene,M,14:57:59,15:44:41,10020_10489_12,Professional Communication,15:08:25,15:08:57,0:00:32,0:00:32,32,Nurse,Talking,0,Hospital,10020_10489_14,10020_10489_13,1,2,10020_10489_13,15:08:30,15:08:57,,,,,,,,,,,,,0:00:27,FALSE,,0,,,,0:00:32,,,TRUE
16-Aug-21,10020,10489,S1E23,Mark Greene,M,14:57:59,15:44:41,10020_10489_13,Direct Care,15:08:30,15:08:57,0:00:27,0:00:27,27,0,0,0,Hospital,10020_10489_14,10020_10489_12,1,2,10020_10489_12,15:08:30,15:08:57,,,,,,,,,,,,,0:00:27,FALSE,,0,,,,0:00:27,,,TRUE
16-Aug-21,10020,10489,S1E23,Mark Greene,M,14:57:59,15:44:41,10020_10489_14,Off-Screen,15:08:57,15:09:54,0:00:57,0:00:57,57,0,0,0,Off-Screen,10020_10489_15,,0,,,,,,,,,,,,,,,,,0:00:00,FALSE,,0,,,,0:00:57,,,TRUE
16-Aug-21,10020,10489,S1E23,Mark Greene,M,14:57:59,15:44:41,10020_10489_15,Direct Care,15:09:54,15:10:47,0:00:53,0:00:53,53,0,0,0,Hospital,10020_10489_17,10020_10489_16,1,2,10020_10489_16,15:09:56,15:10:47,,,,,,,,,,,,,0:00:51,FALSE,,0,,,,0:00:53,,,TRUE
16-Aug-21,10020,10489,S1E23,Mark Greene,M,14:57:59,15:44:41,10020_10489_16,Professional Communication,15:09:56,15:10:47,0:00:51,0:00:51,51,Doctor(s),Talking,0,Hospital,10020_10489_17,10020_10489_15,1,2,10020_10489_15,15:09:56,15:10:47,,,,,,,,,,,,,0:00:51,FALSE,,0,,,,0:00:51,,,TRUE
16-Aug-21,10020,10489,S1E23,Mark Greene,M,14:57:59,15:44:41,10020_10489_17,In-transit,15:10:47,15:10:51,0:00:04,0:00:04,4,0,0,0,Hospital,10020_10489_18,,0,,,,,,,,,,,,,,,,,0:00:00,FALSE,,0,,,,0:00:04,,,TRUE
16-Aug-21,10020,10489,S1E23,Mark Greene,M,14:57:59,15:44:41,10020_10489_18,Off-Screen,15:10:51,15:11:23,0:00:32,0:00:32,32,0,0,0,Off-Screen,10020_10489_19,,0,,,,,,,,,,,,,,,,,0:00:00,FALSE,,0,,,,0:00:32,,,TRUE
16-Aug-21,10020,10489,S1E23,Mark Greene,M,14:57:59,15:44:41,10020_10489_19,Professional Communication,15:11:23,15:11:43,0:00:20,0:00:20,20,Doctor(s),Talking,0,Hospital,user,10020_10489_20,1,2,10020_10489_20,15:11:26,15:11:43,,,,,,,,,,,,,0:00:17,FALSE,,0,,,,0:00:20,,,TRUE
16-Aug-21,10020,10489,S1E23,Mark Greene,M,14:57:59,15:44:41,10020_10489_20,Document,15:11:26,15:11:45,0:00:19,0:00:19,19,0,0,0,Hospital,10020_10489_21,10020_10489_19,1,2,10020_10489_19,15:11:26,15:11:43,,,,,,,,,,,,,0:00:17,FALSE,,0,,,,0:00:19,,,TRUE
16-Aug-21,10020,10489,S1E23,Mark Greene,M,14:57:59,15:44:41,10020_10489_21,Off-Screen,15:11:45,15:19:07,0:07:22,0:07:22,442,0,0,0,Off-Screen,10020_10489_22,,0,,,,,,,,,,,,,,,,,0:00:00,FALSE,,0,,,,0:07:22,,,TRUE
16-Aug-21,10020,10489,S1E23,Mark Greene,M,14:57:59,15:44:41,10020_10489_22,Indirect Care,15:19:07,15:19:12,0:00:05,0:00:05,5,0,0,0,Hospital,10020_10489_23,,0,,,,,,,,,,,,,,,,,0:00:00,FALSE,,0,,,,0:00:05,,,TRUE
16-Aug-21,10020,10489,S1E23,Mark Greene,M,14:57:59,15:44:41,10020_10489_23,Professional Communication,15:19:12,15:20:13,0:01:01,0:01:01,61,Doctor(s),Talking,0,Hospital,10020_10489_24,,0,,,,,,,,,,,,,,,,,0:00:00,FALSE,,0,,,,0:01:01,,,TRUE
16-Aug-21,10020,10489,S1E23,Mark Greene,M,14:57:59,15:44:41,10020_10489_24,Nothing Happening,15:20:13,15:20:33,0:00:20,0:00:20,20,0,0,0,Nothing Happening,10020_10489_25,,0,,,,,,,,,,,,,,,,,0:00:00,FALSE,,0,,,,0:00:20,,,TRUE
16-Aug-21,10020,10489,S1E23,Mark Greene,M,14:57:59,15:44:41,10020_10489_25,Off-Screen,15:20:33,15:22:11,0:01:38,0:01:38,98,0,0,0,Off-Screen,10020_10489_26,,0,,,,,,,,,,,,,,,,,0:00:00,FALSE,,0,,,,0:01:38,,,TRUE
16-Aug-21,10020,10489,S1E23,Mark Greene,M,14:57:59,15:44:41,10020_10489_26,In-transit,15:22:11,15:22:22,0:00:11,0:00:11,11,0,0,0,Hospital,10020_10489_27,,0,,,,,,,,,,,,,,,,,0:00:00,FALSE,,0,,,,0:00:11,,,TRUE
16-Aug-21,10020,10489,S1E23,Mark Greene,M,14:57:59,15:44:41,10020_10489_27,Professional Communication,15:22:22,15:22:43,0:00:21,0:00:21,21,Doctor(s),Talking,0,Hospital,10020_10489_29,10020_10489_28,1,2,10020_10489_28,15:22:34,15:22:43,,,,,,,,,,,,,0:00:09,FALSE,,0,,,,0:00:21,,,TRUE
16-Aug-21,10020,10489,S1E23,Mark Greene,M,14:57:59,15:44:41,10020_10489_28,In-transit,15:22:34,15:22:43,0:00:09,0:00:09,9,0,0,0,Hospital,10020_10489_29,10020_10489_27,1,2,10020_10489_27,15:22:34,15:22:43,,,,,,,,,,,,,0:00:09,FALSE,,0,,,,0:00:09,,,TRUE
16-Aug-21,10020,10489,S1E23,Mark Greene,M,14:57:59,15:44:41,10020_10489_29,Off-Screen,15:22:43,15:22:53,0:00:10,0:00:10,10,0,0,0,Off-Screen,10020_10489_30,,0,,,,,,,,,,,,,,,,,0:00:00,FALSE,,0,,,,0:00:10,,,TRUE
16-Aug-21,10020,10489,S1E23,Mark Greene,M,14:57:59,15:44:41,10020_10489_30,Professional Communication,15:22:53,15:23:03,0:00:10,0:00:10,10,Doctor(s),Talking,0,Hospital,10020_10489_31,,0,,,,,,,,,,,,,,,,,0:00:00,FALSE,,0,,,,0:00:10,,,TRUE
16-Aug-21,10020,10489,S1E23,Mark Greene,M,14:57:59,15:44:41,10020_10489_31,Off-Screen,15:23:03,15:23:09,0:00:06,0:00:06,6,0,0,0,Off-Screen,10020_10489_32,,0,,,,,,,,,,,,,,,,,0:00:00,FALSE,,0,,,,0:00:06,,,TRUE
16-Aug-21,10020,10489,S1E23,Mark Greene,M,14:57:59,15:44:41,10020_10489_32,Social,15:23:09,15:23:17,0:00:08,0:00:08,8,Doctor(s),Talking,0,Hospital,10020_10489_33,,0,,,,,,,,,,,,,,,,,0:00:00,FALSE,,0,,,,0:00:08,,,TRUE
16-Aug-21,10020,10489,S1E23,Mark Greene,M,14:57:59,15:44:41,10020_10489_33,Professional Communication,15:23:17,15:23:34,0:00:17,0:00:17,17,Nurse,Talking,0,Hospital,10020_10489_34,,0,,,,,,,,,,,,,,,,,0:00:00,FALSE,,0,,,,0:00:17,,,TRUE
16-Aug-21,10020,10489,S1E23,Mark Greene,M,14:57:59,15:44:41,10020_10489_34,Off-Screen,15:23:34,15:24:58,0:01:24,0:01:24,84,0,0,0,Off-Screen,10020_10489_35,,0,,,,,,,,,,,,,,,,,0:00:00,FALSE,,0,,,,0:01:24,,,TRUE
16-Aug-21,10020,10489,S1E23,Mark Greene,M,14:57:59,15:44:41,10020_10489_35,Direct Care,15:24:58,15:25:13,0:00:15,0:00:15,15,Relative (Patient),Talking,0,Hospital,10020_10489_37,10020_10489_36,1,2,10020_10489_36,15:25:08,15:25:13,,,,,,,,,,,,,0:00:05,FALSE,,0,,,,0:00:15,,,TRUE
16-Aug-21,10020,10489,S1E23,Mark Greene,M,14:57:59,15:44:41,10020_10489_36,In-transit,15:25:08,15:25:13,0:00:05,0:00:05,5,0,0,0,Hospital,10020_10489_37,10020_10489_35,1,2,10020_10489_35,15:25:08,15:25:13,,,,,,,,,,,,,0:00:05,FALSE,,0,,,,0:00:05,,,TRUE
16-Aug-21,10020,10489,S1E23,Mark Greene,M,14:57:59,15:44:41,10020_10489_37,Off-Screen,15:25:13,15:25:54,0:00:41,0:00:41,41,0,0,0,Off-Screen,10020_10489_38,,0,,,,,,,,,,,,,,,,,0:00:00,FALSE,,0,,,,0:00:41,,,TRUE
16-Aug-21,10020,10489,S1E23,Mark Greene,M,14:57:59,15:44:41,10020_10489_38,Direct Care,15:25:54,15:26:35,0:00:41,0:00:41,41,0,0,0,Hospital,10020_10489_40,10020_10489_39,1,2,10020_10489_39,15:26:08,15:26:35,,,,,,,,,,,,,0:00:27,FALSE,,0,,,,0:00:41,,,TRUE
16-Aug-21,10020,10489,S1E23,Mark Greene,M,14:57:59,15:44:41,10020_10489_39,Professional Communication,15:26:08,15:26:35,0:00:27,0:00:27,27,Doctor(s),Talking,0,Hospital,10020_10489_40,10020_10489_38,1,2,10020_10489_38,15:26:08,15:26:35,,,,,,,,,,,,,0:00:27,FALSE,,0,,,,0:00:27,,,TRUE
16-Aug-21,10020,10489,S1E23,Mark Greene,M,14:57:59,15:44:41,10020_10489_40,Off-Screen,15:26:35,15:28:06,0:01:31,0:01:31,91,0,0,0,Off-Screen,10020_10489_41,,0,,,,,,,,,,,,,,,,,0:00:00,FALSE,,0,,,,0:01:31,,,TRUE
16-Aug-21,10020,10489,S1E23,Mark Greene,M,14:57:59,15:44:41,10020_10489_41,Direct Care,15:28:06,15:29:25,0:01:19,0:01:19,79,0,0,0,Hospital,10020_10489_43,10020_10489_42,1,2,10020_10489_42,15:28:08,15:29:25,,,,,,,,,,,,,0:01:17,FALSE,,0,,,,0:01:19,,,TRUE
16-Aug-21,10020,10489,S1E23,Mark Greene,M,14:57:59,15:44:41,10020_10489_42,Professional Communication,15:28:08,15:29:25,0:01:17,0:01:17,77,Doctor(s),Talking,0,Hospital,10020_10489_43,10020_10489_41,1,2,10020_10489_41,15:28:08,15:29:25,,,,,,,,,,,,,0:01:17,FALSE,,0,,,,0:01:17,,,TRUE
16-Aug-21,10020,10489,S1E23,Mark Greene,M,14:57:59,15:44:41,10020_10489_43,Off-Screen,15:29:25,15:32:56,0:03:31,0:03:31,211,0,0,0,Off-Screen,10020_10489_44,,0,,,,,,,,,,,,,,,,,0:00:00,FALSE,,0,,,,0:03:31,,,TRUE
16-Aug-21,10020,10489,S1E23,Mark Greene,M,14:57:59,15:44:41,10020_10489_44,Nothing Happening,15:32:56,15:33:14,0:00:18,0:00:18,18,0,0,0,Nothing Happening,10020_10489_45,,0,,,,,,,,,,,,,,,,,0:00:00,FALSE,,0,,,,0:00:18,,,TRUE
16-Aug-21,10020,10489,S1E23,Mark Greene,M,14:57:59,15:44:41,10020_10489_45,Off-Screen,15:33:14,15:35:29,0:02:15,0:02:15,135,0,0,0,Off-Screen,10020_10489_46,,0,,,,,,,,,,,,,,,,,0:00:00,FALSE,,0,,,,0:02:15,,,TRUE
16-Aug-21,10020,10489,S1E23,Mark Greene,M,14:57:59,15:44:41,10020_10489_46,Social,15:35:29,15:36:12,0:00:43,0:00:43,43,Doctor(s),Talking,0,Hospital,10020_10489_48,10020_10489_47,1,2,10020_10489_47,15:35:33,15:35:38,,,,,,,,,,,,,0:00:05,FALSE,,0,,,,0:00:43,,,TRUE
16-Aug-21,10020,10489,S1E23,Mark Greene,M,14:57:59,15:44:41,10020_10489_47,In-transit,15:35:33,15:35:38,0:00:05,0:00:05,5,0,0,0,Hospital,user,10020_10489_46,1,2,10020_10489_46,15:35:33,15:35:38,,,,,,,,,,,,,0:00:05,FALSE,,0,,,,0:00:05,,,TRUE
16-Aug-21,10020,10489,S1E23,Mark Greene,M,14:57:59,15:44:41,10020_10489_48,Off-Screen,15:36:12,15:39:12,0:03:00,0:03:00,180,0,0,0,Off-Screen,10020_10489_49,,0,,,,,,,,,,,,,,,,,0:00:00,FALSE,,0,,,,0:03:00,,,TRUE
16-Aug-21,10020,10489,S1E23,Mark Greene,M,14:57:59,15:44:41,10020_10489_49,In-transit,15:39:12,15:39:14,0:00:02,0:00:02,2,0,0,0,Hospital,10020_10489_50,,0,,,,,,,,,,,,,,,,,0:00:00,FALSE,,0,,,,0:00:02,,,TRUE
16-Aug-21,10020,10489,S1E23,Mark Greene,M,14:57:59,15:44:41,10020_10489_50,Professional Communication,15:39:14,15:39:17,0:00:03,0:00:03,3,Doctor(s),Talking,0,Hospital,10020_10489_51,,0,,,,,,,,,,,,,,,,,0:00:00,FALSE,,0,,,,0:00:03,,,TRUE
16-Aug-21,10020,10489,S1E23,Mark Greene,M,14:57:59,15:44:41,10020_10489_51,Off-Screen,15:39:17,15:42:37,0:03:20,0:03:20,200,0,0,0,Off-Screen,10020_10489_52,,0,,,,,,,,,,,,,,,,,0:00:00,FALSE,,0,,,,0:03:20,,,TRUE
16-Aug-21,10020,10489,S1E23,Mark Greene,M,14:57:59,15:44:41,10020_10489_52,Social,15:42:37,15:44:41,0:02:04,0:02:04,124,Other,Talking,0,Community,session,,0,,,,,,,,,,,,,,,,,0:00:00,FALSE,,0,,,,0:02:04,,,TRUE
16-Aug-21,10020,10488,S1E24,Mark Greene,M,16:35:25,17:22:50,10020_10488_1,Nothing Happening,16:35:25,16:35:36,0:00:11,0:00:11,11,0,0,0,Nothing Happening,10020_10488_2,,0,,,,,,,,,,,,,,,,,0:00:00,FALSE,,0,,,,0:00:11,,,TRUE
16-Aug-21,10020,10488,S1E24,Mark Greene,M,16:35:25,17:22:50,10020_10488_2,Off-Screen,16:35:36,16:40:27,0:04:51,0:04:51,291,0,0,0,Off-Screen,10020_10488_3,,0,,,,,,,,,,,,,,,,,0:00:00,FALSE,,0,,,,0:04:51,,,TRUE
16-Aug-21,10020,10488,S1E24,Mark Greene,M,16:35:25,17:22:50,10020_10488_3,Nothing Happening,16:40:27,16:41:39,0:01:12,0:01:12,72,0,0,0,Nothing Happening,10020_10488_4,,0,,,,,,,,,,,,,,,,,0:00:00,FALSE,,0,,,,0:01:12,,,TRUE
16-Aug-21,10020,10488,S1E24,Mark Greene,M,16:35:25,17:22:50,10020_10488_4,Off-Screen,16:41:39,16:42:27,0:00:48,0:00:48,48,0,0,0,Off-Screen,10020_10488_5,,0,,,,,,,,,,,,,,,,,0:00:00,FALSE,,0,,,,0:00:48,,,TRUE
16-Aug-21,10020,10488,S1E24,Mark Greene,M,16:35:25,17:22:50,10020_10488_5,In-transit,16:42:27,16:42:52,0:00:25,0:00:25,25,0,0,0,Hospital,user,10020_10488_6,1,2,10020_10488_6,16:42:29,16:42:52,,,,,,,,,,,,,0:00:23,FALSE,,0,,,,0:00:25,,,TRUE
16-Aug-21,10020,10488,S1E24,Mark Greene,M,16:35:25,17:22:50,10020_10488_6,Professional Communication,16:42:29,16:42:57,0:00:28,0:00:28,28,Doctor(s),Talking,0,Hospital,10020_10488_7,10020_10488_5,1,2,10020_10488_5,16:42:29,16:42:52,,,,,,,,,,,,,0:00:23,FALSE,,0,,,,0:00:28,,,TRUE
16-Aug-21,10020,10488,S1E24,Mark Greene,M,16:35:25,17:22:50,10020_10488_7,In-transit,16:42:57,16:43:01,0:00:04,0:00:04,4,0,0,0,Hospital,10020_10488_8,,0,,,,,,,,,,,,,,,,,0:00:00,FALSE,,0,,,,0:00:04,,,TRUE
16-Aug-21,10020,10488,S1E24,Mark Greene,M,16:35:25,17:22:50,10020_10488_8,Off-Screen,16:43:01,16:44:00,0:00:59,0:00:59,59,0,0,0,Off-Screen,10020_10488_9,,0,,,,,,,,,,,,,,,,,0:00:00,FALSE,,0,,,,0:00:59,,,TRUE
16-Aug-21,10020,10488,S1E24,Mark Greene,M,16:35:25,17:22:50,10020_10488_9,Direct Care,16:44:00,16:44:22,0:00:22,0:00:22,22,0,0,0,Hospital,10020_10488_11,10020_10488_10,1,2,10020_10488_10,16:44:02,16:44:22,,,,,,,,,,,,,0:00:20,FALSE,,0,,,,0:00:22,,,TRUE
16-Aug-21,10020,10488,S1E24,Mark Greene,M,16:35:25,17:22:50,10020_10488_10,Professional Communication,16:44:02,16:44:22,0:00:20,0:00:20,20,Doctor(s),Talking,0,Hospital,10020_10488_11,10020_10488_9,1,2,10020_10488_9,16:44:02,16:44:22,,,,,,,,,,,,,0:00:20,FALSE,,0,,,,0:00:20,,,TRUE
16-Aug-21,10020,10488,S1E24,Mark Greene,M,16:35:25,17:22:50,10020_10488_11,Off-Screen,16:44:22,16:44:37,0:00:15,0:00:15,15,0,0,0,Off-Screen,10020_10488_12,,0,,,,,,,,,,,,,,,,,0:00:00,FALSE,,0,,,,0:00:15,,,TRUE
16-Aug-21,10020,10488,S1E24,Mark Greene,M,16:35:25,17:22:50,10020_10488_12,Social,16:44:37,16:44:40,0:00:03,0:00:03,3,Nurse,Talking,0,Hospital,10020_10488_13,,0,,,,,,,,,,,,,,,,,0:00:00,FALSE,,0,,,,0:00:03,,,TRUE
16-Aug-21,10020,10488,S1E24,Mark Greene,M,16:35:25,17:22:50,10020_10488_13,Professional Communication,16:44:40,16:44:56,0:00:16,0:00:16,16,Doctor(s),Talking,0,Hospital,10020_10488_14,,0,,,,,,,,,,,,,,,,,0:00:00,FALSE,,0,,,,0:00:16,,,TRUE
16-Aug-21,10020,10488,S1E24,Mark Greene,M,16:35:25,17:22:50,10020_10488_14,In-transit,16:44:56,16:44:58,0:00:02,0:00:02,2,0,0,0,Hospital,10020_10488_15,,0,,,,,,,,,,,,,,,,,0:00:00,FALSE,,0,,,,0:00:02,,,TRUE
16-Aug-21,10020,10488,S1E24,Mark Greene,M,16:35:25,17:22:50,10020_10488_15,Off-Screen,16:44:58,16:45:57,0:00:59,0:00:59,59,0,0,0,Off-Screen,10020_10488_16,,0,,,,,,,,,,,,,,,,,0:00:00,FALSE,,0,,,,0:00:59,,,TRUE
16-Aug-21,10020,10488,S1E24,Mark Greene,M,16:35:25,17:22:50,10020_10488_16,Direct Care,16:45:57,16:46:28,0:00:31,0:00:31,31,Relative (Patient),Talking,0,Hospital,10020_10488_17,,0,,,,,,,,,,,,,,,,,0:00:00,FALSE,,0,,,,0:00:31,,,TRUE
16-Aug-21,10020,10488,S1E24,Mark Greene,M,16:35:25,17:22:50,10020_10488_17,Professional Communication,16:46:28,16:46:37,0:00:09,0:00:09,9,Nurse,Talking,0,Hospital,10020_10488_18,,0,,,,,,,,,,,,,,,,,0:00:00,FALSE,,0,,,,0:00:09,,,TRUE
16-Aug-21,10020,10488,S1E24,Mark Greene,M,16:35:25,17:22:50,10020_10488_18,Off-Screen,16:46:37,16:50:44,0:04:07,0:04:07,247,0,0,0,Off-Screen,10020_10488_19,,0,,,,,,,,,,,,,,,,,0:00:00,FALSE,,0,,,,0:04:07,,,TRUE
16-Aug-21,10020,10488,S1E24,Mark Greene,M,16:35:25,17:22:50,10020_10488_19,Social,16:50:44,16:51:00,0:00:16,0:00:16,16,Nurse,Talking,0,Hospital,10020_10488_20,,0,,,,,,,,,,,,,,,,,0:00:00,FALSE,,0,,,,0:00:16,,,TRUE
16-Aug-21,10020,10488,S1E24,Mark Greene,M,16:35:25,17:22:50,10020_10488_20,Social,16:51:00,16:51:17,0:00:17,0:00:17,17,Doctor(s),Talking,0,Hospital,10020_10488_21,,0,,,,,,,,,,,,,,,,,0:00:00,FALSE,,0,,,,0:00:17,,,TRUE
16-Aug-21,10020,10488,S1E24,Mark Greene,M,16:35:25,17:22:50,10020_10488_21,Off-Screen,16:51:17,16:51:25,0:00:08,0:00:08,8,0,0,0,Off-Screen,10020_10488_22,,0,,,,,,,,,,,,,,,,,0:00:00,FALSE,,0,,,,0:00:08,,,TRUE
16-Aug-21,10020,10488,S1E24,Mark Greene,M,16:35:25,17:22:50,10020_10488_22,Social,16:51:25,16:51:33,0:00:08,0:00:08,8,Doctor(s),Talking,0,Hospital,10020_10488_23,,0,,,,,,,,,,,,,,,,,0:00:00,FALSE,,0,,,,0:00:08,,,TRUE
16-Aug-21,10020,10488,S1E24,Mark Greene,M,16:35:25,17:22:50,10020_10488_23,Professional Communication,16:51:33,16:52:10,0:00:37,0:00:37,37,Doctor(s),Talking,0,Hospital,10020_10488_24,,0,,,,,,,,,,,,,,,,,0:00:00,FALSE,,0,,,,0:00:37,,,TRUE
16-Aug-21,10020,10488,S1E24,Mark Greene,M,16:35:25,17:22:50,10020_10488_24,Off-Screen,16:52:10,16:56:14,0:04:04,0:04:04,244,0,0,0,Off-Screen,10020_10488_25,,0,,,,,,,,,,,,,,,,,0:00:00,FALSE,,0,,,,0:04:04,,,TRUE
16-Aug-21,10020,10488,S1E24,Mark Greene,M,16:35:25,17:22:50,10020_10488_25,Direct Care,16:56:14,16:57:02,0:00:48,0:00:48,48,Relative (Patient),Talking,0,Hospital,10020_10488_26,,0,,,,,,,,,,,,,,,,,0:00:00,FALSE,,0,,,,0:00:48,,,TRUE
16-Aug-21,10020,10488,S1E24,Mark Greene,M,16:35:25,17:22:50,10020_10488_26,Off-Screen,16:57:02,17:00:47,0:03:45,0:03:45,225,0,0,0,Off-Screen,10020_10488_27,,0,,,,,,,,,,,,,,,,,0:00:00,FALSE,,0,,,,0:03:45,,,TRUE
16-Aug-21,10020,10488,S1E24,Mark Greene,M,16:35:25,17:22:50,10020_10488_27,Nothing Happening,17:00:47,17:01:07,0:00:20,0:00:20,20,0,0,0,Nothing Happening,10020_10488_28,,0,,,,,,,,,,,,,,,,,0:00:00,FALSE,,0,,,,0:00:20,,,TRUE
16-Aug-21,10020,10488,S1E24,Mark Greene,M,16:35:25,17:22:50,10020_10488_28,Off-Screen,17:01:07,17:04:39,0:03:32,0:03:32,212,0,0,0,Off-Screen,10020_10488_29,,0,,,,,,,,,,,,,,,,,0:00:00,FALSE,,0,,,,0:03:32,,,TRUE
16-Aug-21,10020,10488,S1E24,Mark Greene,M,16:35:25,17:22:50,10020_10488_29,Direct Care,17:04:39,17:04:58,0:00:19,0:00:19,19,Relative (Patient),Talking,0,Hospital,10020_10488_30,,0,,,,,,,,,,,,,,,,,0:00:00,FALSE,,0,,,,0:00:19,,,TRUE
16-Aug-21,10020,10488,S1E24,Mark Greene,M,16:35:25,17:22:50,10020_10488_30,Off-Screen,17:04:58,17:06:09,0:01:11,0:01:11,71,0,0,0,Off-Screen,10020_10488_31,,0,,,,,,,,,,,,,,,,,0:00:00,FALSE,,0,,,,0:01:11,,,TRUE
16-Aug-21,10020,10488,S1E24,Mark Greene,M,16:35:25,17:22:50,10020_10488_31,Professional Communication,17:06:09,17:06:27,0:00:18,0:00:18,18,Doctor(s),Talking,0,Hospital,10020_10488_34,"10020_10488_32,10020_10488_33",2,2,10020_10488_32,17:06:15,17:06:17,3,"10020_10488_32,10020_10488_33",17:06:17,17:06:27,,,,,,,,,0:00:12,FALSE,,0,,,,0:00:18,,,TRUE
16-Aug-21,10020,10488,S1E24,Mark Greene,M,16:35:25,17:22:50,10020_10488_32,In-transit,17:06:15,17:06:27,0:00:12,0:00:12,12,0,0,0,Hospital,10020_10488_34,"10020_10488_31,10020_10488_33",2,2,10020_10488_31,17:06:15,17:06:17,3,"10020_10488_31,10020_10488_33",17:06:17,17:06:27,,,,,,,,,0:00:12,FALSE,,0,,,,0:00:12,,,TRUE
16-Aug-21,10020,10488,S1E24,Mark Greene,M,16:35:25,17:22:50,10020_10488_33,Direct Care,17:06:17,17:06:27,0:00:10,0:00:10,10,0,0,0,Hospital,10020_10488_34,"10020_10488_32,10020_10488_31",1,3,"10020_10488_32,10020_10488_31",17:06:17,17:06:27,,,,,,,,,,,,,0:00:10,FALSE,,0,,,,0:00:10,,,TRUE
16-Aug-21,10020,10488,S1E24,Mark Greene,M,16:35:25,17:22:50,10020_10488_34,Off-Screen,17:06:27,17:06:43,0:00:16,0:00:16,16,0,0,0,Off-Screen,10020_10488_35,,0,,,,,,,,,,,,,,,,,0:00:00,FALSE,,0,,,,0:00:16,,,TRUE
16-Aug-21,10020,10488,S1E24,Mark Greene,M,16:35:25,17:22:50,10020_10488_35,Direct Care,17:06:43,17:07:07,0:00:24,0:00:24,24,0,0,0,Hospital,10020_10488_37,10020_10488_36,1,2,10020_10488_36,17:06:44,17:07:07,,,,,,,,,,,,,0:00:23,FALSE,,0,,,,0:00:24,,,TRUE
16-Aug-21,10020,10488,S1E24,Mark Greene,M,16:35:25,17:22:50,10020_10488_36,Professional Communication,17:06:44,17:07:07,0:00:23,0:00:23,23,Doctor(s),Talking,0,Hospital,10020_10488_37,10020_10488_35,1,2,10020_10488_35,17:06:44,17:07:07,,,,,,,,,,,,,0:00:23,FALSE,,0,,,,0:00:23,,,TRUE
16-Aug-21,10020,10488,S1E24,Mark Greene,M,16:35:25,17:22:50,10020_10488_37,Off-Screen,17:07:07,17:07:35,0:00:28,0:00:28,28,0,0,0,Off-Screen,10020_10488_38,,0,,,,,,,,,,,,,,,,,0:00:00,FALSE,,0,,,,0:00:28,,,TRUE
16-Aug-21,10020,10488,S1E24,Mark Greene,M,16:35:25,17:22:50,10020_10488_38,Direct Care,17:07:35,17:07:56,0:00:21,0:00:21,21,0,0,0,Hospital,10020_10488_40,10020_10488_39,1,2,10020_10488_39,17:07:37,17:07:56,,,,,,,,,,,,,0:00:19,FALSE,,0,,,,0:00:21,,,TRUE
16-Aug-21,10020,10488,S1E24,Mark Greene,M,16:35:25,17:22:50,10020_10488_39,Professional Communication,17:07:37,17:07:56,0:00:19,0:00:19,19,Doctor(s),Talking,0,Hospital,10020_10488_40,10020_10488_38,1,2,10020_10488_38,17:07:37,17:07:56,,,,,,,,,,,,,0:00:19,FALSE,,0,,,,0:00:19,,,TRUE
16-Aug-21,10020,10488,S1E24,Mark Greene,M,16:35:25,17:22:50,10020_10488_40,Off-Screen,17:07:56,17:09:39,0:01:43,0:01:43,103,0,0,0,Off-Screen,10020_10488_41,,0,,,,,,,,,,,,,,,,,0:00:00,FALSE,,0,,,,0:01:43,,,TRUE
16-Aug-21,10020,10488,S1E24,Mark Greene,M,16:35:25,17:22:50,10020_10488_41,Social,17:09:39,17:09:55,0:00:16,0:00:16,16,Doctor(s),Talking,0,Hospital,10020_10488_42,,0,,,,,,,,,,,,,,,,,0:00:00,FALSE,,0,,,,0:00:16,,,TRUE
16-Aug-21,10020,10488,S1E24,Mark Greene,M,16:35:25,17:22:50,10020_10488_42,Professional Communication,17:09:55,17:10:01,0:00:06,0:00:06,6,Nurse,Talking,0,Hospital,10020_10488_43,,0,,,,,,,,,,,,,,,,,0:00:00,FALSE,,0,,,,0:00:06,,,TRUE
16-Aug-21,10020,10488,S1E24,Mark Greene,M,16:35:25,17:22:50,10020_10488_43,In-transit,17:10:01,17:10:08,0:00:07,0:00:07,7,0,0,0,Hospital,10020_10488_44,,0,,,,,,,,,,,,,,,,,0:00:00,FALSE,,0,,,,0:00:07,,,TRUE
16-Aug-21,10020,10488,S1E24,Mark Greene,M,16:35:25,17:22:50,10020_10488_44,Professional Communication,17:10:08,17:10:15,0:00:07,0:00:07,7,Doctor(s),Talking,0,Hospital,10020_10488_45,,0,,,,,,,,,,,,,,,,,0:00:00,FALSE,,0,,,,0:00:07,,,TRUE
16-Aug-21,10020,10488,S1E24,Mark Greene,M,16:35:25,17:22:50,10020_10488_45,In-transit,17:10:15,17:10:17,0:00:02,0:00:02,2,0,0,0,Hospital,10020_10488_46,,0,,,,,,,,,,,,,,,,,0:00:00,FALSE,,0,,,,0:00:02,,,TRUE
16-Aug-21,10020,10488,S1E24,Mark Greene,M,16:35:25,17:22:50,10020_10488_46,Off-Screen,17:10:17,17:12:48,0:02:31,0:02:31,151,0,0,0,Off-Screen,10020_10488_47,,0,,,,,,,,,,,,,,,,,0:00:00,FALSE,,0,,,,0:02:31,,,TRUE
16-Aug-21,10020,10488,S1E24,Mark Greene,M,16:35:25,17:22:50,10020_10488_47,Nothing Happening,17:12:48,17:13:09,0:00:21,0:00:21,21,0,0,0,Nothing Happening,10020_10488_48,,0,,,,,,,,,,,,,,,,,0:00:00,FALSE,,0,,,,0:00:21,,,TRUE
16-Aug-21,10020,10488,S1E24,Mark Greene,M,16:35:25,17:22:50,10020_10488_48,Social,17:13:09,17:14:26,0:01:17,0:01:17,77,Doctor(s),Talking,0,Hospital,10020_10488_49,,0,,,,,,,,,,,,,,,,,0:00:00,FALSE,,0,,,,0:01:17,,,TRUE
16-Aug-21,10020,10488,S1E24,Mark Greene,M,16:35:25,17:22:50,10020_10488_49,Off-Screen,17:14:26,17:16:07,0:01:41,0:01:41,101,0,0,0,Off-Screen,10020_10488_50,,0,,,,,,,,,,,,,,,,,0:00:00,FALSE,,0,,,,0:01:41,,,TRUE
16-Aug-21,10020,10488,S1E24,Mark Greene,M,16:35:25,17:22:50,10020_10488_50,Professional Communication,17:16:07,17:16:23,0:00:16,0:00:16,16,Nurse,Talking,0,Hospital,10020_10488_52,10020_10488_51,1,2,10020_10488_51,17:16:13,17:16:23,,,,,,,,,,,,,0:00:10,FALSE,,0,,,,0:00:16,,,TRUE
16-Aug-21,10020,10488,S1E24,Mark Greene,M,16:35:25,17:22:50,10020_10488_51,In-transit,17:16:13,17:16:23,0:00:10,0:00:10,10,0,0,0,Hospital,10020_10488_52,10020_10488_50,1,2,10020_10488_50,17:16:13,17:16:23,,,,,,,,,,,,,0:00:10,FALSE,,0,,,,0:00:10,,,TRUE
16-Aug-21,10020,10488,S1E24,Mark Greene,M,16:35:25,17:22:50,10020_10488_52,Social,17:16:23,17:16:27,0:00:04,0:00:04,4,Other,Talking,0,Hospital,10020_10488_53,,0,,,,,,,,,,,,,,,,,0:00:00,FALSE,,0,,,,0:00:04,,,TRUE
16-Aug-21,10020,10488,S1E24,Mark Greene,M,16:35:25,17:22:50,10020_10488_53,Off-Screen,17:16:27,17:17:40,0:01:13,0:01:13,73,0,0,0,Off-Screen,10020_10488_54,,0,,,,,,,,,,,,,,,,,0:00:00,FALSE,,0,,,,0:01:13,,,TRUE
16-Aug-21,10020,10488,S1E24,Mark Greene,M,16:35:25,17:22:50,10020_10488_54,In-transit,17:17:40,17:17:42,0:00:02,0:00:02,2,0,0,0,Hospital,10020_10488_55,,0,,,,,,,,,,,,,,,,,0:00:00,FALSE,,0,,,,0:00:02,,,TRUE
16-Aug-21,10020,10488,S1E24,Mark Greene,M,16:35:25,17:22:50,10020_10488_55,Off-Screen,17:17:42,17:17:57,0:00:15,0:00:15,15,0,0,0,Off-Screen,10020_10488_56,,0,,,,,,,,,,,,,,,,,0:00:00,FALSE,,0,,,,0:00:15,,,TRUE
16-Aug-21,10020,10488,S1E24,Mark Greene,M,16:35:25,17:22:50,10020_10488_56,Direct Care,17:17:57,17:18:04,0:00:07,0:00:07,7,Relative (Patient),Talking,0,Hospital,10020_10488_57,,0,,,,,,,,,,,,,,,,,0:00:00,FALSE,,0,,,,0:00:07,,,TRUE
16-Aug-21,10020,10488,S1E24,Mark Greene,M,16:35:25,17:22:50,10020_10488_57,Off-Screen,17:18:04,17:18:28,0:00:24,0:00:24,24,0,0,0,Off-Screen,10020_10488_58,,0,,,,,,,,,,,,,,,,,0:00:00,FALSE,,0,,,,0:00:24,,,TRUE
16-Aug-21,10020,10488,S1E24,Mark Greene,M,16:35:25,17:22:50,10020_10488_58,Social,17:18:28,17:19:05,0:00:37,0:00:37,37,Other,Talking,0,Hospital,10020_10488_59,,0,,,,,,,,,,,,,,,,,0:00:00,FALSE,,0,,,,0:00:37,,,TRUE
16-Aug-21,10020,10488,S1E24,Mark Greene,M,16:35:25,17:22:50,10020_10488_59,Off-Screen,17:19:05,17:22:50,0:03:45,0:03:45,225,0,0,0,Off-Screen,session,,0,,,,,,,,,,,,,,,,,0:00:00,FALSE,,0,,,,0:03:45,,,TRUE
25-Jun-22,10040,10640,Season 1 Episode 9,Mark Greene,M,15:51:19,16:43:42,10040_10640_1,Off-Screen,15:51:19,15:59:43,0:08:24,0:08:24,504,0,0,0,Off-Screen,10040_10640_2,,0,,,,,,,,,,,,,,,,,0:00:00,FALSE,,0,,,,0:08:24,,,TRUE
25-Jun-22,10040,10640,Season 1 Episode 9,Mark Greene,M,15:51:19,16:43:42,10040_10640_2,Professional Communication,15:59:43,15:59:47,0:00:04,0:00:04,4,Doctor(s),Talking,0,Hospital,10040_10640_3,,0,,,,,,,,,,,,,,,,,0:00:00,FALSE,,0,,,,0:00:04,,,TRUE
25-Jun-22,10040,10640,Season 1 Episode 9,Mark Greene,M,15:51:19,16:43:42,10040_10640_3,Professional Communication,15:59:47,15:59:52,0:00:05,0:00:05,5,Nurse,Talking,0,Hospital,10040_10640_4,,0,,,,,,,,,,,,,,,,,0:00:00,FALSE,,0,,,,0:00:05,,,TRUE
25-Jun-22,10040,10640,Season 1 Episode 9,Mark Greene,M,15:51:19,16:43:42,10040_10640_4,Professional Communication,15:59:52,16:00:09,0:00:17,0:00:17,17,Doctor(s),Talking,0,Hospital,10040_10640_5,,0,,,,,,,,,,,,,,,,,0:00:00,FALSE,,0,,,,0:00:17,,,TRUE
25-Jun-22,10040,10640,Season 1 Episode 9,Mark Greene,M,15:51:19,16:43:42,10040_10640_5,Off-Screen,16:00:09,16:00:19,0:00:10,0:00:10,10,0,0,0,Off-Screen,10040_10640_6,,0,,,,,,,,,,,,,,,,,0:00:00,FALSE,,0,,,,0:00:10,,,TRUE
25-Jun-22,10040,10640,Season 1 Episode 9,Mark Greene,M,15:51:19,16:43:42,10040_10640_6,Professional Communication,16:00:19,16:00:27,0:00:08,0:00:08,8,Doctor(s),Talking,0,Hospital,10040_10640_7,,0,,,,,,,,,,,,,,,,,0:00:00,FALSE,,0,,,,0:00:08,,,TRUE
25-Jun-22,10040,10640,Season 1 Episode 9,Mark Greene,M,15:51:19,16:43:42,10040_10640_7,Off-Screen,16:00:27,16:00:30,0:00:03,0:00:03,3,0,0,0,Off-Screen,10040_10640_8,,0,,,,,,,,,,,,,,,,,0:00:00,FALSE,,0,,,,0:00:03,,,TRUE
25-Jun-22,10040,10640,Season 1 Episode 9,Mark Greene,M,15:51:19,16:43:42,10040_10640_8,Professional Communication,16:00:30,16:00:42,0:00:12,0:00:12,12,Nurse,Talking,0,Hospital,10040_10640_9,,0,,,,,,,,,,,,,,,,,0:00:00,FALSE,,0,,,,0:00:12,,,TRUE
25-Jun-22,10040,10640,Season 1 Episode 9,Mark Greene,M,15:51:19,16:43:42,10040_10640_9,In-transit,16:00:42,16:00:44,0:00:02,0:00:02,2,0,0,0,Hospital,10040_10640_10,,0,,,,,,,,,,,,,,,,,0:00:00,FALSE,,0,,,,0:00:02,,,TRUE
25-Jun-22,10040,10640,Season 1 Episode 9,Mark Greene,M,15:51:19,16:43:42,10040_10640_10,Off-Screen,16:00:44,16:03:48,0:03:04,0:03:04,184,0,0,0,Off-Screen,10040_10640_11,,0,,,,,,,,,,,,,,,,,0:00:00,FALSE,,0,,,,0:03:04,,,TRUE
25-Jun-22,10040,10640,Season 1 Episode 9,Mark Greene,M,15:51:19,16:43:42,10040_10640_11,In-transit,16:03:48,16:04:06,0:00:18,0:00:18,18,0,0,0,Hospital,10040_10640_13,10040_10640_12,1,2,10040_10640_12,16:03:52,16:04:05,,,,,,,,,,,,,0:00:13,FALSE,,0,,,,0:00:18,,,TRUE
25-Jun-22,10040,10640,Season 1 Episode 9,Mark Greene,M,15:51:19,16:43:42,10040_10640_12,Professional Communication,16:03:52,16:04:05,0:00:13,0:00:13,13,Nurse,Talking,0,Hospital,user,10040_10640_11,1,2,10040_10640_11,16:03:52,16:04:05,,,,,,,,,,,,,0:00:13,FALSE,,0,,,,0:00:13,,,TRUE
25-Jun-22,10040,10640,Season 1 Episode 9,Mark Greene,M,15:51:19,16:43:42,10040_10640_13,In-transit,16:04:06,16:04:29,0:00:23,0:00:23,23,0,0,0,Hospital,10040_10640_15,10040_10640_14,1,2,10040_10640_14,16:04:10,16:04:28,,,,,,,,,,,,,0:00:18,FALSE,,0,,,,0:00:23,,,TRUE
25-Jun-22,10040,10640,Season 1 Episode 9,Mark Greene,M,15:51:19,16:43:42,10040_10640_14,Professional Communication,16:04:10,16:04:28,0:00:18,0:00:18,18,Nurse,Talking,0,Hospital,user,10040_10640_13,1,2,10040_10640_13,16:04:10,16:04:28,,,,,,,,,,,,,0:00:18,FALSE,,0,,,,0:00:18,,,TRUE
25-Jun-22,10040,10640,Season 1 Episode 9,Mark Greene,M,15:51:19,16:43:42,10040_10640_15,Off-Screen,16:04:29,16:04:37,0:00:08,0:00:08,8,0,0,0,Off-Screen,10040_10640_16,,0,,,,,,,,,,,,,,,,,0:00:00,FALSE,,0,,,,0:00:08,,,TRUE
25-Jun-22,10040,10640,Season 1 Episode 9,Mark Greene,M,15:51:19,16:43:42,10040_10640_16,Direct Care,16:04:37,16:05:01,0:00:24,0:00:24,24,Patient,0,0,ICU,10040_10640_18,10040_10640_17,1,2,10040_10640_17,16:04:43,16:05:00,,,,,,,,,,,,,0:00:17,FALSE,,0,,,,0:00:24,,,TRUE
25-Jun-22,10040,10640,Season 1 Episode 9,Mark Greene,M,15:51:19,16:43:42,10040_10640_17,Direct Care,16:04:43,16:05:00,0:00:17,0:00:17,17,Nurse,Talking,0,ICU,user,10040_10640_16,1,2,10040_10640_16,16:04:43,16:05:00,,,,,,,,,,,,,0:00:17,FALSE,,0,,,,0:00:17,,,TRUE
25-Jun-22,10040,10640,Season 1 Episode 9,Mark Greene,M,15:51:19,16:43:42,10040_10640_18,Off-Screen,16:05:01,16:05:10,0:00:09,0:00:09,9,0,0,0,Off-Screen,10040_10640_19,,0,,,,,,,,,,,,,,,,,0:00:00,FALSE,,0,,,,0:00:09,,,TRUE
25-Jun-22,10040,10640,Season 1 Episode 9,Mark Greene,M,15:51:19,16:43:42,10040_10640_19,Direct Care,16:05:10,16:05:52,0:00:42,0:00:42,42,Patient,0,0,ICU,10040_10640_21,10040_10640_20,1,2,10040_10640_20,16:05:15,16:05:41,,,,,,,,,,,,,0:00:26,FALSE,,0,,,,0:00:42,,,TRUE
25-Jun-22,10040,10640,Season 1 Episode 9,Mark Greene,M,15:51:19,16:43:42,10040_10640_20,Direct Care,16:05:15,16:05:41,0:00:26,0:00:26,26,Nurse,Talking,0,ICU,user,10040_10640_19,1,2,10040_10640_19,16:05:15,16:05:41,,,,,,,,,,,,,0:00:26,FALSE,,0,,,,0:00:26,,,TRUE
25-Jun-22,10040,10640,Season 1 Episode 9,Mark Greene,M,15:51:19,16:43:42,10040_10640_21,Off-Screen,16:05:52,16:06:02,0:00:10,0:00:10,10,0,0,0,Off-Screen,10040_10640_22,,0,,,,,,,,,,,,,,,,,0:00:00,FALSE,,0,,,,0:00:10,,,TRUE
25-Jun-22,10040,10640,Season 1 Episode 9,Mark Greene,M,15:51:19,16:43:42,10040_10640_22,Direct Care,16:06:02,16:06:25,0:00:23,0:00:23,23,Patient,0,0,Hospital,10040_10640_23,,0,,,,,,,,,,,,,,,,,0:00:00,FALSE,,0,,,,0:00:23,,,TRUE
25-Jun-22,10040,10640,Season 1 Episode 9,Mark Greene,M,15:51:19,16:43:42,10040_10640_23,In-transit,16:06:25,16:06:30,0:00:05,0:00:05,5,0,0,0,Hospital,10040_10640_24,,0,,,,,,,,,,,,,,,,,0:00:00,FALSE,,0,,,,0:00:05,,,TRUE
25-Jun-22,10040,10640,Season 1 Episode 9,Mark Greene,M,15:51:19,16:43:42,10040_10640_24,Off-Screen,16:06:30,16:09:46,0:03:16,0:03:16,196,0,0,0,Off-Screen,10040_10640_25,,0,,,,,,,,,,,,,,,,,0:00:00,FALSE,,0,,,,0:03:16,,,TRUE
25-Jun-22,10040,10640,Season 1 Episode 9,Mark Greene,M,15:51:19,16:43:42,10040_10640_25,Social,16:09:46,16:10:15,0:00:29,0:00:29,29,Nurse,Talking,0,Hospital,10040_10640_26,,0,,,,,,,,,,,,,,,,,0:00:00,FALSE,,0,,,,0:00:29,,,TRUE
25-Jun-22,10040,10640,Season 1 Episode 9,Mark Greene,M,15:51:19,16:43:42,10040_10640_26,Social,16:10:15,16:10:23,0:00:08,0:00:08,8,Doctor(s),Talking,0,Hospital,10040_10640_27,,0,,,,,,,,,,,,,,,,,0:00:00,FALSE,,0,,,,0:00:08,,,TRUE
25-Jun-22,10040,10640,Season 1 Episode 9,Mark Greene,M,15:51:19,16:43:42,10040_10640_27,In-transit,16:10:23,16:10:27,0:00:04,0:00:04,4,0,0,0,Hospital,10040_10640_28,,0,,,,,,,,,,,,,,,,,0:00:00,FALSE,,0,,,,0:00:04,,,TRUE
25-Jun-22,10040,10640,Season 1 Episode 9,Mark Greene,M,15:51:19,16:43:42,10040_10640_28,Off-Screen,16:10:27,16:14:00,0:03:33,0:03:33,213,0,0,0,Off-Screen,10040_10640_29,,0,,,,,,,,,,,,,,,,,0:00:00,FALSE,,0,,,,0:03:33,,,TRUE
25-Jun-22,10040,10640,Season 1 Episode 9,Mark Greene,M,15:51:19,16:43:42,10040_10640_29,In-transit,16:14:00,16:14:28,0:00:28,0:00:28,28,0,0,0,Community,user,10040_10640_30,1,2,10040_10640_30,16:14:11,16:14:28,,,,,,,,,,,,,0:00:17,FALSE,,0,,,,0:00:28,,,TRUE
25-Jun-22,10040,10640,Season 1 Episode 9,Mark Greene,M,15:51:19,16:43:42,10040_10640_30,Social,16:14:11,16:14:34,0:00:23,0:00:23,23,Doctor(s),Talking,0,Community,10040_10640_31,10040_10640_29,1,2,10040_10640_29,16:14:11,16:14:28,,,,,,,,,,,,,0:00:17,FALSE,,0,,,,0:00:23,,,TRUE
25-Jun-22,10040,10640,Season 1 Episode 9,Mark Greene,M,15:51:19,16:43:42,10040_10640_31,Off-Screen,16:14:34,16:17:12,0:02:38,0:02:38,158,0,0,0,Off-Screen,10040_10640_32,,0,,,,,,,,,,,,,,,,,0:00:00,FALSE,,0,,,,0:02:38,,,TRUE
25-Jun-22,10040,10640,Season 1 Episode 9,Mark Greene,M,15:51:19,16:43:42,10040_10640_32,Direct Care,16:17:12,16:17:24,0:00:12,0:00:12,12,Patient,Talking,0,Hospital,10040_10640_34,10040_10640_33,1,2,10040_10640_33,16:17:18,16:17:23,,,,,,,,,,,,,0:00:05,FALSE,,0,,,,0:00:12,,,TRUE
25-Jun-22,10040,10640,Season 1 Episode 9,Mark Greene,M,15:51:19,16:43:42,10040_10640_33,Direct Care,16:17:18,16:17:23,0:00:05,0:00:05,5,Doctor(s),Talking,0,Hospital,user,10040_10640_32,1,2,10040_10640_32,16:17:18,16:17:23,,,,,,,,,,,,,0:00:05,FALSE,,0,,,,0:00:05,,,TRUE
25-Jun-22,10040,10640,Season 1 Episode 9,Mark Greene,M,15:51:19,16:43:42,10040_10640_34,Off-Screen,16:17:24,16:22:51,0:05:27,0:05:27,327,0,0,0,Off-Screen,10040_10640_35,,0,,,,,,,,,,,,,,,,,0:00:00,FALSE,,0,,,,0:05:27,,,TRUE
25-Jun-22,10040,10640,Season 1 Episode 9,Mark Greene,M,15:51:19,16:43:42,10040_10640_35,In-transit,16:22:51,16:23:24,0:00:33,0:00:33,33,0,0,0,Hospital,user,10040_10640_36,1,2,10040_10640_36,16:22:53,16:23:24,,,,,,,,,,,,,0:00:31,FALSE,,0,,,,0:00:33,,,TRUE
25-Jun-22,10040,10640,Season 1 Episode 9,Mark Greene,M,15:51:19,16:43:42,10040_10640_36,Social,16:22:53,16:23:34,0:00:41,0:00:41,41,Doctor(s),Talking,0,Hospital,10040_10640_37,10040_10640_35,1,2,10040_10640_35,16:22:53,16:23:24,,,,,,,,,,,,,0:00:31,FALSE,,0,,,,0:00:41,,,TRUE
25-Jun-22,10040,10640,Season 1 Episode 9,Mark Greene,M,15:51:19,16:43:42,10040_10640_37,Professional Communication,16:23:34,16:23:39,0:00:05,0:00:05,5,Nurse,Talking,0,Hospital,10040_10640_38,,0,,,,,,,,,,,,,,,,,0:00:00,FALSE,,0,,,,0:00:05,,,TRUE
25-Jun-22,10040,10640,Season 1 Episode 9,Mark Greene,M,15:51:19,16:43:42,10040_10640_38,Direct Care,16:23:39,16:24:13,0:00:34,0:00:34,34,Patient,Talking,0,Hospital,10040_10640_41,"10040_10640_39,10040_10640_40",2,2,10040_10640_39,16:23:43,16:23:57,2,10040_10640_40,16:23:58,16:24:06,,,,,,,,,0:00:22,FALSE,,0,,,,0:00:34,,,TRUE
25-Jun-22,10040,10640,Season 1 Episode 9,Mark Greene,M,15:51:19,16:43:42,10040_10640_39,In-transit,16:23:43,16:23:57,0:00:14,0:00:14,14,0,0,0,Hospital,user,10040_10640_38,1,2,10040_10640_38,16:23:43,16:23:57,,,,,,,,,,,,,0:00:14,FALSE,,0,,,,0:00:14,,,TRUE
25-Jun-22,10040,10640,Season 1 Episode 9,Mark Greene,M,15:51:19,16:43:42,10040_10640_40,Direct Care,16:23:58,16:24:06,0:00:08,0:00:08,8,Nurse,Talking,0,Hospital,user,10040_10640_38,1,2,10040_10640_38,16:23:58,16:24:06,,,,,,,,,,,,,0:00:08,FALSE,,0,,,,0:00:08,,,TRUE
25-Jun-22,10040,10640,Season 1 Episode 9,Mark Greene,M,15:51:19,16:43:42,10040_10640_41,Off-Screen,16:24:13,16:24:56,0:00:43,0:00:43,43,0,0,0,Off-Screen,10040_10640_42,,0,,,,,,,,,,,,,,,,,0:00:00,FALSE,,0,,,,0:00:43,,,TRUE
25-Jun-22,10040,10640,Season 1 Episode 9,Mark Greene,M,15:51:19,16:43:42,10040_10640_42,Professional Communication,16:24:56,16:25:09,0:00:13,0:00:13,13,Doctor(s),Talking,0,Hospital,10040_10640_43,,0,,,,,,,,,,,,,,,,,0:00:00,FALSE,,0,,,,0:00:13,,,TRUE
25-Jun-22,10040,10640,Season 1 Episode 9,Mark Greene,M,15:51:19,16:43:42,10040_10640_43,Direct Care,16:25:09,16:25:32,0:00:23,0:00:23,23,Doctor(s),Talking,0,Hospital,10040_10640_44,,0,,,,,,,,,,,,,,,,,0:00:00,FALSE,,0,,,,0:00:23,,,TRUE
25-Jun-22,10040,10640,Season 1 Episode 9,Mark Greene,M,15:51:19,16:43:42,10040_10640_44,Indirect Care,16:25:32,16:25:49,0:00:17,0:00:17,17,Relative (Patient),Talking,0,Hospital,10040_10640_45,,0,,,,,,,,,,,,,,,,,0:00:00,FALSE,,0,,,,0:00:17,,,TRUE
25-Jun-22,10040,10640,Season 1 Episode 9,Mark Greene,M,15:51:19,16:43:42,10040_10640_45,Off-Screen,16:25:49,16:28:59,0:03:10,0:03:10,190,0,0,0,Off-Screen,10040_10640_46,,0,,,,,,,,,,,,,,,,,0:00:00,FALSE,,0,,,,0:03:10,,,TRUE
25-Jun-22,10040,10640,Season 1 Episode 9,Mark Greene,M,15:51:19,16:43:42,10040_10640_46,Education,16:28:59,16:30:22,0:01:23,0:01:23,83,Doctor(s),Talking,0,Hospital,user,10040_10640_47,1,2,10040_10640_47,16:29:07,16:30:22,,,,,,,,,,,,,0:01:15,FALSE,,0,,,,0:01:23,,,TRUE
25-Jun-22,10040,10640,Season 1 Episode 9,Mark Greene,M,15:51:19,16:43:42,10040_10640_47,Direct Care,16:29:07,16:30:39,0:01:32,0:01:32,92,Patient,0,0,Hospital,10040_10640_49,"10040_10640_46,10040_10640_48",2,2,10040_10640_46,16:29:07,16:30:22,2,10040_10640_48,16:30:23,16:30:38,,,,,,,,,0:01:30,FALSE,,0,,,,0:01:32,,,TRUE
25-Jun-22,10040,10640,Season 1 Episode 9,Mark Greene,M,15:51:19,16:43:42,10040_10640_48,Professional Communication,16:30:23,16:30:38,0:00:15,0:00:15,15,Doctor(s),Talking,0,Hospital,user,10040_10640_47,1,2,10040_10640_47,16:30:23,16:30:38,,,,,,,,,,,,,0:00:15,FALSE,,0,,,,0:00:15,,,TRUE
25-Jun-22,10040,10640,Season 1 Episode 9,Mark Greene,M,15:51:19,16:43:42,10040_10640_49,Off-Screen,16:30:39,16:35:49,0:05:10,0:05:10,310,0,0,0,Off-Screen,10040_10640_50,,0,,,,,,,,,,,,,,,,,0:00:00,FALSE,,0,,,,0:05:10,,,TRUE
25-Jun-22,10040,10640,Season 1 Episode 9,Mark Greene,M,15:51:19,16:43:42,10040_10640_50,Nothing Happening,16:35:49,16:35:59,0:00:10,0:00:10,10,0,0,0,Nothing Happening,10040_10640_51,,0,,,,,,,,,,,,,,,,,0:00:00,FALSE,,0,,,,0:00:10,,,TRUE
25-Jun-22,10040,10640,Season 1 Episode 9,Mark Greene,M,15:51:19,16:43:42,10040_10640_51,Off-Screen,16:35:59,16:43:42,0:07:43,0:07:43,463,0,0,0,Off-Screen,user,,0,,,,,,,,,,,,,,,,,0:00:00,FALSE,,0,,,,0:07:43,,,TRUE
7-Jul-22,10040,10708,Season 1 Episode 23 ,Mark Greene,M,11:56:34,12:49:59,10040_10708_1,Off-Screen,11:56:34,11:57:52,0:01:18,0:01:18,78,0,0,0,Off-Screen,10040_10708_2,,0,,,,,,,,,,,,,,,,,0:00:00,FALSE,,0,,,,0:01:18,,,TRUE
7-Jul-22,10040,10708,Season 1 Episode 23 ,Mark Greene,M,11:56:34,12:49:59,10040_10708_2,Nothing Happening,11:57:52,11:58:22,0:00:30,0:00:30,30,0,0,0,Nothing Happening,10040_10708_3,,0,,,,,,,,,,,,,,,,,0:00:00,FALSE,,0,,,,0:00:30,,,TRUE
7-Jul-22,10040,10708,Season 1 Episode 23 ,Mark Greene,M,11:56:34,12:49:59,10040_10708_3,Social,11:58:22,11:59:23,0:01:01,0:01:01,61,Other,Talking,0,Community,10040_10708_4,,0,,,,,,,,,,,,,,,,,0:00:00,FALSE,,0,,,,0:01:01,,,TRUE
7-Jul-22,10040,10708,Season 1 Episode 23 ,Mark Greene,M,11:56:34,12:49:59,10040_10708_4,Nothing Happening,11:59:23,11:59:31,0:00:08,0:00:08,8,0,0,0,Nothing Happening,10040_10708_5,,0,,,,,,,,,,,,,,,,,0:00:00,FALSE,,0,,,,0:00:08,,,TRUE
7-Jul-22,10040,10708,Season 1 Episode 23 ,Mark Greene,M,11:56:34,12:49:59,10040_10708_5,Off-Screen,11:59:31,12:04:33,0:05:02,0:05:02,302,0,0,0,Off-Screen,10040_10708_6,,0,,,,,,,,,,,,,,,,,0:00:00,FALSE,,0,,,,0:05:02,,,TRUE
7-Jul-22,10040,10708,Season 1 Episode 23 ,Mark Greene,M,11:56:34,12:49:59,10040_10708_6,Social,12:04:33,12:05:02,0:00:29,0:00:29,29,Doctor(s),Talking,0,Hospital,10040_10708_8,10040_10708_7,1,2,10040_10708_7,12:04:50,12:05:01,,,,,,,,,,,,,0:00:11,FALSE,,0,,,,0:00:29,,,TRUE
7-Jul-22,10040,10708,Season 1 Episode 23 ,Mark Greene,M,11:56:34,12:49:59,10040_10708_7,In-transit,12:04:50,12:05:01,0:00:11,0:00:11,11,0,0,0,Hospital,user,10040_10708_6,1,2,10040_10708_6,12:04:50,12:05:01,,,,,,,,,,,,,0:00:11,FALSE,,0,,,,0:00:11,,,TRUE
7-Jul-22,10040,10708,Season 1 Episode 23 ,Mark Greene,M,11:56:34,12:49:59,10040_10708_8,Professional Communication,12:05:02,12:05:13,0:00:11,0:00:11,11,Doctor(s),Talking,0,Hospital,10040_10708_9,,0,,,,,,,,,,,,,,,,,0:00:00,FALSE,,0,,,,0:00:11,,,TRUE
7-Jul-22,10040,10708,Season 1 Episode 23 ,Mark Greene,M,11:56:34,12:49:59,10040_10708_9,Off-Screen,12:05:13,12:08:33,0:03:20,0:03:20,200,0,0,0,Off-Screen,10040_10708_10,,0,,,,,,,,,,,,,,,,,0:00:00,FALSE,,0,,,,0:03:20,,,TRUE
7-Jul-22,10040,10708,Season 1 Episode 23 ,Mark Greene,M,11:56:34,12:49:59,10040_10708_10,Direct Care,12:08:33,12:09:03,0:00:30,0:00:30,30,Nurse,Talking,0,ICU,10040_10708_13,"10040_10708_11,10040_10708_12",2,2,10040_10708_11,12:08:38,12:08:43,3,"10040_10708_11,10040_10708_12",12:08:43,12:09:03,,,,,,,,,0:00:25,FALSE,,0,,,,0:00:30,,,TRUE
7-Jul-22,10040,10708,Season 1 Episode 23 ,Mark Greene,M,11:56:34,12:49:59,10040_10708_11,Direct Care,12:08:38,12:09:03,0:00:25,0:00:25,25,Patient,0,0,ICU,10040_10708_13,"10040_10708_10,10040_10708_12",2,2,10040_10708_10,12:08:38,12:08:43,3,"10040_10708_10,10040_10708_12",12:08:43,12:09:03,,,,,,,,,0:00:25,FALSE,,0,,,,0:00:25,,,TRUE
7-Jul-22,10040,10708,Season 1 Episode 23 ,Mark Greene,M,11:56:34,12:49:59,10040_10708_12,Direct Care,12:08:43,12:09:03,0:00:20,0:00:20,20,Doctor(s),Talking,0,ICU,user,"10040_10708_11,10040_10708_10",1,3,"10040_10708_11,10040_10708_10",12:08:43,12:09:03,,,,,,,,,,,,,0:00:20,FALSE,,0,,,,0:00:20,,,TRUE
7-Jul-22,10040,10708,Season 1 Episode 23 ,Mark Greene,M,11:56:34,12:49:59,10040_10708_13,Off-Screen,12:09:03,12:10:01,0:00:58,0:00:58,58,0,0,0,Off-Screen,10040_10708_14,,0,,,,,,,,,,,,,,,,,0:00:00,FALSE,,0,,,,0:00:58,,,TRUE
7-Jul-22,10040,10708,Season 1 Episode 23 ,Mark Greene,M,11:56:34,12:49:59,10040_10708_14,Direct Care,12:10:01,12:10:54,0:00:53,0:00:53,53,Patient,0,0,ICU,10040_10708_17,"10040_10708_15,10040_10708_16",2,2,10040_10708_15,12:10:04,12:10:12,3,"10040_10708_15,10040_10708_16",12:10:12,12:10:54,,,,,,,,,0:00:50,FALSE,,0,,,,0:00:53,,,TRUE
7-Jul-22,10040,10708,Season 1 Episode 23 ,Mark Greene,M,11:56:34,12:49:59,10040_10708_15,Direct Care,12:10:04,12:10:54,0:00:50,0:00:50,50,Doctor(s),Talking,0,ICU,10040_10708_17,"10040_10708_14,10040_10708_16",2,2,10040_10708_14,12:10:04,12:10:12,3,"10040_10708_14,10040_10708_16",12:10:12,12:10:54,,,,,,,,,0:00:50,FALSE,,0,,,,0:00:50,,,TRUE
7-Jul-22,10040,10708,Season 1 Episode 23 ,Mark Greene,M,11:56:34,12:49:59,10040_10708_16,Direct Care,12:10:12,12:10:54,0:00:42,0:00:42,42,Nurse,Talking,0,ICU,user,"10040_10708_15,10040_10708_14",1,3,"10040_10708_15,10040_10708_14",12:10:12,12:10:54,,,,,,,,,,,,,0:00:42,FALSE,,0,,,,0:00:42,,,TRUE
7-Jul-22,10040,10708,Season 1 Episode 23 ,Mark Greene,M,11:56:34,12:49:59,10040_10708_17,Off-Screen,12:10:54,12:13:28,0:02:34,0:02:34,154,0,0,0,Off-Screen,10040_10708_18,,0,,,,,,,,,,,,,,,,,0:00:00,FALSE,,0,,,,0:02:34,,,TRUE
7-Jul-22,10040,10708,Season 1 Episode 23 ,Mark Greene,M,11:56:34,12:49:59,10040_10708_18,Professional Communication,12:13:28,12:13:52,0:00:24,0:00:24,24,Doctor(s),Talking,0,Hospital,10040_10708_19,,0,,,,,,,,,,,,,,,,,0:00:00,FALSE,,0,,,,0:00:24,,,TRUE
7-Jul-22,10040,10708,Season 1 Episode 23 ,Mark Greene,M,11:56:34,12:49:59,10040_10708_19,Nothing Happening,12:13:52,12:13:54,0:00:02,0:00:02,2,0,0,0,Nothing Happening,10040_10708_20,,0,,,,,,,,,,,,,,,,,0:00:00,FALSE,,0,,,,0:00:02,,,TRUE
7-Jul-22,10040,10708,Season 1 Episode 23 ,Mark Greene,M,11:56:34,12:49:59,10040_10708_20,Off-Screen,12:13:54,12:21:15,0:07:21,0:07:21,441,0,0,0,Off-Screen,10040_10708_21,,0,,,,,,,,,,,,,,,,,0:00:00,FALSE,,0,,,,0:07:21,,,TRUE
7-Jul-22,10040,10708,Season 1 Episode 23 ,Mark Greene,M,11:56:34,12:49:59,10040_10708_21,Indirect Care,12:21:15,12:21:50,0:00:35,0:00:35,35,Patient,0,0,Hospital,user,10040_10708_22,1,2,10040_10708_22,12:21:25,12:21:50,,,,,,,,,,,,,0:00:25,FALSE,,0,,,,0:00:35,,,TRUE
7-Jul-22,10040,10708,Season 1 Episode 23 ,Mark Greene,M,11:56:34,12:49:59,10040_10708_22,Professional Communication,12:21:25,12:22:16,0:00:51,0:00:51,51,Doctor(s),Talking,0,Hospital,10040_10708_24,"10040_10708_21,10040_10708_23",2,2,10040_10708_21,12:21:25,12:21:50,2,10040_10708_23,12:21:53,12:21:56,,,,,,,,,0:00:28,FALSE,,0,,,,0:00:51,,,TRUE
7-Jul-22,10040,10708,Season 1 Episode 23 ,Mark Greene,M,11:56:34,12:49:59,10040_10708_23,In-transit,12:21:53,12:21:56,0:00:03,0:00:03,3,0,0,0,Hospital,user,10040_10708_22,1,2,10040_10708_22,12:21:53,12:21:56,,,,,,,,,,,,,0:00:03,FALSE,,0,,,,0:00:03,,,TRUE
7-Jul-22,10040,10708,Season 1 Episode 23 ,Mark Greene,M,11:56:34,12:49:59,10040_10708_24,Nothing Happening,12:22:16,12:22:19,0:00:03,0:00:03,3,0,0,0,Nothing Happening,10040_10708_25,,0,,,,,,,,,,,,,,,,,0:00:00,FALSE,,0,,,,0:00:03,,,TRUE
7-Jul-22,10040,10708,Season 1 Episode 23 ,Mark Greene,M,11:56:34,12:49:59,10040_10708_25,Off-Screen,12:22:19,12:26:05,0:03:46,0:03:46,226,0,0,0,Off-Screen,10040_10708_26,,0,,,,,,,,,,,,,,,,,0:00:00,FALSE,,0,,,,0:03:46,,,TRUE
7-Jul-22,10040,10708,Season 1 Episode 23 ,Mark Greene,M,11:56:34,12:49:59,10040_10708_26,In-transit,12:26:05,12:26:10,0:00:05,0:00:05,5,0,0,0,Hospital,10040_10708_27,,0,,,,,,,,,,,,,,,,,0:00:00,FALSE,,0,,,,0:00:05,,,TRUE
7-Jul-22,10040,10708,Season 1 Episode 23 ,Mark Greene,M,11:56:34,12:49:59,10040_10708_27,Nothing Happening,12:26:10,12:26:15,0:00:05,0:00:05,5,0,0,0,Nothing Happening,10040_10708_28,,0,,,,,,,,,,,,,,,,,0:00:00,FALSE,,0,,,,0:00:05,,,TRUE
7-Jul-22,10040,10708,Season 1 Episode 23 ,Mark Greene,M,11:56:34,12:49:59,10040_10708_28,Social,12:26:15,12:26:25,0:00:10,0:00:10,10,Doctor(s),Talking,0,Hospital,10040_10708_29,,0,,,,,,,,,,,,,,,,,0:00:00,FALSE,,0,,,,0:00:10,,,TRUE
7-Jul-22,10040,10708,Season 1 Episode 23 ,Mark Greene,M,11:56:34,12:49:59,10040_10708_29,Professional Communication,12:26:25,12:26:40,0:00:15,0:00:15,15,Doctor(s),Talking,0,Hospital,10040_10708_31,10040_10708_30,1,2,10040_10708_30,12:26:28,12:26:38,,,,,,,,,,,,,0:00:10,FALSE,,0,,,,0:00:15,,,TRUE
7-Jul-22,10040,10708,Season 1 Episode 23 ,Mark Greene,M,11:56:34,12:49:59,10040_10708_30,In-transit,12:26:28,12:26:38,0:00:10,0:00:10,10,0,0,0,Hospital,user,10040_10708_29,1,2,10040_10708_29,12:26:28,12:26:38,,,,,,,,,,,,,0:00:10,FALSE,,0,,,,0:00:10,,,TRUE
7-Jul-22,10040,10708,Season 1 Episode 23 ,Mark Greene,M,11:56:34,12:49:59,10040_10708_31,Professional Communication,12:26:40,12:26:53,0:00:13,0:00:13,13,0,Landline,0,Hospital,10040_10708_32,,0,,,,,,,,,,,,,,,,,0:00:00,FALSE,,0,,,,0:00:13,,,TRUE
7-Jul-22,10040,10708,Season 1 Episode 23 ,Mark Greene,M,11:56:34,12:49:59,10040_10708_32,Professional Communication,12:26:53,12:27:11,0:00:18,0:00:18,18,Doctor(s),Talking,0,Hospital,10040_10708_33,,0,,,,,,,,,,,,,,,,,0:00:00,FALSE,,0,,,,0:00:18,,,TRUE
7-Jul-22,10040,10708,Season 1 Episode 23 ,Mark Greene,M,11:56:34,12:49:59,10040_10708_33,Off-Screen,12:27:11,12:28:49,0:01:38,0:01:38,98,0,0,0,Off-Screen,10040_10708_34,,0,,,,,,,,,,,,,,,,,0:00:00,FALSE,,0,,,,0:01:38,,,TRUE
7-Jul-22,10040,10708,Season 1 Episode 23 ,Mark Greene,M,11:56:34,12:49:59,10040_10708_34,Direct Care,12:28:49,12:29:08,0:00:19,0:00:19,19,Relative (Patient),Talking,0,Hospital,10040_10708_37,"10040_10708_35,10040_10708_36",2,2,10040_10708_35,12:28:55,12:28:59,3,"10040_10708_35,10040_10708_36",12:28:59,12:29:07,,,,,,,,,0:00:12,FALSE,,0,,,,0:00:19,,,TRUE
7-Jul-22,10040,10708,Season 1 Episode 23 ,Mark Greene,M,11:56:34,12:49:59,10040_10708_35,In-transit,12:28:55,12:29:07,0:00:12,0:00:12,12,0,0,0,Hospital,user,"10040_10708_34,10040_10708_36",2,2,10040_10708_34,12:28:55,12:28:59,3,"10040_10708_34,10040_10708_36",12:28:59,12:29:07,,,,,,,,,0:00:12,FALSE,,0,,,,0:00:12,,,TRUE
7-Jul-22,10040,10708,Season 1 Episode 23 ,Mark Greene,M,11:56:34,12:49:59,10040_10708_36,Direct Care,12:28:59,12:29:06,0:00:07,0:00:07,7,Nurse,Talking,0,Hospital,user,"10040_10708_35,10040_10708_34",1,3,"10040_10708_35,10040_10708_34",12:28:59,12:29:06,,,,,,,,,,,,,0:00:07,FALSE,,0,,,,0:00:07,,,TRUE
7-Jul-22,10040,10708,Season 1 Episode 23 ,Mark Greene,M,11:56:34,12:49:59,10040_10708_37,Off-Screen,12:29:08,12:29:49,0:00:41,0:00:41,41,0,0,0,Off-Screen,10040_10708_38,,0,,,,,,,,,,,,,,,,,0:00:00,FALSE,,0,,,,0:00:41,,,TRUE
7-Jul-22,10040,10708,Season 1 Episode 23 ,Mark Greene,M,11:56:34,12:49:59,10040_10708_38,Direct Care,12:29:49,12:30:16,0:00:27,0:00:27,27,Nurse,Talking,0,ICU,user,"10040_10708_39,10040_10708_40",2,2,10040_10708_39,12:29:53,12:30:04,3,"10040_10708_39,10040_10708_40",12:30:04,12:30:16,,,,,,,,,0:00:23,FALSE,,0,,,,0:00:27,,,TRUE
7-Jul-22,10040,10708,Season 1 Episode 23 ,Mark Greene,M,11:56:34,12:49:59,10040_10708_39,Direct Care,12:29:53,12:30:29,0:00:36,0:00:36,36,Patient,0,0,ICU,10040_10708_41,"10040_10708_38,10040_10708_40",2,2,10040_10708_38,12:29:53,12:30:04,3,"10040_10708_38,10040_10708_40",12:30:04,12:30:28,,,,,,,,,0:00:35,FALSE,,0,,,,0:00:36,,,TRUE
7-Jul-22,10040,10708,Season 1 Episode 23 ,Mark Greene,M,11:56:34,12:49:59,10040_10708_40,Direct Care,12:30:04,12:30:28,0:00:24,0:00:24,24,Doctor(s),Talking,0,ICU,user,"10040_10708_39,10040_10708_38",1,3,"10040_10708_39,10040_10708_38",12:30:04,12:30:28,,,,,,,,,,,,,0:00:24,FALSE,,0,,,,0:00:24,,,TRUE
7-Jul-22,10040,10708,Season 1 Episode 23 ,Mark Greene,M,11:56:34,12:49:59,10040_10708_41,Off-Screen,12:30:29,12:32:01,0:01:32,0:01:32,92,0,0,0,Off-Screen,10040_10708_42,,0,,,,,,,,,,,,,,,,,0:00:00,FALSE,,0,,,,0:01:32,,,TRUE
7-Jul-22,10040,10708,Season 1 Episode 23 ,Mark Greene,M,11:56:34,12:49:59,10040_10708_42,Direct Care,12:32:01,12:33:12,0:01:11,0:01:11,71,Nurse,Talking,0,ICU,10040_10708_45,"10040_10708_43,10040_10708_44",2,2,10040_10708_43,12:32:05,12:32:09,3,"10040_10708_43,10040_10708_44",12:32:09,12:33:08,,,,,,,,,0:01:03,FALSE,,0,,,,0:01:11,,,TRUE
7-Jul-22,10040,10708,Season 1 Episode 23 ,Mark Greene,M,11:56:34,12:49:59,10040_10708_43,Direct Care,12:32:05,12:33:08,0:01:03,0:01:03,63,Doctor(s),Talking,0,ICU,user,"10040_10708_42,10040_10708_44",2,2,10040_10708_42,12:32:05,12:32:09,3,"10040_10708_42,10040_10708_44",12:32:09,12:33:08,,,,,,,,,0:01:03,FALSE,,0,,,,0:01:03,,,TRUE
7-Jul-22,10040,10708,Season 1 Episode 23 ,Mark Greene,M,11:56:34,12:49:59,10040_10708_44,Direct Care,12:32:09,12:33:07,0:00:58,0:00:58,58,Patient,0,0,ICU,user,"10040_10708_43,10040_10708_42",1,3,"10040_10708_43,10040_10708_42",12:32:09,12:33:07,,,,,,,,,,,,,0:00:58,FALSE,,0,,,,0:00:58,,,TRUE
7-Jul-22,10040,10708,Season 1 Episode 23 ,Mark Greene,M,11:56:34,12:49:59,10040_10708_45,Off-Screen,12:33:12,12:40:20,0:07:08,0:07:08,428,0,0,0,Off-Screen,10040_10708_46,,0,,,,,,,,,,,,,,,,,0:00:00,FALSE,,0,,,,0:07:08,,,TRUE
7-Jul-22,10040,10708,Season 1 Episode 23 ,Mark Greene,M,11:56:34,12:49:59,10040_10708_46,Social,12:40:20,12:40:55,0:00:35,0:00:35,35,Doctor(s),Talking,0,Hospital,10040_10708_48,10040_10708_47,1,2,10040_10708_47,12:40:25,12:40:35,,,,,,,,,,,,,0:00:10,FALSE,,0,,,,0:00:35,,,TRUE
7-Jul-22,10040,10708,Season 1 Episode 23 ,Mark Greene,M,11:56:34,12:49:59,10040_10708_47,In-transit,12:40:25,12:40:35,0:00:10,0:00:10,10,0,0,0,Hospital,user,10040_10708_46,1,2,10040_10708_46,12:40:25,12:40:35,,,,,,,,,,,,,0:00:10,FALSE,,0,,,,0:00:10,,,TRUE
7-Jul-22,10040,10708,Season 1 Episode 23 ,Mark Greene,M,11:56:34,12:49:59,10040_10708_48,Social,12:40:55,12:41:01,0:00:06,0:00:06,6,Other,Talking,0,Hospital,10040_10708_49,,0,,,,,,,,,,,,,,,,,0:00:00,FALSE,,0,,,,0:00:06,,,TRUE
7-Jul-22,10040,10708,Season 1 Episode 23 ,Mark Greene,M,11:56:34,12:49:59,10040_10708_49,Social,12:41:01,12:41:04,0:00:03,0:00:03,3,Doctor(s),Talking,0,Hospital,10040_10708_50,,0,,,,,,,,,,,,,,,,,0:00:00,FALSE,,0,,,,0:00:03,,,TRUE
7-Jul-22,10040,10708,Season 1 Episode 23 ,Mark Greene,M,11:56:34,12:49:59,10040_10708_50,Off-Screen,12:41:04,12:44:06,0:03:02,0:03:02,182,0,0,0,Off-Screen,10040_10708_51,,0,,,,,,,,,,,,,,,,,0:00:00,FALSE,,0,,,,0:03:02,,,TRUE
7-Jul-22,10040,10708,Season 1 Episode 23 ,Mark Greene,M,11:56:34,12:49:59,10040_10708_51,Professional Communication,12:44:06,12:44:10,0:00:04,0:00:04,4,Doctor(s),Talking,0,Hospital,10040_10708_52,,0,,,,,,,,,,,,,,,,,0:00:00,FALSE,,0,,,,0:00:04,,,TRUE
7-Jul-22,10040,10708,Season 1 Episode 23 ,Mark Greene,M,11:56:34,12:49:59,10040_10708_52,Off-Screen,12:44:10,12:47:54,0:03:44,0:03:44,224,0,0,0,Off-Screen,10040_10708_53,,0,,,,,,,,,,,,,,,,,0:00:00,FALSE,,0,,,,0:03:44,,,TRUE
7-Jul-22,10040,10708,Season 1 Episode 23 ,Mark Greene,M,11:56:34,12:49:59,10040_10708_53,Social,12:47:54,12:48:27,0:00:33,0:00:33,33,Other,Talking,0,Community,10040_10708_54,,0,,,,,,,,,,,,,,,,,0:00:00,FALSE,,0,,,,0:00:33,,,TRUE
7-Jul-22,10040,10708,Season 1 Episode 23 ,Mark Greene,M,11:56:34,12:49:59,10040_10708_54,Nothing Happening,12:48:27,12:48:41,0:00:14,0:00:14,14,0,0,0,Nothing Happening,10040_10708_55,,0,,,,,,,,,,,,,,,,,0:00:00,FALSE,,0,,,,0:00:14,,,TRUE
7-Jul-22,10040,10708,Season 1 Episode 23 ,Mark Greene,M,11:56:34,12:49:59,10040_10708_55,Social,12:48:41,12:49:52,0:01:11,0:01:11,71,Other,Talking,0,Community,10040_10708_56,,0,,,,,,,,,,,,,,,,,0:00:00,FALSE,,0,,,,0:01:11,,,TRUE
7-Jul-22,10040,10708,Season 1 Episode 23 ,Mark Greene,M,11:56:34,12:49:59,10040_10708_56,Nothing Happening,12:49:52,12:49:59,0:00:07,0:00:07,7,0,0,0,Nothing Happening,user,,0,,,,,,,,,,,,,,,,,0:00:00,FALSE,,0,,,,0:00:07,,,TRUE
8-Jul-22,10040,10709,Season 1 Episode 24,Mark Greene,M,11:01:12,11:49:18,10040_10709_1,Off-Screen,11:01:12,11:08:28,0:07:16,0:07:16,436,0,0,0,Off-Screen,10040_10709_2,,0,,,,,,,,,,,,,,,,,0:00:00,FALSE,,0,,,,0:07:16,,,TRUE
8-Jul-22,10040,10709,Season 1 Episode 24,Mark Greene,M,11:01:12,11:49:18,10040_10709_2,In-transit,11:08:28,11:09:06,0:00:38,0:00:38,38,0,0,0,Hospital,10040_10709_5,"10040_10709_3,10040_10709_4",2,2,10040_10709_3,11:08:31,11:08:52,3,"10040_10709_3,10040_10709_4",11:08:52,11:09:05,,,,,,,,,0:00:34,FALSE,,0,,,,0:00:38,,,TRUE
8-Jul-22,10040,10709,Season 1 Episode 24,Mark Greene,M,11:01:12,11:49:18,10040_10709_3,Professional Communication,11:08:31,11:09:05,0:00:34,0:00:34,34,Doctor(s),Talking,0,Hospital,user,"10040_10709_2,10040_10709_4",2,2,10040_10709_2,11:08:31,11:08:52,3,"10040_10709_2,10040_10709_4",11:08:52,11:09:05,,,,,,,,,0:00:34,FALSE,,0,,,,0:00:34,,,TRUE
8-Jul-22,10040,10709,Season 1 Episode 24,Mark Greene,M,11:01:12,11:49:18,10040_10709_4,Professional Communication,11:08:52,11:09:05,0:00:13,0:00:13,13,Other,Talking,0,Hospital,user,"10040_10709_3,10040_10709_2",1,3,"10040_10709_3,10040_10709_2",11:08:52,11:09:05,,,,,,,,,,,,,0:00:13,FALSE,,0,,,,0:00:13,,,TRUE
8-Jul-22,10040,10709,Season 1 Episode 24,Mark Greene,M,11:01:12,11:49:18,10040_10709_5,Off-Screen,11:09:06,11:10:02,0:00:56,0:00:56,56,0,0,0,Off-Screen,10040_10709_6,,0,,,,,,,,,,,,,,,,,0:00:00,FALSE,,0,,,,0:00:56,,,TRUE
8-Jul-22,10040,10709,Season 1 Episode 24,Mark Greene,M,11:01:12,11:49:18,10040_10709_6,Direct Care,11:10:02,11:10:10,0:00:08,0:00:08,8,Doctor(s),Talking,0,ICU,10040_10709_8,10040_10709_7,1,2,10040_10709_7,11:10:06,11:10:09,,,,,,,,,,,,,0:00:03,FALSE,,0,,,,0:00:08,,,TRUE
8-Jul-22,10040,10709,Season 1 Episode 24,Mark Greene,M,11:01:12,11:49:18,10040_10709_7,Direct Care,11:10:06,11:10:09,0:00:03,0:00:03,3,Patient,0,0,ICU,user,10040_10709_6,1,2,10040_10709_6,11:10:06,11:10:09,,,,,,,,,,,,,0:00:03,FALSE,,0,,,,0:00:03,,,TRUE
8-Jul-22,10040,10709,Season 1 Episode 24,Mark Greene,M,11:01:12,11:49:18,10040_10709_8,Off-Screen,11:10:10,11:10:16,0:00:06,0:00:06,6,0,0,0,Off-Screen,10040_10709_9,,0,,,,,,,,,,,,,,,,,0:00:00,FALSE,,0,,,,0:00:06,,,TRUE
8-Jul-22,10040,10709,Season 1 Episode 24,Mark Greene,M,11:01:12,11:49:18,10040_10709_9,Direct Care,11:10:16,11:10:26,0:00:10,0:00:10,10,Doctor(s),Talking,0,ICU,user,10040_10709_10,1,2,10040_10709_10,11:10:19,11:10:26,,,,,,,,,,,,,0:00:07,FALSE,,0,,,,0:00:10,,,TRUE
8-Jul-22,10040,10709,Season 1 Episode 24,Mark Greene,M,11:01:12,11:49:18,10040_10709_10,Direct Care,11:10:19,11:10:35,0:00:16,0:00:16,16,Patient,0,0,ICU,user,"10040_10709_9,10040_10709_11",2,2,10040_10709_9,11:10:19,11:10:26,2,10040_10709_11,11:10:28,11:10:35,,,,,,,,,0:00:14,FALSE,,0,,,,0:00:16,,,TRUE
8-Jul-22,10040,10709,Season 1 Episode 24,Mark Greene,M,11:01:12,11:49:18,10040_10709_11,In-transit,11:10:28,11:10:38,0:00:10,0:00:10,10,0,0,0,Hospital,10040_10709_12,10040_10709_10,1,2,10040_10709_10,11:10:28,11:10:35,,,,,,,,,,,,,0:00:07,FALSE,,0,,,,0:00:10,,,TRUE
8-Jul-22,10040,10709,Season 1 Episode 24,Mark Greene,M,11:01:12,11:49:18,10040_10709_12,Nothing Happening,11:10:38,11:10:43,0:00:05,0:00:05,5,0,0,0,Nothing Happening,10040_10709_13,,0,,,,,,,,,,,,,,,,,0:00:00,FALSE,,0,,,,0:00:05,,,TRUE
8-Jul-22,10040,10709,Season 1 Episode 24,Mark Greene,M,11:01:12,11:49:18,10040_10709_13,Professional Communication,11:10:43,11:10:51,0:00:08,0:00:08,8,Doctor(s),Talking,0,ICU,10040_10709_14,,0,,,,,,,,,,,,,,,,,0:00:00,FALSE,,0,,,,0:00:08,,,TRUE
8-Jul-22,10040,10709,Season 1 Episode 24,Mark Greene,M,11:01:12,11:49:18,10040_10709_14,Nothing Happening,11:10:51,11:10:55,0:00:04,0:00:04,4,0,0,0,Nothing Happening,10040_10709_15,,0,,,,,,,,,,,,,,,,,0:00:00,FALSE,,0,,,,0:00:04,,,TRUE
8-Jul-22,10040,10709,Season 1 Episode 24,Mark Greene,M,11:01:12,11:49:18,10040_10709_15,Professional Communication,11:10:55,11:10:58,0:00:03,0:00:03,3,Doctor(s),Talking,0,ICU,10040_10709_16,,0,,,,,,,,,,,,,,,,,0:00:00,FALSE,,0,,,,0:00:03,,,TRUE
8-Jul-22,10040,10709,Season 1 Episode 24,Mark Greene,M,11:01:12,11:49:18,10040_10709_16,Off-Screen,11:10:58,11:11:16,0:00:18,0:00:18,18,0,0,0,Off-Screen,10040_10709_17,,0,,,,,,,,,,,,,,,,,0:00:00,FALSE,,0,,,,0:00:18,,,TRUE
8-Jul-22,10040,10709,Season 1 Episode 24,Mark Greene,M,11:01:12,11:49:18,10040_10709_17,Professional Communication,11:11:16,11:11:26,0:00:10,0:00:10,10,Doctor(s),Talking,0,Hospital,10040_10709_18,,0,,,,,,,,,,,,,,,,,0:00:00,FALSE,,0,,,,0:00:10,,,TRUE
8-Jul-22,10040,10709,Season 1 Episode 24,Mark Greene,M,11:01:12,11:49:18,10040_10709_18,Off-Screen,11:11:26,11:11:49,0:00:23,0:00:23,23,0,0,0,Off-Screen,10040_10709_19,,0,,,,,,,,,,,,,,,,,0:00:00,FALSE,,0,,,,0:00:23,,,TRUE
8-Jul-22,10040,10709,Season 1 Episode 24,Mark Greene,M,11:01:12,11:49:18,10040_10709_19,Direct Care,11:11:49,11:12:30,0:00:41,0:00:41,41,Patient,Talking,0,Hospital,10040_10709_21,10040_10709_20,1,2,10040_10709_20,11:11:53,11:12:29,,,,,,,,,,,,,0:00:36,FALSE,,0,,,,0:00:41,,,TRUE
8-Jul-22,10040,10709,Season 1 Episode 24,Mark Greene,M,11:01:12,11:49:18,10040_10709_20,Direct Care,11:11:53,11:12:29,0:00:36,0:00:36,36,Relative (Patient),Talking,0,Hospital,user,10040_10709_19,1,2,10040_10709_19,11:11:53,11:12:29,,,,,,,,,,,,,0:00:36,FALSE,,0,,,,0:00:36,,,TRUE
8-Jul-22,10040,10709,Season 1 Episode 24,Mark Greene,M,11:01:12,11:49:18,10040_10709_21,Direct Care,11:12:30,11:12:37,0:00:07,0:00:07,7,Nurse,Talking,0,Hospital,10040_10709_22,,0,,,,,,,,,,,,,,,,,0:00:00,FALSE,,0,,,,0:00:07,,,TRUE
8-Jul-22,10040,10709,Season 1 Episode 24,Mark Greene,M,11:01:12,11:49:18,10040_10709_22,Off-Screen,11:12:37,11:18:47,0:06:10,0:06:10,370,0,0,0,Off-Screen,10040_10709_23,,0,,,,,,,,,,,,,,,,,0:00:00,FALSE,,0,,,,0:06:10,,,TRUE
8-Jul-22,10040,10709,Season 1 Episode 24,Mark Greene,M,11:01:12,11:49:18,10040_10709_23,Social,11:18:47,11:19:00,0:00:13,0:00:13,13,Nurse,Desktop,0,Hospital,10040_10709_24,,0,,,,,,,,,,,,,,,,,0:00:00,FALSE,,0,,,,0:00:13,,,TRUE
8-Jul-22,10040,10709,Season 1 Episode 24,Mark Greene,M,11:01:12,11:49:18,10040_10709_24,Social,11:19:00,11:19:15,0:00:15,0:00:15,15,Doctor(s),Talking,0,Hospital,10040_10709_25,,0,,,,,,,,,,,,,,,,,0:00:00,FALSE,,0,,,,0:00:15,,,TRUE
8-Jul-22,10040,10709,Season 1 Episode 24,Mark Greene,M,11:01:12,11:49:18,10040_10709_25,Social,11:19:15,11:19:35,0:00:20,0:00:20,20,Doctor(s),Talking,0,Hospital,10040_10709_26,,0,,,,,,,,,,,,,,,,,0:00:00,FALSE,,0,,,,0:00:20,,,TRUE
8-Jul-22,10040,10709,Season 1 Episode 24,Mark Greene,M,11:01:12,11:49:18,10040_10709_26,Professional Communication,11:19:35,11:20:05,0:00:30,0:00:30,30,Doctor(s),Talking,0,Hospital,10040_10709_27,,0,,,,,,,,,,,,,,,,,0:00:00,FALSE,,0,,,,0:00:30,,,TRUE
8-Jul-22,10040,10709,Season 1 Episode 24,Mark Greene,M,11:01:12,11:49:18,10040_10709_27,In-transit,11:20:05,11:20:07,0:00:02,0:00:02,2,0,0,0,Hospital,10040_10709_28,,0,,,,,,,,,,,,,,,,,0:00:00,FALSE,,0,,,,0:00:02,,,TRUE
8-Jul-22,10040,10709,Season 1 Episode 24,Mark Greene,M,11:01:12,11:49:18,10040_10709_28,Off-Screen,11:20:07,11:22:52,0:02:45,0:02:45,165,0,0,0,Off-Screen,10040_10709_29,,0,,,,,,,,,,,,,,,,,0:00:00,FALSE,,0,,,,0:02:45,,,TRUE
8-Jul-22,10040,10709,Season 1 Episode 24,Mark Greene,M,11:01:12,11:49:18,10040_10709_29,Direct Care,11:22:52,11:23:52,0:01:00,0:01:00,60,Relative (Patient),Talking,0,Hospital,10040_10709_32,"10040_10709_30,10040_10709_31",2,2,10040_10709_30,11:22:56,11:23:03,3,"10040_10709_30,10040_10709_31",11:23:03,11:23:25,,,,,,,,,0:00:29,FALSE,,0,,,,0:01:00,,,TRUE
8-Jul-22,10040,10709,Season 1 Episode 24,Mark Greene,M,11:01:12,11:49:18,10040_10709_30,Direct Care,11:22:56,11:23:25,0:00:29,0:00:29,29,Patient,Talking,0,Hospital,user,"10040_10709_29,10040_10709_31",2,2,10040_10709_29,11:22:56,11:23:03,3,"10040_10709_29,10040_10709_31",11:23:03,11:23:25,,,,,,,,,0:00:29,FALSE,,0,,,,0:00:29,,,TRUE
8-Jul-22,10040,10709,Season 1 Episode 24,Mark Greene,M,11:01:12,11:49:18,10040_10709_31,Direct Care,11:23:03,11:23:23,0:00:20,0:00:20,20,Nurse,Talking,0,Hospital,user,"10040_10709_30,10040_10709_29",1,3,"10040_10709_30,10040_10709_29",11:23:03,11:23:23,,,,,,,,,,,,,0:00:20,FALSE,,0,,,,0:00:20,,,TRUE
8-Jul-22,10040,10709,Season 1 Episode 24,Mark Greene,M,11:01:12,11:49:18,10040_10709_32,Off-Screen,11:23:52,11:32:50,0:08:58,0:08:58,538,0,0,0,Off-Screen,10040_10709_33,,0,,,,,,,,,,,,,,,,,0:00:00,FALSE,,0,,,,0:08:58,,,TRUE
8-Jul-22,10040,10709,Season 1 Episode 24,Mark Greene,M,11:01:12,11:49:18,10040_10709_33,Direct Care,11:32:50,11:33:07,0:00:17,0:00:17,17,Patient,0,0,Hospital,user,10040_10709_34,1,2,10040_10709_34,11:32:54,11:33:07,,,,,,,,,,,,,0:00:13,FALSE,,0,,,,0:00:17,,,TRUE
8-Jul-22,10040,10709,Season 1 Episode 24,Mark Greene,M,11:01:12,11:49:18,10040_10709_34,Direct Care,11:32:54,11:33:12,0:00:18,0:00:18,18,Relative (Patient),Talking,0,Hospital,10040_10709_35,10040_10709_33,1,2,10040_10709_33,11:32:54,11:33:07,,,,,,,,,,,,,0:00:13,FALSE,,0,,,,0:00:18,,,TRUE
8-Jul-22,10040,10709,Season 1 Episode 24,Mark Greene,M,11:01:12,11:49:18,10040_10709_35,Off-Screen,11:33:12,11:35:06,0:01:54,0:01:54,114,0,0,0,Off-Screen,10040_10709_36,,0,,,,,,,,,,,,,,,,,0:00:00,FALSE,,0,,,,0:01:54,,,TRUE
8-Jul-22,10040,10709,Season 1 Episode 24,Mark Greene,M,11:01:12,11:49:18,10040_10709_36,In-transit,11:35:06,11:35:24,0:00:18,0:00:18,18,0,0,0,Hospital,10040_10709_38,10040_10709_37,1,2,10040_10709_37,11:35:12,11:35:23,,,,,,,,,,,,,0:00:11,FALSE,,0,,,,0:00:18,,,TRUE
8-Jul-22,10040,10709,Season 1 Episode 24,Mark Greene,M,11:01:12,11:49:18,10040_10709_37,Direct Care,11:35:12,11:35:23,0:00:11,0:00:11,11,Other,Talking,0,Hospital,user,10040_10709_36,1,2,10040_10709_36,11:35:12,11:35:23,,,,,,,,,,,,,0:00:11,FALSE,,0,,,,0:00:11,,,TRUE
8-Jul-22,10040,10709,Season 1 Episode 24,Mark Greene,M,11:01:12,11:49:18,10040_10709_38,Direct Care,11:35:24,11:36:00,0:00:36,0:00:36,36,Doctor(s),Talking,0,Hospital,10040_10709_41,"10040_10709_39,10040_10709_40",2,2,10040_10709_39,11:35:27,11:35:31,3,"10040_10709_39,10040_10709_40",11:35:31,11:35:59,,,,,,,,,0:00:32,FALSE,,0,,,,0:00:36,,,TRUE
8-Jul-22,10040,10709,Season 1 Episode 24,Mark Greene,M,11:01:12,11:49:18,10040_10709_39,Direct Care,11:35:27,11:35:59,0:00:32,0:00:32,32,Patient,0,0,Hospital,user,"10040_10709_38,10040_10709_40",2,2,10040_10709_38,11:35:27,11:35:31,3,"10040_10709_38,10040_10709_40",11:35:31,11:35:59,,,,,,,,,0:00:32,FALSE,,0,,,,0:00:32,,,TRUE
8-Jul-22,10040,10709,Season 1 Episode 24,Mark Greene,M,11:01:12,11:49:18,10040_10709_40,Direct Care,11:35:31,11:35:59,0:00:28,0:00:28,28,Nurse,Talking,0,Hospital,user,"10040_10709_39,10040_10709_38",1,3,"10040_10709_39,10040_10709_38",11:35:31,11:35:59,,,,,,,,,,,,,0:00:28,FALSE,,0,,,,0:00:28,,,TRUE
8-Jul-22,10040,10709,Season 1 Episode 24,Mark Greene,M,11:01:12,11:49:18,10040_10709_41,Off-Screen,11:36:00,11:36:32,0:00:32,0:00:32,32,0,0,0,Off-Screen,10040_10709_42,,0,,,,,,,,,,,,,,,,,0:00:00,FALSE,,0,,,,0:00:32,,,TRUE
8-Jul-22,10040,10709,Season 1 Episode 24,Mark Greene,M,11:01:12,11:49:18,10040_10709_42,Direct Care,11:36:32,11:37:29,0:00:57,0:00:57,57,Doctor(s),Talking,0,ICU,10040_10709_45,"10040_10709_43,10040_10709_44",2,2,10040_10709_43,11:36:39,11:36:44,3,"10040_10709_43,10040_10709_44",11:36:44,11:37:28,,,,,,,,,0:00:49,FALSE,,0,,,,0:00:57,,,TRUE
8-Jul-22,10040,10709,Season 1 Episode 24,Mark Greene,M,11:01:12,11:49:18,10040_10709_43,Direct Care,11:36:39,11:37:28,0:00:49,0:00:49,49,Patient,0,0,ICU,user,"10040_10709_42,10040_10709_44",2,2,10040_10709_42,11:36:39,11:36:44,3,"10040_10709_42,10040_10709_44",11:36:44,11:37:28,,,,,,,,,0:00:49,FALSE,,0,,,,0:00:49,,,TRUE
8-Jul-22,10040,10709,Season 1 Episode 24,Mark Greene,M,11:01:12,11:49:18,10040_10709_44,Direct Care,11:36:44,11:37:28,0:00:44,0:00:44,44,Doctor(s),Talking,0,ICU,user,"10040_10709_43,10040_10709_42",1,3,"10040_10709_43,10040_10709_42",11:36:44,11:37:28,,,,,,,,,,,,,0:00:44,FALSE,,0,,,,0:00:44,,,TRUE
8-Jul-22,10040,10709,Season 1 Episode 24,Mark Greene,M,11:01:12,11:49:18,10040_10709_45,Off-Screen,11:37:29,11:38:35,0:01:06,0:01:06,66,0,0,0,Off-Screen,10040_10709_46,,0,,,,,,,,,,,,,,,,,0:00:00,FALSE,,0,,,,0:01:06,,,TRUE
8-Jul-22,10040,10709,Season 1 Episode 24,Mark Greene,M,11:01:12,11:49:18,10040_10709_46,Social,11:38:35,11:38:55,0:00:20,0:00:20,20,Doctor(s),Talking,0,ICU,10040_10709_47,,0,,,,,,,,,,,,,,,,,0:00:00,FALSE,,0,,,,0:00:20,,,TRUE
8-Jul-22,10040,10709,Season 1 Episode 24,Mark Greene,M,11:01:12,11:49:18,10040_10709_47,In-transit,11:38:55,11:39:03,0:00:08,0:00:08,8,0,0,0,Hospital,10040_10709_49,10040_10709_48,1,2,10040_10709_48,11:38:58,11:39:01,,,,,,,,,,,,,0:00:03,FALSE,,0,,,,0:00:08,,,TRUE
8-Jul-22,10040,10709,Season 1 Episode 24,Mark Greene,M,11:01:12,11:49:18,10040_10709_48,Professional Communication,11:38:58,11:39:01,0:00:03,0:00:03,3,Nurse,Talking,0,Hospital,user,10040_10709_47,1,2,10040_10709_47,11:38:58,11:39:01,,,,,,,,,,,,,0:00:03,FALSE,,0,,,,0:00:03,,,TRUE
8-Jul-22,10040,10709,Season 1 Episode 24,Mark Greene,M,11:01:12,11:49:18,10040_10709_49,Professional Communication,11:39:03,11:39:10,0:00:07,0:00:07,7,Doctor(s),Talking,0,Hospital,10040_10709_50,,0,,,,,,,,,,,,,,,,,0:00:00,FALSE,,0,,,,0:00:07,,,TRUE
8-Jul-22,10040,10709,Season 1 Episode 24,Mark Greene,M,11:01:12,11:49:18,10040_10709_50,In-transit,11:39:10,11:39:13,0:00:03,0:00:03,3,0,0,0,Hospital,10040_10709_51,,0,,,,,,,,,,,,,,,,,0:00:00,FALSE,,0,,,,0:00:03,,,TRUE
8-Jul-22,10040,10709,Season 1 Episode 24,Mark Greene,M,11:01:12,11:49:18,10040_10709_51,Off-Screen,11:39:13,11:41:49,0:02:36,0:02:36,156,0,0,0,Off-Screen,10040_10709_52,,0,,,,,,,,,,,,,,,,,0:00:00,FALSE,,0,,,,0:02:36,,,TRUE
8-Jul-22,10040,10709,Season 1 Episode 24,Mark Greene,M,11:01:12,11:49:18,10040_10709_52,Social,11:41:49,11:43:04,0:01:15,0:01:15,75,Doctor(s),Talking,0,Community,10040_10709_53,,0,,,,,,,,,,,,,,,,,0:00:00,FALSE,,0,,,,0:01:15,,,TRUE
8-Jul-22,10040,10709,Season 1 Episode 24,Mark Greene,M,11:01:12,11:49:18,10040_10709_53,Off-Screen,11:43:04,11:44:46,0:01:42,0:01:42,102,0,0,0,Off-Screen,10040_10709_54,,0,,,,,,,,,,,,,,,,,0:00:00,FALSE,,0,,,,0:01:42,,,TRUE
8-Jul-22,10040,10709,Season 1 Episode 24,Mark Greene,M,11:01:12,11:49:18,10040_10709_54,Professional Communication,11:44:46,11:44:57,0:00:11,0:00:11,11,Nurse,Talking,0,Hospital,10040_10709_56,10040_10709_55,1,2,10040_10709_55,11:44:50,11:44:56,,,,,,,,,,,,,0:00:06,FALSE,,0,,,,0:00:11,,,TRUE
8-Jul-22,10040,10709,Season 1 Episode 24,Mark Greene,M,11:01:12,11:49:18,10040_10709_55,In-transit,11:44:50,11:44:56,0:00:06,0:00:06,6,0,0,0,Hospital,user,10040_10709_54,1,2,10040_10709_54,11:44:50,11:44:56,,,,,,,,,,,,,0:00:06,FALSE,,0,,,,0:00:06,,,TRUE
8-Jul-22,10040,10709,Season 1 Episode 24,Mark Greene,M,11:01:12,11:49:18,10040_10709_56,Social,11:44:57,11:45:02,0:00:05,0:00:05,5,Other,Talking,0,Hospital,10040_10709_57,,0,,,,,,,,,,,,,,,,,0:00:00,FALSE,,0,,,,0:00:05,,,TRUE
8-Jul-22,10040,10709,Season 1 Episode 24,Mark Greene,M,11:01:12,11:49:18,10040_10709_57,Off-Screen,11:45:02,11:45:09,0:00:07,0:00:07,7,0,0,0,Off-Screen,10040_10709_58,,0,,,,,,,,,,,,,,,,,0:00:00,FALSE,,0,,,,0:00:07,,,TRUE
8-Jul-22,10040,10709,Season 1 Episode 24,Mark Greene,M,11:01:12,11:49:18,10040_10709_58,Off-Screen,11:45:09,11:46:18,0:01:09,0:01:09,69,0,0,0,Off-Screen,10040_10709_59,,0,,,,,,,,,,,,,,,,,0:00:00,FALSE,,0,,,,0:01:09,,,TRUE
8-Jul-22,10040,10709,Season 1 Episode 24,Mark Greene,M,11:01:12,11:49:18,10040_10709_59,Off-Screen,11:46:18,11:46:34,0:00:16,0:00:16,16,0,0,0,Off-Screen,10040_10709_60,,0,,,,,,,,,,,,,,,,,0:00:00,FALSE,,0,,,,0:00:16,,,TRUE
8-Jul-22,10040,10709,Season 1 Episode 24,Mark Greene,M,11:01:12,11:49:18,10040_10709_60,Direct Care,11:46:34,11:46:39,0:00:05,0:00:05,5,Relative (Patient),Talking,0,Hospital,10040_10709_61,,0,,,,,,,,,,,,,,,,,0:00:00,FALSE,,0,,,,0:00:05,,,TRUE
8-Jul-22,10040,10709,Season 1 Episode 24,Mark Greene,M,11:01:12,11:49:18,10040_10709_61,Off-Screen,11:46:39,11:47:07,0:00:28,0:00:28,28,0,0,0,Off-Screen,10040_10709_62,,0,,,,,,,,,,,,,,,,,0:00:00,FALSE,,0,,,,0:00:28,,,TRUE
8-Jul-22,10040,10709,Season 1 Episode 24,Mark Greene,M,11:01:12,11:49:18,10040_10709_62,Social,11:47:07,11:47:42,0:00:35,0:00:35,35,Other,Talking,0,Hospital,10040_10709_64,10040_10709_63,1,2,10040_10709_63,11:47:11,11:47:20,,,,,,,,,,,,,0:00:09,FALSE,,0,,,,0:00:35,,,TRUE
8-Jul-22,10040,10709,Season 1 Episode 24,Mark Greene,M,11:01:12,11:49:18,10040_10709_63,Social,11:47:11,11:47:20,0:00:09,0:00:09,9,Nurse,Talking,0,Hospital,user,10040_10709_62,1,2,10040_10709_62,11:47:11,11:47:20,,,,,,,,,,,,,0:00:09,FALSE,,0,,,,0:00:09,,,TRUE
8-Jul-22,10040,10709,Season 1 Episode 24,Mark Greene,M,11:01:12,11:49:18,10040_10709_64,Off-Screen,11:47:42,11:49:18,0:01:36,0:01:36,96,0,0,0,Off-Screen,user,,0,,,,,,,,,,,,,,,,,0:00:00,FALSE,,0,,,,0:01:36,,,TRUE
22-Jun-22,10040,10621,Season 1 Episode 3,Mark Greene ,M,21:29:56,22:25:03,10040_10621_1,Off-Screen,21:29:56,21:36:42,0:06:46,0:06:46,406,0,0,0,Off-Screen,10040_10621_2,,0,,,,,,,,,,,,,,,,,0:00:00,FALSE,,0,,,,0:06:46,,,TRUE
22-Jun-22,10040,10621,Season 1 Episode 3,Mark Greene ,M,21:29:56,22:25:03,10040_10621_2,Nothing Happening,21:36:42,21:36:48,0:00:06,0:00:06,6,0,Talking,0,Hospital,10040_10621_3,,0,,,,,,,,,,,,,,,,,0:00:00,FALSE,,0,,,,0:00:06,,,TRUE
22-Jun-22,10040,10621,Season 1 Episode 3,Mark Greene ,M,21:29:56,22:25:03,10040_10621_3,Professional Communication,21:36:48,21:37:02,0:00:14,0:00:14,14,Doctor(s),Talking,0,Hospital,10040_10621_4,,0,,,,,,,,,,,,,,,,,0:00:00,FALSE,,0,,,,0:00:14,,,TRUE
22-Jun-22,10040,10621,Season 1 Episode 3,Mark Greene ,M,21:29:56,22:25:03,10040_10621_4,Off-Screen,21:37:02,21:37:21,0:00:19,0:00:19,19,0,0,0,Off-Screen,10040_10621_5,,0,,,,,,,,,,,,,,,,,0:00:00,FALSE,,0,,,,0:00:19,,,TRUE
22-Jun-22,10040,10621,Season 1 Episode 3,Mark Greene ,M,21:29:56,22:25:03,10040_10621_5,Professional Communication,21:37:21,21:37:34,0:00:13,0:00:13,13,Doctor(s),Talking,0,Hospital,10040_10621_6,,0,,,,,,,,,,,,,,,,,0:00:00,FALSE,,0,,,,0:00:13,,,TRUE
22-Jun-22,10040,10621,Season 1 Episode 3,Mark Greene ,M,21:29:56,22:25:03,10040_10621_6,In-transit,21:37:34,21:37:37,0:00:03,0:00:03,3,0,0,0,Hospital,10040_10621_7,,0,,,,,,,,,,,,,,,,,0:00:00,FALSE,,0,,,,0:00:03,,,TRUE
22-Jun-22,10040,10621,Season 1 Episode 3,Mark Greene ,M,21:29:56,22:25:03,10040_10621_7,Off-Screen,21:37:37,21:40:06,0:02:29,0:02:29,149,0,0,0,Off-Screen,10040_10621_8,,0,,,,,,,,,,,,,,,,,0:00:00,FALSE,,0,,,,0:02:29,,,TRUE
22-Jun-22,10040,10621,Season 1 Episode 3,Mark Greene ,M,21:29:56,22:25:03,10040_10621_8,Professional Communication,21:40:06,21:40:15,0:00:09,0:00:09,9,Doctor(s),Talking,0,Hospital,10040_10621_9,,0,,,,,,,,,,,,,,,,,0:00:00,FALSE,,0,,,,0:00:09,,,TRUE
22-Jun-22,10040,10621,Season 1 Episode 3,Mark Greene ,M,21:29:56,22:25:03,10040_10621_9,In-transit,21:40:15,21:40:51,0:00:36,0:00:36,36,0,0,0,Hospital,user,10040_10621_10,1,2,10040_10621_10,21:40:18,21:40:51,,,,,,,,,,,,,0:00:33,FALSE,,0,,,,0:00:36,,,TRUE
22-Jun-22,10040,10621,Season 1 Episode 3,Mark Greene ,M,21:29:56,22:25:03,10040_10621_10,Professional Communication,21:40:18,21:40:53,0:00:35,0:00:35,35,Doctor(s),Talking,0,Hospital,10040_10621_11,10040_10621_9,1,2,10040_10621_9,21:40:18,21:40:51,,,,,,,,,,,,,0:00:33,FALSE,,0,,,,0:00:35,,,TRUE
22-Jun-22,10040,10621,Season 1 Episode 3,Mark Greene ,M,21:29:56,22:25:03,10040_10621_11,In-transit,21:40:53,21:40:55,0:00:02,0:00:02,2,0,0,0,Hospital,10040_10621_12,,0,,,,,,,,,,,,,,,,,0:00:00,FALSE,,0,,,,0:00:02,,,TRUE
22-Jun-22,10040,10621,Season 1 Episode 3,Mark Greene ,M,21:29:56,22:25:03,10040_10621_12,Off-Screen,21:40:55,21:41:45,0:00:50,0:00:50,50,0,0,0,Off-Screen,10040_10621_13,,0,,,,,,,,,,,,,,,,,0:00:00,FALSE,,0,,,,0:00:50,,,TRUE
22-Jun-22,10040,10621,Season 1 Episode 3,Mark Greene ,M,21:29:56,22:25:03,10040_10621_13,Professional Communication,21:41:45,21:41:58,0:00:13,0:00:13,13,Doctor(s),Talking,0,Hospital,user,10040_10621_14,1,2,10040_10621_14,21:41:48,21:41:58,,,,,,,,,,,,,0:00:10,FALSE,,0,,,,0:00:13,,,TRUE
22-Jun-22,10040,10621,Season 1 Episode 3,Mark Greene ,M,21:29:56,22:25:03,10040_10621_14,In-transit,21:41:48,21:42:23,0:00:35,0:00:35,35,0,0,0,Hospital,user,"10040_10621_13,10040_10621_15",2,2,10040_10621_13,21:41:48,21:41:58,2,10040_10621_15,21:41:59,21:42:23,,,,,,,,,0:00:34,FALSE,,0,,,,0:00:35,,,TRUE
22-Jun-22,10040,10621,Season 1 Episode 3,Mark Greene ,M,21:29:56,22:25:03,10040_10621_15,Direct Care,21:41:59,21:42:49,0:00:50,0:00:50,50,Doctor(s),Talking,0,Hospital,10040_10621_17,"10040_10621_14,10040_10621_16",2,2,10040_10621_14,21:41:59,21:42:23,2,10040_10621_16,21:42:27,21:42:49,,,,,,,,,0:00:46,FALSE,,0,,,,0:00:50,,,TRUE
22-Jun-22,10040,10621,Season 1 Episode 3,Mark Greene ,M,21:29:56,22:25:03,10040_10621_16,Direct Care,21:42:27,21:42:49,0:00:22,0:00:22,22,Patient,0,0,Hospital,user,10040_10621_15,1,2,10040_10621_15,21:42:27,21:42:49,,,,,,,,,,,,,0:00:22,FALSE,,0,,,,0:00:22,,,TRUE
22-Jun-22,10040,10621,Season 1 Episode 3,Mark Greene ,M,21:29:56,22:25:03,10040_10621_17,Off-Screen,21:42:49,21:44:01,0:01:12,0:01:12,72,0,0,0,Off-Screen,10040_10621_18,,0,,,,,,,,,,,,,,,,,0:00:00,FALSE,,0,,,,0:01:12,,,TRUE
22-Jun-22,10040,10621,Season 1 Episode 3,Mark Greene ,M,21:29:56,22:25:03,10040_10621_18,Direct Care,21:44:01,21:44:09,0:00:08,0:00:08,8,Doctor(s),Talking,0,Hospital,user,10040_10621_19,1,2,10040_10621_19,21:44:04,21:44:09,,,,,,,,,,,,,0:00:05,FALSE,,0,,,,0:00:08,,,TRUE
22-Jun-22,10040,10621,Season 1 Episode 3,Mark Greene ,M,21:29:56,22:25:03,10040_10621_19,Direct Care,21:44:04,21:44:19,0:00:15,0:00:15,15,Patient,0,0,Hospital,10040_10621_20,10040_10621_18,1,2,10040_10621_18,21:44:04,21:44:09,,,,,,,,,,,,,0:00:05,FALSE,,0,,,,0:00:15,,,TRUE
22-Jun-22,10040,10621,Season 1 Episode 3,Mark Greene ,M,21:29:56,22:25:03,10040_10621_20,Off-Screen,21:44:19,21:44:47,0:00:28,0:00:28,28,0,0,0,Off-Screen,10040_10621_21,,0,,,,,,,,,,,,,,,,,0:00:00,FALSE,,0,,,,0:00:28,,,TRUE
22-Jun-22,10040,10621,Season 1 Episode 3,Mark Greene ,M,21:29:56,22:25:03,10040_10621_21,Direct Care,21:44:47,21:44:50,0:00:03,0:00:03,3,Doctor(s),Talking,0,Hospital,10040_10621_22,,0,,,,,,,,,,,,,,,,,0:00:00,FALSE,,0,,,,0:00:03,,,TRUE
22-Jun-22,10040,10621,Season 1 Episode 3,Mark Greene ,M,21:29:56,22:25:03,10040_10621_22,Direct Care,21:44:50,21:44:56,0:00:06,0:00:06,6,Patient,0,0,Hospital,10040_10621_23,,0,,,,,,,,,,,,,,,,,0:00:00,FALSE,,0,,,,0:00:06,,,TRUE
22-Jun-22,10040,10621,Season 1 Episode 3,Mark Greene ,M,21:29:56,22:25:03,10040_10621_23,Off-Screen,21:44:56,21:45:25,0:00:29,0:00:29,29,0,0,0,Off-Screen,10040_10621_24,,0,,,,,,,,,,,,,,,,,0:00:00,FALSE,,0,,,,0:00:29,,,TRUE
22-Jun-22,10040,10621,Season 1 Episode 3,Mark Greene ,M,21:29:56,22:25:03,10040_10621_24,Direct Care,21:45:25,21:45:39,0:00:14,0:00:14,14,Doctor(s),Talking,0,Hospital,10040_10621_26,10040_10621_25,1,2,10040_10621_25,21:45:28,21:45:39,,,,,,,,,,,,,0:00:11,FALSE,,0,,,,0:00:14,,,TRUE
22-Jun-22,10040,10621,Season 1 Episode 3,Mark Greene ,M,21:29:56,22:25:03,10040_10621_25,Direct Care,21:45:28,21:45:39,0:00:11,0:00:11,11,Patient,0,0,Hospital,user,10040_10621_24,1,2,10040_10621_24,21:45:28,21:45:39,,,,,,,,,,,,,0:00:11,FALSE,,0,,,,0:00:11,,,TRUE
22-Jun-22,10040,10621,Season 1 Episode 3,Mark Greene ,M,21:29:56,22:25:03,10040_10621_26,Off-Screen,21:45:39,21:46:19,0:00:40,0:00:40,40,0,0,0,Off-Screen,10040_10621_27,,0,,,,,,,,,,,,,,,,,0:00:00,FALSE,,0,,,,0:00:40,,,TRUE
22-Jun-22,10040,10621,Season 1 Episode 3,Mark Greene ,M,21:29:56,22:25:03,10040_10621_27,Direct Care,21:46:19,21:46:26,0:00:07,0:00:07,7,Doctor(s),Talking,0,Hospital,10040_10621_28,,0,,,,,,,,,,,,,,,,,0:00:00,FALSE,,0,,,,0:00:07,,,TRUE
22-Jun-22,10040,10621,Season 1 Episode 3,Mark Greene ,M,21:29:56,22:25:03,10040_10621_28,In-transit,21:46:26,21:46:29,0:00:03,0:00:03,3,0,0,0,Hospital,10040_10621_29,,0,,,,,,,,,,,,,,,,,0:00:00,FALSE,,0,,,,0:00:03,,,TRUE
22-Jun-22,10040,10621,Season 1 Episode 3,Mark Greene ,M,21:29:56,22:25:03,10040_10621_29,Professional Communication,21:46:29,21:46:39,0:00:10,0:00:10,10,Doctor(s),Talking,0,Hospital,10040_10621_30,,0,,,,,,,,,,,,,,,,,0:00:00,FALSE,,0,,,,0:00:10,,,TRUE
22-Jun-22,10040,10621,Season 1 Episode 3,Mark Greene ,M,21:29:56,22:25:03,10040_10621_30,Off-Screen,21:46:39,21:49:09,0:02:30,0:02:30,150,0,0,0,Off-Screen,10040_10621_31,,0,,,,,,,,,,,,,,,,,0:00:00,FALSE,,0,,,,0:02:30,,,TRUE
22-Jun-22,10040,10621,Season 1 Episode 3,Mark Greene ,M,21:29:56,22:25:03,10040_10621_31,Direct Care,21:49:09,21:49:23,0:00:14,0:00:14,14,Doctor(s),Talking,0,Hospital,10040_10621_33,10040_10621_32,1,2,10040_10621_32,21:49:14,21:49:23,,,,,,,,,,,,,0:00:09,FALSE,,0,,,,0:00:14,,,TRUE
22-Jun-22,10040,10621,Season 1 Episode 3,Mark Greene ,M,21:29:56,22:25:03,10040_10621_32,In-transit,21:49:14,21:49:23,0:00:09,0:00:09,9,0,0,0,Hospital,user,10040_10621_31,1,2,10040_10621_31,21:49:14,21:49:23,,,,,,,,,,,,,0:00:09,FALSE,,0,,,,0:00:09,,,TRUE
22-Jun-22,10040,10621,Season 1 Episode 3,Mark Greene ,M,21:29:56,22:25:03,10040_10621_33,Off-Screen,21:49:23,21:50:24,0:01:01,0:01:01,61,0,0,0,Off-Screen,10040_10621_34,,0,,,,,,,,,,,,,,,,,0:00:00,FALSE,,0,,,,0:01:01,,,TRUE
22-Jun-22,10040,10621,Season 1 Episode 3,Mark Greene ,M,21:29:56,22:25:03,10040_10621_34,Direct Care,21:50:24,21:51:25,0:01:01,0:01:01,61,Relative (Patient),Talking,0,Hospital,user,10040_10621_35,1,2,10040_10621_35,21:50:28,21:51:25,,,,,,,,,,,,,0:00:57,FALSE,,0,,,,0:01:01,,,TRUE
22-Jun-22,10040,10621,Season 1 Episode 3,Mark Greene ,M,21:29:56,22:25:03,10040_10621_35,Direct Care,21:50:28,21:51:32,0:01:04,0:01:04,64,Patient,Talking,0,Hospital,10040_10621_37,"10040_10621_34,10040_10621_36",2,2,10040_10621_34,21:50:28,21:51:25,2,10040_10621_36,21:51:26,21:51:32,,,,,,,,,0:01:03,FALSE,,0,,,,0:01:04,,,TRUE
22-Jun-22,10040,10621,Season 1 Episode 3,Mark Greene ,M,21:29:56,22:25:03,10040_10621_36,Direct Care,21:51:26,21:51:32,0:00:06,0:00:06,6,Nurse,Talking,0,Hospital,user,10040_10621_35,1,2,10040_10621_35,21:51:26,21:51:32,,,,,,,,,,,,,0:00:06,FALSE,,0,,,,0:00:06,,,TRUE
22-Jun-22,10040,10621,Season 1 Episode 3,Mark Greene ,M,21:29:56,22:25:03,10040_10621_37,Off-Screen,21:51:32,21:54:04,0:02:32,0:02:32,152,0,0,0,Off-Screen,10040_10621_38,,0,,,,,,,,,,,,,,,,,0:00:00,FALSE,,0,,,,0:02:32,,,TRUE
22-Jun-22,10040,10621,Season 1 Episode 3,Mark Greene ,M,21:29:56,22:25:03,10040_10621_38,Social,21:54:04,21:54:22,0:00:18,0:00:18,18,Relative (Patient),Talking,0,Hospital,10040_10621_39,,0,,,,,,,,,,,,,,,,,0:00:00,FALSE,,0,,,,0:00:18,,,TRUE
22-Jun-22,10040,10621,Season 1 Episode 3,Mark Greene ,M,21:29:56,22:25:03,10040_10621_39,Indirect Care,21:54:22,21:55:16,0:00:54,0:00:54,54,Relative (Patient),Talking,0,Hospital,10040_10621_40,,0,,,,,,,,,,,,,,,,,0:00:00,FALSE,,0,,,,0:00:54,,,TRUE
22-Jun-22,10040,10621,Season 1 Episode 3,Mark Greene ,M,21:29:56,22:25:03,10040_10621_40,Off-Screen,21:55:16,21:56:49,0:01:33,0:01:33,93,0,0,0,Off-Screen,10040_10621_41,,0,,,,,,,,,,,,,,,,,0:00:00,FALSE,,0,,,,0:01:33,,,TRUE
22-Jun-22,10040,10621,Season 1 Episode 3,Mark Greene ,M,21:29:56,22:25:03,10040_10621_41,In-transit,21:56:49,21:57:04,0:00:15,0:00:15,15,0,0,0,Hospital,10040_10621_43,10040_10621_42,1,2,10040_10621_42,21:56:51,21:57:03,,,,,,,,,,,,,0:00:12,FALSE,,0,,,,0:00:15,,,TRUE
22-Jun-22,10040,10621,Season 1 Episode 3,Mark Greene ,M,21:29:56,22:25:03,10040_10621_42,Social,21:56:51,21:57:03,0:00:12,0:00:12,12,Doctor(s),Talking,0,Hospital,user,10040_10621_41,1,2,10040_10621_41,21:56:51,21:57:03,,,,,,,,,,,,,0:00:12,FALSE,,0,,,,0:00:12,,,TRUE
22-Jun-22,10040,10621,Season 1 Episode 3,Mark Greene ,M,21:29:56,22:25:03,10040_10621_43,Professional Communication,21:57:04,21:57:28,0:00:24,0:00:24,24,Doctor(s),0,0,Hospital,10040_10621_45,10040_10621_44,1,2,10040_10621_44,21:57:18,21:57:27,,,,,,,,,,,,,0:00:09,FALSE,,0,,,,0:00:24,,,TRUE
22-Jun-22,10040,10621,Season 1 Episode 3,Mark Greene ,M,21:29:56,22:25:03,10040_10621_44,In-transit,21:57:18,21:57:27,0:00:09,0:00:09,9,0,0,0,Hospital,user,10040_10621_43,1,2,10040_10621_43,21:57:18,21:57:27,,,,,,,,,,,,,0:00:09,FALSE,,0,,,,0:00:09,,,TRUE
22-Jun-22,10040,10621,Season 1 Episode 3,Mark Greene ,M,21:29:56,22:25:03,10040_10621_45,Off-Screen,21:57:28,21:59:48,0:02:20,0:02:20,140,0,0,0,Off-Screen,10040_10621_46,,0,,,,,,,,,,,,,,,,,0:00:00,FALSE,,0,,,,0:02:20,,,TRUE
22-Jun-22,10040,10621,Season 1 Episode 3,Mark Greene ,M,21:29:56,22:25:03,10040_10621_46,In-transit,21:59:48,22:00:20,0:00:32,0:00:32,32,0,0,0,Hospital,10040_10621_48,10040_10621_47,1,2,10040_10621_47,21:59:50,22:00:20,,,,,,,,,,,,,0:00:30,FALSE,,0,,,,0:00:32,,,TRUE
22-Jun-22,10040,10621,Season 1 Episode 3,Mark Greene ,M,21:29:56,22:25:03,10040_10621_47,Social,21:59:50,22:00:20,0:00:30,0:00:30,30,Doctor(s),Talking,0,Hospital,user,10040_10621_46,1,2,10040_10621_46,21:59:50,22:00:20,,,,,,,,,,,,,0:00:30,FALSE,,0,,,,0:00:30,,,TRUE
22-Jun-22,10040,10621,Season 1 Episode 3,Mark Greene ,M,21:29:56,22:25:03,10040_10621_48,Off-Screen,22:00:20,22:07:23,0:07:03,0:07:03,423,0,0,0,Off-Screen,10040_10621_49,,0,,,,,,,,,,,,,,,,,0:00:00,FALSE,,0,,,,0:07:03,,,TRUE
22-Jun-22,10040,10621,Season 1 Episode 3,Mark Greene ,M,21:29:56,22:25:03,10040_10621_49,In-transit,22:07:23,22:07:45,0:00:22,0:00:22,22,0,0,0,Hospital,10040_10621_52,"10040_10621_50,10040_10621_51",2,2,10040_10621_50,22:07:24,22:07:35,2,10040_10621_51,22:07:37,22:07:45,,,,,,,,,0:00:19,FALSE,,0,,,,0:00:22,,,TRUE
22-Jun-22,10040,10621,Season 1 Episode 3,Mark Greene ,M,21:29:56,22:25:03,10040_10621_50,Professional Communication,22:07:24,22:07:35,0:00:11,0:00:11,11,Doctor(s),Talking,0,Hospital,user,10040_10621_49,1,2,10040_10621_49,22:07:24,22:07:35,,,,,,,,,,,,,0:00:11,FALSE,,0,,,,0:00:11,,,TRUE
22-Jun-22,10040,10621,Season 1 Episode 3,Mark Greene ,M,21:29:56,22:25:03,10040_10621_51,Indirect Care,22:07:37,22:07:45,0:00:08,0:00:08,8,Nurse,Talking,0,Hospital,user,10040_10621_49,1,2,10040_10621_49,22:07:37,22:07:45,,,,,,,,,,,,,0:00:08,FALSE,,0,,,,0:00:08,,,TRUE
22-Jun-22,10040,10621,Season 1 Episode 3,Mark Greene ,M,21:29:56,22:25:03,10040_10621_52,Off-Screen,22:07:45,22:10:15,0:02:30,0:02:30,150,0,0,0,Off-Screen,10040_10621_53,,0,,,,,,,,,,,,,,,,,0:00:00,FALSE,,0,,,,0:02:30,,,TRUE
22-Jun-22,10040,10621,Season 1 Episode 3,Mark Greene ,M,21:29:56,22:25:03,10040_10621_53,Indirect Care,22:10:15,22:10:55,0:00:40,0:00:40,40,Relative (Patient),Talking,0,Hospital,10040_10621_54,,0,,,,,,,,,,,,,,,,,0:00:00,FALSE,,0,,,,0:00:40,,,TRUE
22-Jun-22,10040,10621,Season 1 Episode 3,Mark Greene ,M,21:29:56,22:25:03,10040_10621_54,Direct Care,22:10:55,22:11:08,0:00:13,0:00:13,13,Nurse,Talking,0,Hospital,10040_10621_56,10040_10621_55,1,2,10040_10621_55,22:10:59,22:11:08,,,,,,,,,,,,,0:00:09,FALSE,,0,,,,0:00:13,,,TRUE
22-Jun-22,10040,10621,Season 1 Episode 3,Mark Greene ,M,21:29:56,22:25:03,10040_10621_55,In-transit,22:10:59,22:11:08,0:00:09,0:00:09,9,0,0,0,Hospital,user,10040_10621_54,1,2,10040_10621_54,22:10:59,22:11:08,,,,,,,,,,,,,0:00:09,FALSE,,0,,,,0:00:09,,,TRUE
22-Jun-22,10040,10621,Season 1 Episode 3,Mark Greene ,M,21:29:56,22:25:03,10040_10621_56,Off-Screen,22:11:08,22:11:38,0:00:30,0:00:30,30,0,0,0,Off-Screen,10040_10621_57,,0,,,,,,,,,,,,,,,,,0:00:00,FALSE,,0,,,,0:00:30,,,TRUE
22-Jun-22,10040,10621,Season 1 Episode 3,Mark Greene ,M,21:29:56,22:25:03,10040_10621_57,Professional Communication,22:11:38,22:12:40,0:01:02,0:01:02,62,Doctor(s),Talking,0,Hospital,10040_10621_58,,0,,,,,,,,,,,,,,,,,0:00:00,FALSE,,0,,,,0:01:02,,,TRUE
22-Jun-22,10040,10621,Season 1 Episode 3,Mark Greene ,M,21:29:56,22:25:03,10040_10621_58,In-transit,22:12:40,22:13:21,0:00:41,0:00:41,41,0,0,0,Hospital,10040_10621_60,10040_10621_59,1,2,10040_10621_59,22:12:42,22:13:17,,,,,,,,,,,,,0:00:35,FALSE,,0,,,,0:00:41,,,TRUE
22-Jun-22,10040,10621,Season 1 Episode 3,Mark Greene ,M,21:29:56,22:25:03,10040_10621_59,Professional Communication,22:12:42,22:13:17,0:00:35,0:00:35,35,Doctor(s),Talking,0,Hospital,user,10040_10621_58,1,2,10040_10621_58,22:12:42,22:13:17,,,,,,,,,,,,,0:00:35,FALSE,,0,,,,0:00:35,,,TRUE
22-Jun-22,10040,10621,Season 1 Episode 3,Mark Greene ,M,21:29:56,22:25:03,10040_10621_60,Off-Screen,22:13:21,22:15:09,0:01:48,0:01:48,108,0,0,0,Off-Screen,10040_10621_61,,0,,,,,,,,,,,,,,,,,0:00:00,FALSE,,0,,,,0:01:48,,,TRUE
22-Jun-22,10040,10621,Season 1 Episode 3,Mark Greene ,M,21:29:56,22:25:03,10040_10621_61,Professional Communication,22:15:09,22:15:19,0:00:10,0:00:10,10,Nurse,0,0,Hospital,10040_10621_63,10040_10621_62,1,2,10040_10621_62,22:15:14,22:15:18,,,,,,,,,,,,,0:00:04,FALSE,,0,,,,0:00:10,,,TRUE
22-Jun-22,10040,10621,Season 1 Episode 3,Mark Greene ,M,21:29:56,22:25:03,10040_10621_62,In-transit,22:15:14,22:15:18,0:00:04,0:00:04,4,0,0,0,Hospital,user,10040_10621_61,1,2,10040_10621_61,22:15:14,22:15:18,,,,,,,,,,,,,0:00:04,FALSE,,0,,,,0:00:04,,,TRUE
22-Jun-22,10040,10621,Season 1 Episode 3,Mark Greene ,M,21:29:56,22:25:03,10040_10621_63,Direct Care,22:15:19,22:15:30,0:00:11,0:00:11,11,Relative (Patient),Talking,0,Hospital,10040_10621_64,,0,,,,,,,,,,,,,,,,,0:00:00,FALSE,,0,,,,0:00:11,,,TRUE
22-Jun-22,10040,10621,Season 1 Episode 3,Mark Greene ,M,21:29:56,22:25:03,10040_10621_64,Professional Communication,22:15:30,22:15:48,0:00:18,0:00:18,18,Other,Talking,0,Hospital,10040_10621_65,,0,,,,,,,,,,,,,,,,,0:00:00,FALSE,,0,,,,0:00:18,,,TRUE
22-Jun-22,10040,10621,Season 1 Episode 3,Mark Greene ,M,21:29:56,22:25:03,10040_10621_65,Direct Care,22:15:48,22:16:50,0:01:02,0:01:02,62,Relative (Patient),Talking,0,Hospital,10040_10621_66,,0,,,,,,,,,,,,,,,,,0:00:00,FALSE,,0,,,,0:01:02,,,TRUE
22-Jun-22,10040,10621,Season 1 Episode 3,Mark Greene ,M,21:29:56,22:25:03,10040_10621_66,Nothing Happening,22:16:50,22:16:55,0:00:05,0:00:05,5,0,0,0,Nothing Happening,10040_10621_67,,0,,,,,,,,,,,,,,,,,0:00:00,FALSE,,0,,,,0:00:05,,,TRUE
22-Jun-22,10040,10621,Season 1 Episode 3,Mark Greene ,M,21:29:56,22:25:03,10040_10621_67,Off-Screen,22:16:55,22:22:55,0:06:00,0:06:00,360,0,0,0,Off-Screen,10040_10621_68,,0,,,,,,,,,,,,,,,,,0:00:00,FALSE,,0,,,,0:06:00,,,TRUE
22-Jun-22,10040,10621,Season 1 Episode 3,Mark Greene ,M,21:29:56,22:25:03,10040_10621_68,Social,22:22:55,22:24:36,0:01:41,0:01:41,101,Doctor(s),Talking,0,Hospital,10040_10621_69,,0,,,,,,,,,,,,,,,,,0:00:00,FALSE,,0,,,,0:01:41,,,TRUE
22-Jun-22,10040,10621,Season 1 Episode 3,Mark Greene ,M,21:29:56,22:25:03,10040_10621_69,Nothing Happening,22:24:36,22:24:56,0:00:20,0:00:20,20,0,0,0,Nothing Happening,10040_10621_70,,0,,,,,,,,,,,,,,,,,0:00:00,FALSE,,0,,,,0:00:20,,,TRUE
22-Jun-22,10040,10621,Season 1 Episode 3,Mark Greene ,M,21:29:56,22:25:03,10040_10621_70,Off-Screen,22:24:56,22:25:03,0:00:07,0:00:07,7,0,0,0,Off-Screen,user,,0,,,,,,,,,,,,,,,,,0:00:00,FALSE,,0,,,,0:00:07,,,TRUE
10-Aug-21,10020,10420,S1E6,Peter Benton,M,18:33:30,19:18:12,10020_10420_1,Off-Screen,18:33:30,18:37:44,0:04:14,0:04:14,254,0,0,0,Off-Screen,10020_10420_2,,0,,,,,,,,,,,,,,,,,0:00:00,FALSE,,0,,,,0:04:14,,,TRUE
10-Aug-21,10020,10420,S1E6,Peter Benton,M,18:33:30,19:18:12,10020_10420_2,Nothing Happening,18:37:44,18:39:17,0:01:33,0:01:33,93,0,0,0,Nothing Happening,10020_10420_3,,0,,,,,,,,,,,,,,,,,0:00:00,FALSE,,0,,,,0:01:33,,,TRUE
10-Aug-21,10020,10420,S1E6,Peter Benton,M,18:33:30,19:18:12,10020_10420_3,Off-Screen,18:39:17,18:45:43,0:06:26,0:06:26,386,0,0,0,Off-Screen,10020_10420_4,,0,,,,,,,,,,,,,,,,,0:00:00,FALSE,,0,,,,0:06:26,,,TRUE
10-Aug-21,10020,10420,S1E6,Peter Benton,M,18:33:30,19:18:12,10020_10420_4,Professional Communication,18:45:43,18:46:11,0:00:28,0:00:28,28,Doctor(s),Talking,0,Hospital,10020_10420_7,"10020_10420_5,10020_10420_6",2,2,10020_10420_5,18:45:46,18:45:49,3,"10020_10420_5,10020_10420_6",18:45:49,18:46:11,,,,,,,,,0:00:25,FALSE,,0,,,,0:00:28,,,TRUE
10-Aug-21,10020,10420,S1E6,Peter Benton,M,18:33:30,19:18:12,10020_10420_5,In-transit,18:45:46,18:46:11,0:00:25,0:00:25,25,0,0,0,Hospital,10020_10420_7,"10020_10420_4,10020_10420_6",2,2,10020_10420_4,18:45:46,18:45:49,3,"10020_10420_4,10020_10420_6",18:45:49,18:46:11,,,,,,,,,0:00:25,FALSE,,0,,,,0:00:25,,,TRUE
10-Aug-21,10020,10420,S1E6,Peter Benton,M,18:33:30,19:18:12,10020_10420_6,Direct Care,18:45:49,18:46:11,0:00:22,0:00:22,22,Patient,Talking,0,Hospital,10020_10420_7,"10020_10420_5,10020_10420_4",1,3,"10020_10420_5,10020_10420_4",18:45:49,18:46:11,,,,,,,,,,,,,0:00:22,FALSE,,0,,,,0:00:22,,,TRUE
10-Aug-21,10020,10420,S1E6,Peter Benton,M,18:33:30,19:18:12,10020_10420_7,Off-Screen,18:46:11,18:47:15,0:01:04,0:01:04,64,0,0,0,Off-Screen,10020_10420_8,,0,,,,,,,,,,,,,,,,,0:00:00,FALSE,,0,,,,0:01:04,,,TRUE
10-Aug-21,10020,10420,S1E6,Peter Benton,M,18:33:30,19:18:12,10020_10420_8,Direct Care,18:47:15,18:47:42,0:00:27,0:00:27,27,Patient,0,0,Hospital,10020_10420_10,10020_10420_9,1,2,10020_10420_9,18:47:18,18:47:42,,,,,,,,,,,,,0:00:24,FALSE,,0,,,,0:00:27,,,TRUE
10-Aug-21,10020,10420,S1E6,Peter Benton,M,18:33:30,19:18:12,10020_10420_9,Professional Communication,18:47:18,18:47:42,0:00:24,0:00:24,24,Doctor(s),Talking,0,Hospital,10020_10420_10,10020_10420_8,1,2,10020_10420_8,18:47:18,18:47:42,,,,,,,,,,,,,0:00:24,FALSE,,0,,,,0:00:24,,,TRUE
10-Aug-21,10020,10420,S1E6,Peter Benton,M,18:33:30,19:18:12,10020_10420_10,Off-Screen,18:47:42,18:48:29,0:00:47,0:00:47,47,0,0,0,Off-Screen,10020_10420_11,,0,,,,,,,,,,,,,,,,,0:00:00,FALSE,,0,,,,0:00:47,,,TRUE
10-Aug-21,10020,10420,S1E6,Peter Benton,M,18:33:30,19:18:12,10020_10420_11,Direct Care,18:48:29,18:49:03,0:00:34,0:00:34,34,0,0,0,Hospital,10020_10420_13,10020_10420_12,1,2,10020_10420_12,18:48:31,18:49:03,,,,,,,,,,,,,0:00:32,FALSE,,0,,,,0:00:34,,,TRUE
10-Aug-21,10020,10420,S1E6,Peter Benton,M,18:33:30,19:18:12,10020_10420_12,Professional Communication,18:48:31,18:49:03,0:00:32,0:00:32,32,Doctor(s),Talking,0,Hospital,10020_10420_13,10020_10420_11,1,2,10020_10420_11,18:48:31,18:49:03,,,,,,,,,,,,,0:00:32,FALSE,,0,,,,0:00:32,,,TRUE
10-Aug-21,10020,10420,S1E6,Peter Benton,M,18:33:30,19:18:12,10020_10420_13,Off-Screen,18:49:03,18:50:19,0:01:16,0:01:16,76,0,0,0,Off-Screen,10020_10420_14,,0,,,,,,,,,,,,,,,,,0:00:00,FALSE,,0,,,,0:01:16,,,TRUE
10-Aug-21,10020,10420,S1E6,Peter Benton,M,18:33:30,19:18:12,10020_10420_14,Professional Communication,18:50:19,18:50:52,0:00:33,0:00:33,33,Doctor(s),Talking,0,Hospital,10020_10420_16,10020_10420_15,1,2,10020_10420_15,18:50:23,18:50:52,,,,,,,,,,,,,0:00:29,FALSE,,0,,,,0:00:33,,,TRUE
10-Aug-21,10020,10420,S1E6,Peter Benton,M,18:33:30,19:18:12,10020_10420_15,Direct Care,18:50:23,18:50:52,0:00:29,0:00:29,29,Patient,0,0,Hospital,10020_10420_16,10020_10420_14,1,2,10020_10420_14,18:50:23,18:50:52,,,,,,,,,,,,,0:00:29,FALSE,,0,,,,0:00:29,,,TRUE
10-Aug-21,10020,10420,S1E6,Peter Benton,M,18:33:30,19:18:12,10020_10420_16,Off-Screen,18:50:52,18:52:52,0:02:00,0:02:00,120,0,0,0,Off-Screen,10020_10420_17,,0,,,,,,,,,,,,,,,,,0:00:00,FALSE,,0,,,,0:02:00,,,TRUE
10-Aug-21,10020,10420,S1E6,Peter Benton,M,18:33:30,19:18:12,10020_10420_17,Professional Communication,18:52:52,18:53:43,0:00:51,0:00:51,51,Doctor(s),Talking,0,Hospital,10020_10420_20,"10020_10420_18,10020_10420_19",2,2,10020_10420_18,18:52:55,18:53:10,3,"10020_10420_18,10020_10420_19",18:53:10,18:53:43,,,,,,,,,0:00:48,FALSE,,0,,,,0:00:51,,,TRUE
10-Aug-21,10020,10420,S1E6,Peter Benton,M,18:33:30,19:18:12,10020_10420_18,Direct Care,18:52:55,18:53:43,0:00:48,0:00:48,48,Patient,0,0,Hospital,10020_10420_20,"10020_10420_17,10020_10420_19",2,2,10020_10420_17,18:52:55,18:53:10,3,"10020_10420_17,10020_10420_19",18:53:10,18:53:43,,,,,,,,,0:00:48,FALSE,,0,,,,0:00:48,,,TRUE
10-Aug-21,10020,10420,S1E6,Peter Benton,M,18:33:30,19:18:12,10020_10420_19,In-transit,18:53:10,18:53:43,0:00:33,0:00:33,33,0,0,0,Hospital,10020_10420_20,"10020_10420_18,10020_10420_17",1,3,"10020_10420_18,10020_10420_17",18:53:10,18:53:43,,,,,,,,,,,,,0:00:33,FALSE,,0,,,,0:00:33,,,TRUE
10-Aug-21,10020,10420,S1E6,Peter Benton,M,18:33:30,19:18:12,10020_10420_20,Off-Screen,18:53:43,18:53:48,0:00:05,0:00:05,5,0,0,0,Off-Screen,10020_10420_21,,0,,,,,,,,,,,,,,,,,0:00:00,FALSE,,0,,,,0:00:05,,,TRUE
10-Aug-21,10020,10420,S1E6,Peter Benton,M,18:33:30,19:18:12,10020_10420_21,Nothing Happening,18:53:48,18:54:31,0:00:43,0:00:43,43,0,0,0,Nothing Happening,10020_10420_22,,0,,,,,,,,,,,,,,,,,0:00:00,FALSE,,0,,,,0:00:43,,,TRUE
10-Aug-21,10020,10420,S1E6,Peter Benton,M,18:33:30,19:18:12,10020_10420_22,Off-Screen,18:54:31,19:00:53,0:06:22,0:06:22,382,0,0,0,Off-Screen,10020_10420_23,,0,,,,,,,,,,,,,,,,,0:00:00,FALSE,,0,,,,0:06:22,,,TRUE
10-Aug-21,10020,10420,S1E6,Peter Benton,M,18:33:30,19:18:12,10020_10420_23,Professional Communication,19:00:53,19:01:02,0:00:09,0:00:09,9,Doctor(s),Talking,0,Hospital,10020_10420_24,,0,,,,,,,,,,,,,,,,,0:00:00,FALSE,,0,,,,0:00:09,,,TRUE
10-Aug-21,10020,10420,S1E6,Peter Benton,M,18:33:30,19:18:12,10020_10420_24,Indirect Care,19:01:02,19:01:42,0:00:40,0:00:40,40,Patient,Talking,0,Hospital,10020_10420_25,,0,,,,,,,,,,,,,,,,,0:00:00,FALSE,,0,,,,0:00:40,,,TRUE
10-Aug-21,10020,10420,S1E6,Peter Benton,M,18:33:30,19:18:12,10020_10420_25,In-transit,19:01:42,19:02:12,0:00:30,0:00:30,30,0,0,0,Hospital,10020_10420_26,,0,,,,,,,,,,,,,,,,,0:00:00,FALSE,,0,,,,0:00:30,,,TRUE
10-Aug-21,10020,10420,S1E6,Peter Benton,M,18:33:30,19:18:12,10020_10420_26,Off-Screen,19:02:12,19:06:44,0:04:32,0:04:32,272,0,0,0,Off-Screen,10020_10420_27,,0,,,,,,,,,,,,,,,,,0:00:00,FALSE,,0,,,,0:04:32,,,TRUE
10-Aug-21,10020,10420,S1E6,Peter Benton,M,18:33:30,19:18:12,10020_10420_27,Professional Communication,19:06:44,19:07:03,0:00:19,0:00:19,19,Doctor(s),Talking,0,Hospital,10020_10420_28,,0,,,,,,,,,,,,,,,,,0:00:00,FALSE,,0,,,,0:00:19,,,TRUE
10-Aug-21,10020,10420,S1E6,Peter Benton,M,18:33:30,19:18:12,10020_10420_28,Social,19:07:03,19:07:23,0:00:20,0:00:20,20,Other,Talking,0,Hospital,10020_10420_29,,0,,,,,,,,,,,,,,,,,0:00:00,FALSE,,0,,,,0:00:20,,,TRUE
10-Aug-21,10020,10420,S1E6,Peter Benton,M,18:33:30,19:18:12,10020_10420_29,Off-Screen,19:07:23,19:07:38,0:00:15,0:00:15,15,0,0,0,Off-Screen,10020_10420_30,,0,,,,,,,,,,,,,,,,,0:00:00,FALSE,,0,,,,0:00:15,,,TRUE
10-Aug-21,10020,10420,S1E6,Peter Benton,M,18:33:30,19:18:12,10020_10420_30,Social,19:07:38,19:08:12,0:00:34,0:00:34,34,Other,Talking,0,Hospital,10020_10420_31,,0,,,,,,,,,,,,,,,,,0:00:00,FALSE,,0,,,,0:00:34,,,TRUE
10-Aug-21,10020,10420,S1E6,Peter Benton,M,18:33:30,19:18:12,10020_10420_31,Professional Communication,19:08:12,19:08:17,0:00:05,0:00:05,5,Other,Talking,0,Hospital,10020_10420_32,,0,,,,,,,,,,,,,,,,,0:00:00,FALSE,,0,,,,0:00:05,,,TRUE
10-Aug-21,10020,10420,S1E6,Peter Benton,M,18:33:30,19:18:12,10020_10420_32,In-transit,19:08:17,19:08:30,0:00:13,0:00:13,13,0,0,0,Hospital,10020_10420_33,,0,,,,,,,,,,,,,,,,,0:00:00,FALSE,,0,,,,0:00:13,,,TRUE
10-Aug-21,10020,10420,S1E6,Peter Benton,M,18:33:30,19:18:12,10020_10420_33,Off-Screen,19:08:30,19:10:20,0:01:50,0:01:50,110,0,0,0,Off-Screen,10020_10420_34,,0,,,,,,,,,,,,,,,,,0:00:00,FALSE,,0,,,,0:01:50,,,TRUE
10-Aug-21,10020,10420,S1E6,Peter Benton,M,18:33:30,19:18:12,10020_10420_34,Professional Communication,19:10:20,19:11:24,0:01:04,0:01:04,64,Other,Talking,0,Hospital,10020_10420_35,,0,,,,,,,,,,,,,,,,,0:00:00,FALSE,,0,,,,0:01:04,,,TRUE
10-Aug-21,10020,10420,S1E6,Peter Benton,M,18:33:30,19:18:12,10020_10420_35,In-transit,19:11:24,19:11:28,0:00:04,0:00:04,4,0,0,0,Hospital,10020_10420_36,,0,,,,,,,,,,,,,,,,,0:00:00,FALSE,,0,,,,0:00:04,,,TRUE
10-Aug-21,10020,10420,S1E6,Peter Benton,M,18:33:30,19:18:12,10020_10420_36,Nothing Happening,19:11:28,19:11:37,0:00:09,0:00:09,9,0,0,0,Nothing Happening,10020_10420_37,,0,,,,,,,,,,,,,,,,,0:00:00,FALSE,,0,,,,0:00:09,,,TRUE
10-Aug-21,10020,10420,S1E6,Peter Benton,M,18:33:30,19:18:12,10020_10420_37,Professional Communication,19:11:37,19:11:48,0:00:11,0:00:11,11,Other,Talking,0,Hospital,10020_10420_38,,0,,,,,,,,,,,,,,,,,0:00:00,FALSE,,0,,,,0:00:11,,,TRUE
10-Aug-21,10020,10420,S1E6,Peter Benton,M,18:33:30,19:18:12,10020_10420_38,Professional Communication,19:11:48,19:12:08,0:00:20,0:00:20,20,Doctor(s),Talking,0,Hospital,10020_10420_39,,0,,,,,,,,,,,,,,,,,0:00:00,FALSE,,0,,,,0:00:20,,,TRUE
10-Aug-21,10020,10420,S1E6,Peter Benton,M,18:33:30,19:18:12,10020_10420_39,Off-Screen,19:12:08,19:18:12,0:06:04,0:06:04,364,0,0,0,Off-Screen,session,,0,,,,,,,,,,,,,,,,,0:00:00,FALSE,,0,,,,0:06:04,,,TRUE
13-Aug-21,10020,10448,S1E14,Peter Benton,M,14:43:08,15:29:44,10020_10448_1,Nothing Happening,14:43:08,14:43:19,0:00:11,0:00:11,11,0,0,0,Nothing Happening,10020_10448_2,,0,,,,,,,,,,,,,,,,,0:00:00,FALSE,,0,,,,0:00:11,,,TRUE
13-Aug-21,10020,10448,S1E14,Peter Benton,M,14:43:08,15:29:44,10020_10448_2,Off-Screen,14:43:19,14:43:52,0:00:33,0:00:33,33,0,0,0,Off-Screen,10020_10448_3,,0,,,,,,,,,,,,,,,,,0:00:00,FALSE,,0,,,,0:00:33,,,TRUE
13-Aug-21,10020,10448,S1E14,Peter Benton,M,14:43:08,15:29:44,10020_10448_3,Professional Communication,14:43:52,14:44:26,0:00:34,0:00:34,34,Doctor(s),Talking,0,Hospital,10020_10448_5,10020_10448_4,1,2,10020_10448_4,14:43:55,14:44:26,,,,,,,,,,,,,0:00:31,FALSE,,0,,,,0:00:34,,,TRUE
13-Aug-21,10020,10448,S1E14,Peter Benton,M,14:43:08,15:29:44,10020_10448_4,Direct Care,14:43:55,14:44:26,0:00:31,0:00:31,31,Patient,0,0,Hospital,10020_10448_5,10020_10448_3,1,2,10020_10448_3,14:43:55,14:44:26,,,,,,,,,,,,,0:00:31,FALSE,,0,,,,0:00:31,,,TRUE
13-Aug-21,10020,10448,S1E14,Peter Benton,M,14:43:08,15:29:44,10020_10448_5,Off-Screen,14:44:26,14:45:56,0:01:30,0:01:30,90,0,0,0,Off-Screen,10020_10448_6,,0,,,,,,,,,,,,,,,,,0:00:00,FALSE,,0,,,,0:01:30,,,TRUE
13-Aug-21,10020,10448,S1E14,Peter Benton,M,14:43:08,15:29:44,10020_10448_6,Professional Communication,14:45:56,14:46:07,0:00:11,0:00:11,11,Doctor(s),Talking,0,Hospital,10020_10448_9,"10020_10448_7,10020_10448_8",2,2,10020_10448_7,14:45:58,14:46:02,3,"10020_10448_7,10020_10448_8",14:46:02,14:46:07,,,,,,,,,0:00:09,FALSE,,0,,,,0:00:11,,,TRUE
13-Aug-21,10020,10448,S1E14,Peter Benton,M,14:43:08,15:29:44,10020_10448_7,In-transit,14:45:58,14:46:07,0:00:09,0:00:09,9,0,0,0,Hospital,10020_10448_9,"10020_10448_6,10020_10448_8",2,2,10020_10448_6,14:45:58,14:46:02,3,"10020_10448_6,10020_10448_8",14:46:02,14:46:07,,,,,,,,,0:00:09,FALSE,,0,,,,0:00:09,,,TRUE
13-Aug-21,10020,10448,S1E14,Peter Benton,M,14:43:08,15:29:44,10020_10448_8,Direct Care,14:46:02,14:46:07,0:00:05,0:00:05,5,Patient,0,0,Hospital,10020_10448_9,"10020_10448_7,10020_10448_6",1,3,"10020_10448_7,10020_10448_6",14:46:02,14:46:07,,,,,,,,,,,,,0:00:05,FALSE,,0,,,,0:00:05,,,TRUE
13-Aug-21,10020,10448,S1E14,Peter Benton,M,14:43:08,15:29:44,10020_10448_9,Off-Screen,14:46:07,14:48:18,0:02:11,0:02:11,131,0,0,0,Off-Screen,10020_10448_10,,0,,,,,,,,,,,,,,,,,0:00:00,FALSE,,0,,,,0:02:11,,,TRUE
13-Aug-21,10020,10448,S1E14,Peter Benton,M,14:43:08,15:29:44,10020_10448_10,Nothing Happening,14:48:18,14:49:35,0:01:17,0:01:17,77,0,0,0,Nothing Happening,10020_10448_11,,0,,,,,,,,,,,,,,,,,0:00:00,FALSE,,0,,,,0:01:17,,,TRUE
13-Aug-21,10020,10448,S1E14,Peter Benton,M,14:43:08,15:29:44,10020_10448_11,Off-Screen,14:49:35,14:50:23,0:00:48,0:00:48,48,0,0,0,Off-Screen,10020_10448_12,,0,,,,,,,,,,,,,,,,,0:00:00,FALSE,,0,,,,0:00:48,,,TRUE
13-Aug-21,10020,10448,S1E14,Peter Benton,M,14:43:08,15:29:44,10020_10448_12,In-transit,14:50:23,14:50:33,0:00:10,0:00:10,10,0,0,0,Hospital,user,10020_10448_13,1,2,10020_10448_13,14:50:25,14:50:33,,,,,,,,,,,,,0:00:08,FALSE,,0,,,,0:00:10,,,TRUE
13-Aug-21,10020,10448,S1E14,Peter Benton,M,14:43:08,15:29:44,10020_10448_13,Professional Communication,14:50:25,14:50:39,0:00:14,0:00:14,14,Doctor(s),Talking,0,Hospital,10020_10448_14,10020_10448_12,1,2,10020_10448_12,14:50:25,14:50:33,,,,,,,,,,,,,0:00:08,FALSE,,0,,,,0:00:14,,,TRUE
13-Aug-21,10020,10448,S1E14,Peter Benton,M,14:43:08,15:29:44,10020_10448_14,In-transit,14:50:39,14:50:42,0:00:03,0:00:03,3,0,0,0,Hospital,10020_10448_15,,0,,,,,,,,,,,,,,,,,0:00:00,FALSE,,0,,,,0:00:03,,,TRUE
13-Aug-21,10020,10448,S1E14,Peter Benton,M,14:43:08,15:29:44,10020_10448_15,Off-Screen,14:50:42,14:52:12,0:01:30,0:01:30,90,0,0,0,Off-Screen,10020_10448_16,,0,,,,,,,,,,,,,,,,,0:00:00,FALSE,,0,,,,0:01:30,,,TRUE
13-Aug-21,10020,10448,S1E14,Peter Benton,M,14:43:08,15:29:44,10020_10448_16,Social,14:52:12,14:52:23,0:00:11,0:00:11,11,Nurse,Talking,0,Hospital,10020_10448_18,10020_10448_17,1,2,10020_10448_17,14:52:16,14:52:23,,,,,,,,,,,,,0:00:07,FALSE,,0,,,,0:00:11,,,TRUE
13-Aug-21,10020,10448,S1E14,Peter Benton,M,14:43:08,15:29:44,10020_10448_17,In-transit,14:52:16,14:52:23,0:00:07,0:00:07,7,0,0,0,Hospital,10020_10448_18,10020_10448_16,1,2,10020_10448_16,14:52:16,14:52:23,,,,,,,,,,,,,0:00:07,FALSE,,0,,,,0:00:07,,,TRUE
13-Aug-21,10020,10448,S1E14,Peter Benton,M,14:43:08,15:29:44,10020_10448_18,In-transit,14:52:23,14:52:25,0:00:02,0:00:02,2,0,0,0,Hospital,10020_10448_19,,0,,,,,,,,,,,,,,,,,0:00:00,FALSE,,0,,,,0:00:02,,,TRUE
13-Aug-21,10020,10448,S1E14,Peter Benton,M,14:43:08,15:29:44,10020_10448_19,Off-Screen,14:52:25,14:58:32,0:06:07,0:06:07,367,0,0,0,Off-Screen,10020_10448_20,,0,,,,,,,,,,,,,,,,,0:00:00,FALSE,,0,,,,0:06:07,,,TRUE
13-Aug-21,10020,10448,S1E14,Peter Benton,M,14:43:08,15:29:44,10020_10448_20,Social,14:58:32,14:59:21,0:00:49,0:00:49,49,Doctor(s),Talking,0,Hospital,10020_10448_21,,0,,,,,,,,,,,,,,,,,0:00:00,FALSE,,0,,,,0:00:49,,,TRUE
13-Aug-21,10020,10448,S1E14,Peter Benton,M,14:43:08,15:29:44,10020_10448_21,In-transit,14:59:21,14:59:23,0:00:02,0:00:02,2,0,0,0,Hospital,10020_10448_22,,0,,,,,,,,,,,,,,,,,0:00:00,FALSE,,0,,,,0:00:02,,,TRUE
13-Aug-21,10020,10448,S1E14,Peter Benton,M,14:43:08,15:29:44,10020_10448_22,Off-Screen,14:59:23,15:02:01,0:02:38,0:02:38,158,0,0,0,Off-Screen,10020_10448_23,,0,,,,,,,,,,,,,,,,,0:00:00,FALSE,,0,,,,0:02:38,,,TRUE
13-Aug-21,10020,10448,S1E14,Peter Benton,M,14:43:08,15:29:44,10020_10448_23,Social,15:02:01,15:02:06,0:00:05,0:00:05,5,Other,Landline,0,Hospital,10020_10448_24,,0,,,,,,,,,,,,,,,,,0:00:00,FALSE,,0,,,,0:00:05,,,TRUE
13-Aug-21,10020,10448,S1E14,Peter Benton,M,14:43:08,15:29:44,10020_10448_24,Professional Communication,15:02:06,15:02:15,0:00:09,0:00:09,9,Nurse,Talking,0,Hospital,10020_10448_25,,0,,,,,,,,,,,,,,,,,0:00:00,FALSE,,0,,,,0:00:09,,,TRUE
13-Aug-21,10020,10448,S1E14,Peter Benton,M,14:43:08,15:29:44,10020_10448_25,Off-Screen,15:02:15,15:02:23,0:00:08,0:00:08,8,0,0,0,Off-Screen,10020_10448_26,,0,,,,,,,,,,,,,,,,,0:00:00,FALSE,,0,,,,0:00:08,,,TRUE
13-Aug-21,10020,10448,S1E14,Peter Benton,M,14:43:08,15:29:44,10020_10448_26,In-transit,15:02:23,15:02:30,0:00:07,0:00:07,7,0,0,0,Hospital,10020_10448_28,10020_10448_27,1,2,10020_10448_27,15:02:25,15:02:30,,,,,,,,,,,,,0:00:05,FALSE,,0,,,,0:00:07,,,TRUE
13-Aug-21,10020,10448,S1E14,Peter Benton,M,14:43:08,15:29:44,10020_10448_27,Professional Communication,15:02:25,15:02:30,0:00:05,0:00:05,5,Doctor(s),Talking,0,Hospital,10020_10448_28,10020_10448_26,1,2,10020_10448_26,15:02:25,15:02:30,,,,,,,,,,,,,0:00:05,FALSE,,0,,,,0:00:05,,,TRUE
13-Aug-21,10020,10448,S1E14,Peter Benton,M,14:43:08,15:29:44,10020_10448_28,Off-Screen,15:02:30,15:09:11,0:06:41,0:06:41,401,0,0,0,Off-Screen,10020_10448_29,,0,,,,,,,,,,,,,,,,,0:00:00,FALSE,,0,,,,0:06:41,,,TRUE
13-Aug-21,10020,10448,S1E14,Peter Benton,M,14:43:08,15:29:44,10020_10448_29,Professional Communication,15:09:11,15:09:54,0:00:43,0:00:43,43,Doctor(s),Talking,0,Hospital,10020_10448_30,,0,,,,,,,,,,,,,,,,,0:00:00,FALSE,,0,,,,0:00:43,,,TRUE
13-Aug-21,10020,10448,S1E14,Peter Benton,M,14:43:08,15:29:44,10020_10448_30,In-transit,15:09:54,15:09:56,0:00:02,0:00:02,2,0,0,0,Hospital,10020_10448_31,,0,,,,,,,,,,,,,,,,,0:00:00,FALSE,,0,,,,0:00:02,,,TRUE
13-Aug-21,10020,10448,S1E14,Peter Benton,M,14:43:08,15:29:44,10020_10448_31,Off-Screen,15:09:56,15:11:05,0:01:09,0:01:09,69,0,0,0,Off-Screen,10020_10448_32,,0,,,,,,,,,,,,,,,,,0:00:00,FALSE,,0,,,,0:01:09,,,TRUE
13-Aug-21,10020,10448,S1E14,Peter Benton,M,14:43:08,15:29:44,10020_10448_32,Social,15:11:05,15:29:44,0:18:39,0:01:31,91,Other,Talking,0,Community,session,10020_10448_33,1,2,10020_10448_33,15:11:11,15:11:40,,,,,,,,,,,,,0:00:29,FALSE,10020_10448_34,1,10020_10448_34,15:12:36,15:29:44,0:01:31,,0:17:08,TRUE
13-Aug-21,10020,10448,S1E14,Peter Benton,M,14:43:08,15:29:44,10020_10448_33,In-transit,15:11:11,15:11:40,0:00:29,0:00:29,29,0,0,0,Community,user,10020_10448_32,1,2,10020_10448_32,15:11:11,15:11:40,,,,,,,,,,,,,0:00:29,FALSE,,0,,,,0:00:29,,,TRUE
13-Aug-21,10020,10448,S1E14,Peter Benton,M,14:43:08,15:29:44,10020_10448_34,Professional Communication,15:12:36,15:12:51,0:00:15,0:00:15,15,Nurse,Landline,0,Community,10020_10448_35,,0,,,,,,,,,,,,,,,,,0:00:00,TRUE,,0,,,,0:00:15,,,TRUE
13-Aug-21,10020,10448,S1E14,Peter Benton,M,14:43:08,15:29:44,10020_10448_35,Nothing Happening,15:12:51,15:12:55,0:00:04,0:00:04,4,0,0,0,Nothing Happening,10020_10448_36,,0,,,,,,,,,,,,,,,,,0:00:00,FALSE,,0,,,,0:00:04,,,TRUE
13-Aug-21,10020,10448,S1E14,Peter Benton,M,14:43:08,15:29:44,10020_10448_36,In-transit,15:12:55,15:12:57,0:00:02,0:00:02,2,0,0,0,Community,10020_10448_37,,0,,,,,,,,,,,,,,,,,0:00:00,FALSE,,0,,,,0:00:02,,,TRUE
13-Aug-21,10020,10448,S1E14,Peter Benton,M,14:43:08,15:29:44,10020_10448_37,Off-Screen,15:12:57,15:18:07,0:05:10,0:05:10,310,0,0,0,Off-Screen,10020_10448_38,,0,,,,,,,,,,,,,,,,,0:00:00,FALSE,,0,,,,0:05:10,,,TRUE
13-Aug-21,10020,10448,S1E14,Peter Benton,M,14:43:08,15:29:44,10020_10448_38,Social,15:18:07,15:18:39,0:00:32,0:00:32,32,Doctor(s),Talking,0,Hospital,10020_10448_39,,0,,,,,,,,,,,,,,,,,0:00:00,FALSE,,0,,,,0:00:32,,,TRUE
13-Aug-21,10020,10448,S1E14,Peter Benton,M,14:43:08,15:29:44,10020_10448_39,Professional Communication,15:18:39,15:19:01,0:00:22,0:00:22,22,Doctor(s),Talking,0,Hospital,10020_10448_40,,0,,,,,,,,,,,,,,,,,0:00:00,FALSE,,0,,,,0:00:22,,,TRUE
13-Aug-21,10020,10448,S1E14,Peter Benton,M,14:43:08,15:29:44,10020_10448_40,Social,15:19:01,15:19:06,0:00:05,0:00:05,5,Doctor(s),Talking,0,Hospital,10020_10448_41,,0,,,,,,,,,,,,,,,,,0:00:00,FALSE,,0,,,,0:00:05,,,TRUE
13-Aug-21,10020,10448,S1E14,Peter Benton,M,14:43:08,15:29:44,10020_10448_41,Off-Screen,15:19:06,15:21:59,0:02:53,0:02:53,173,0,0,0,Off-Screen,10020_10448_42,,0,,,,,,,,,,,,,,,,,0:00:00,FALSE,,0,,,,0:02:53,,,TRUE
13-Aug-21,10020,10448,S1E14,Peter Benton,M,14:43:08,15:29:44,10020_10448_42,Nothing Happening,15:21:59,15:22:33,0:00:34,0:00:34,34,0,0,0,Nothing Happening,10020_10448_43,,0,,,,,,,,,,,,,,,,,0:00:00,FALSE,,0,,,,0:00:34,,,TRUE
13-Aug-21,10020,10448,S1E14,Peter Benton,M,14:43:08,15:29:44,10020_10448_43,Off-Screen,15:22:33,15:29:44,0:07:11,0:07:11,431,0,0,0,Off-Screen,session,,0,,,,,,,,,,,,,,,,,0:00:00,FALSE,,0,,,,0:07:11,,,TRUE
15-Aug-21,10020,10444,S1E18,Peter Benton,M,13:33:47,14:20:42,10020_10444_1,Nothing Happening,13:33:47,13:33:59,0:00:12,0:00:12,12,0,0,0,Nothing Happening,10020_10444_2,,0,,,,,,,,,,,,,,,,,0:00:00,FALSE,,0,,,,0:00:12,,,TRUE
15-Aug-21,10020,10444,S1E18,Peter Benton,M,13:33:47,14:20:42,10020_10444_2,Off-Screen,13:33:59,13:34:04,0:00:05,0:00:05,5,0,0,0,Off-Screen,10020_10444_3,,0,,,,,,,,,,,,,,,,,0:00:00,FALSE,,0,,,,0:00:05,,,TRUE
15-Aug-21,10020,10444,S1E18,Peter Benton,M,13:33:47,14:20:42,10020_10444_3,Professional Communication,13:34:04,13:34:37,0:00:33,0:00:33,33,Doctor(s),Talking,0,Hospital,10020_10444_7,"10020_10444_4,10020_10444_5,10020_10444_6",3,2,10020_10444_4,13:34:06,13:34:15,2,10020_10444_5,13:34:20,13:34:29,2,10020_10444_6,13:34:30,13:34:37,,,,,0:00:25,FALSE,,0,,,,0:00:33,,,TRUE
15-Aug-21,10020,10444,S1E18,Peter Benton,M,13:33:47,14:20:42,10020_10444_4,In-transit,13:34:06,13:34:15,0:00:09,0:00:09,9,0,0,0,Hospital,user,10020_10444_3,1,2,10020_10444_3,13:34:06,13:34:15,,,,,,,,,,,,,0:00:09,FALSE,,0,,,,0:00:09,,,TRUE
15-Aug-21,10020,10444,S1E18,Peter Benton,M,13:33:47,14:20:42,10020_10444_5,Document,13:34:20,13:34:29,0:00:09,0:00:09,9,0,0,0,Hospital,user,10020_10444_3,1,2,10020_10444_3,13:34:20,13:34:29,,,,,,,,,,,,,0:00:09,FALSE,,0,,,,0:00:09,,,TRUE
15-Aug-21,10020,10444,S1E18,Peter Benton,M,13:33:47,14:20:42,10020_10444_6,In-transit,13:34:30,13:34:37,0:00:07,0:00:07,7,0,0,0,Hospital,10020_10444_7,10020_10444_3,1,2,10020_10444_3,13:34:30,13:34:37,,,,,,,,,,,,,0:00:07,FALSE,,0,,,,0:00:07,,,TRUE
15-Aug-21,10020,10444,S1E18,Peter Benton,M,13:33:47,14:20:42,10020_10444_7,Off-Screen,13:34:37,13:34:44,0:00:07,0:00:07,7,0,0,0,Off-Screen,10020_10444_8,,0,,,,,,,,,,,,,,,,,0:00:00,FALSE,,0,,,,0:00:07,,,TRUE
15-Aug-21,10020,10444,S1E18,Peter Benton,M,13:33:47,14:20:42,10020_10444_8,Professional Communication,13:34:44,13:34:48,0:00:04,0:00:04,4,Doctor(s),Talking,0,Hospital,10020_10444_9,,0,,,,,,,,,,,,,,,,,0:00:00,FALSE,,0,,,,0:00:04,,,TRUE
15-Aug-21,10020,10444,S1E18,Peter Benton,M,13:33:47,14:20:42,10020_10444_9,Off-Screen,13:34:48,13:37:33,0:02:45,0:02:45,165,0,0,0,Off-Screen,10020_10444_10,,0,,,,,,,,,,,,,,,,,0:00:00,FALSE,,0,,,,0:02:45,,,TRUE
15-Aug-21,10020,10444,S1E18,Peter Benton,M,13:33:47,14:20:42,10020_10444_10,Professional Communication,13:37:33,13:38:25,0:00:52,0:00:52,52,Doctor(s),Talking,0,Hospital,10020_10444_12,10020_10444_11,1,2,10020_10444_11,13:37:35,13:37:39,,,,,,,,,,,,,0:00:04,FALSE,,0,,,,0:00:52,,,TRUE
15-Aug-21,10020,10444,S1E18,Peter Benton,M,13:33:47,14:20:42,10020_10444_11,In-transit,13:37:35,13:37:39,0:00:04,0:00:04,4,0,0,0,Hospital,user,10020_10444_10,1,2,10020_10444_10,13:37:35,13:37:39,,,,,,,,,,,,,0:00:04,FALSE,,0,,,,0:00:04,,,TRUE
15-Aug-21,10020,10444,S1E18,Peter Benton,M,13:33:47,14:20:42,10020_10444_12,Nothing Happening,13:38:25,13:39:15,0:00:50,0:00:50,50,0,0,0,Nothing Happening,10020_10444_13,,0,,,,,,,,,,,,,,,,,0:00:00,FALSE,,0,,,,0:00:50,,,TRUE
15-Aug-21,10020,10444,S1E18,Peter Benton,M,13:33:47,14:20:42,10020_10444_13,Off-Screen,13:39:15,13:39:53,0:00:38,0:00:38,38,0,0,0,Off-Screen,10020_10444_14,,0,,,,,,,,,,,,,,,,,0:00:00,FALSE,,0,,,,0:00:38,,,TRUE
15-Aug-21,10020,10444,S1E18,Peter Benton,M,13:33:47,14:20:42,10020_10444_14,Professional Communication,13:39:53,13:40:02,0:00:09,0:00:09,9,Doctor(s),Talking,0,Hospital,10020_10444_15,,0,,,,,,,,,,,,,,,,,0:00:00,FALSE,,0,,,,0:00:09,,,TRUE
15-Aug-21,10020,10444,S1E18,Peter Benton,M,13:33:47,14:20:42,10020_10444_15,In-transit,13:40:02,13:40:04,0:00:02,0:00:02,2,0,0,0,Hospital,10020_10444_16,,0,,,,,,,,,,,,,,,,,0:00:00,FALSE,,0,,,,0:00:02,,,TRUE
15-Aug-21,10020,10444,S1E18,Peter Benton,M,13:33:47,14:20:42,10020_10444_16,Off-Screen,13:40:04,13:42:05,0:02:01,0:02:01,121,0,0,0,Off-Screen,10020_10444_17,,0,,,,,,,,,,,,,,,,,0:00:00,FALSE,,0,,,,0:02:01,,,TRUE
15-Aug-21,10020,10444,S1E18,Peter Benton,M,13:33:47,14:20:42,10020_10444_17,Professional Communication,13:42:05,13:43:05,0:01:00,0:01:00,60,Doctor(s),Talking,0,Hospital,10020_10444_19,10020_10444_18,1,2,10020_10444_18,13:42:08,13:43:05,,,,,,,,,,,,,0:00:57,FALSE,,0,,,,0:01:00,,,TRUE
15-Aug-21,10020,10444,S1E18,Peter Benton,M,13:33:47,14:20:42,10020_10444_18,Direct Care,13:42:08,13:43:05,0:00:57,0:00:57,57,0,0,0,Hospital,10020_10444_19,10020_10444_17,1,2,10020_10444_17,13:42:08,13:43:05,,,,,,,,,,,,,0:00:57,FALSE,,0,,,,0:00:57,,,TRUE
15-Aug-21,10020,10444,S1E18,Peter Benton,M,13:33:47,14:20:42,10020_10444_19,Off-Screen,13:43:05,13:43:52,0:00:47,0:00:47,47,0,0,0,Off-Screen,10020_10444_20,,0,,,,,,,,,,,,,,,,,0:00:00,FALSE,,0,,,,0:00:47,,,TRUE
15-Aug-21,10020,10444,S1E18,Peter Benton,M,13:33:47,14:20:42,10020_10444_20,Professional Communication,13:43:52,13:44:21,0:00:29,0:00:29,29,Doctor(s),Talking,0,Hospital,10020_10444_22,10020_10444_21,1,2,10020_10444_21,13:43:57,13:44:21,,,,,,,,,,,,,0:00:24,FALSE,,0,,,,0:00:29,,,TRUE
15-Aug-21,10020,10444,S1E18,Peter Benton,M,13:33:47,14:20:42,10020_10444_21,Direct Care,13:43:57,13:44:21,0:00:24,0:00:24,24,0,0,0,Hospital,10020_10444_22,10020_10444_20,1,2,10020_10444_20,13:43:57,13:44:21,,,,,,,,,,,,,0:00:24,FALSE,,0,,,,0:00:24,,,TRUE
15-Aug-21,10020,10444,S1E18,Peter Benton,M,13:33:47,14:20:42,10020_10444_22,In-transit,13:44:21,13:44:25,0:00:04,0:00:04,4,0,0,0,Hospital,10020_10444_23,,0,,,,,,,,,,,,,,,,,0:00:00,FALSE,,0,,,,0:00:04,,,TRUE
15-Aug-21,10020,10444,S1E18,Peter Benton,M,13:33:47,14:20:42,10020_10444_23,Off-Screen,13:44:25,13:45:07,0:00:42,0:00:42,42,0,0,0,Off-Screen,10020_10444_24,,0,,,,,,,,,,,,,,,,,0:00:00,FALSE,,0,,,,0:00:42,,,TRUE
15-Aug-21,10020,10444,S1E18,Peter Benton,M,13:33:47,14:20:42,10020_10444_24,Nothing Happening,13:45:07,13:45:42,0:00:35,0:00:35,35,0,0,0,Nothing Happening,10020_10444_25,,0,,,,,,,,,,,,,,,,,0:00:00,FALSE,,0,,,,0:00:35,,,TRUE
15-Aug-21,10020,10444,S1E18,Peter Benton,M,13:33:47,14:20:42,10020_10444_25,Off-Screen,13:45:42,13:50:09,0:04:27,0:04:27,267,0,0,0,Off-Screen,10020_10444_26,,0,,,,,,,,,,,,,,,,,0:00:00,FALSE,,0,,,,0:04:27,,,TRUE
15-Aug-21,10020,10444,S1E18,Peter Benton,M,13:33:47,14:20:42,10020_10444_26,Nothing Happening,13:50:09,13:50:12,0:00:03,0:00:03,3,0,0,0,Hospital,10020_10444_27,,0,,,,,,,,,,,,,,,,,0:00:00,FALSE,,0,,,,0:00:03,,,TRUE
15-Aug-21,10020,10444,S1E18,Peter Benton,M,13:33:47,14:20:42,10020_10444_27,Professional Communication,13:50:12,13:50:43,0:00:31,0:00:31,31,Doctor(s),Talking,0,Hospital,10020_10444_28,,0,,,,,,,,,,,,,,,,,0:00:00,FALSE,,0,,,,0:00:31,,,TRUE
15-Aug-21,10020,10444,S1E18,Peter Benton,M,13:33:47,14:20:42,10020_10444_28,Off-Screen,13:50:43,13:53:34,0:02:51,0:02:51,171,0,0,0,Off-Screen,10020_10444_29,,0,,,,,,,,,,,,,,,,,0:00:00,FALSE,,0,,,,0:02:51,,,TRUE
15-Aug-21,10020,10444,S1E18,Peter Benton,M,13:33:47,14:20:42,10020_10444_29,In-transit,13:53:34,13:53:48,0:00:14,0:00:14,14,0,0,0,Hospital,user,10020_10444_30,1,2,10020_10444_30,13:53:36,13:53:48,,,,,,,,,,,,,0:00:12,FALSE,,0,,,,0:00:14,,,TRUE
15-Aug-21,10020,10444,S1E18,Peter Benton,M,13:33:47,14:20:42,10020_10444_30,Professional Communication,13:53:36,13:53:50,0:00:14,0:00:14,14,Doctor(s),Talking,0,Hospital,10020_10444_31,10020_10444_29,1,2,10020_10444_29,13:53:36,13:53:48,,,,,,,,,,,,,0:00:12,FALSE,,0,,,,0:00:14,,,TRUE
15-Aug-21,10020,10444,S1E18,Peter Benton,M,13:33:47,14:20:42,10020_10444_31,Direct Care,13:53:50,13:54:31,0:00:41,0:00:41,41,Patient,Talking,0,Hospital,user,"10020_10444_32,10020_10444_33",2,2,10020_10444_32,13:54:00,13:54:06,3,"10020_10444_32,10020_10444_33",13:54:06,13:54:31,,,,,,,,,0:00:31,FALSE,,0,,,,0:00:41,,,TRUE
15-Aug-21,10020,10444,S1E18,Peter Benton,M,13:33:47,14:20:42,10020_10444_32,In-transit,13:54:00,13:54:17,0:00:17,0:00:17,17,0,0,0,Hospital,user,"10020_10444_31,10020_10444_33",2,2,10020_10444_31,13:54:00,13:54:06,3,"10020_10444_31,10020_10444_33",13:54:06,13:54:17,,,,,,,,,0:00:17,FALSE,,0,,,,0:00:17,,,TRUE
15-Aug-21,10020,10444,S1E18,Peter Benton,M,13:33:47,14:20:42,10020_10444_33,Professional Communication,13:54:06,13:54:33,0:00:27,0:00:27,27,Doctor(s),Talking,0,Hospital,10020_10444_34,"10020_10444_32,10020_10444_31",1,3,"10020_10444_32,10020_10444_31",13:54:06,13:54:31,,,,,,,,,,,,,0:00:25,FALSE,,0,,,,0:00:27,,,TRUE
15-Aug-21,10020,10444,S1E18,Peter Benton,M,13:33:47,14:20:42,10020_10444_34,Off-Screen,13:54:33,13:56:14,0:01:41,0:01:41,101,0,0,0,Off-Screen,10020_10444_35,,0,,,,,,,,,,,,,,,,,0:00:00,FALSE,,0,,,,0:01:41,,,TRUE
15-Aug-21,10020,10444,S1E18,Peter Benton,M,13:33:47,14:20:42,10020_10444_35,Direct Care,13:56:14,13:56:43,0:00:29,0:00:29,29,Patient,Talking,0,Hospital,10020_10444_36,,0,,,,,,,,,,,,,,,,,0:00:00,FALSE,,0,,,,0:00:29,,,TRUE
15-Aug-21,10020,10444,S1E18,Peter Benton,M,13:33:47,14:20:42,10020_10444_36,In-transit,13:56:43,13:56:45,0:00:02,0:00:02,2,0,0,0,Hospital,10020_10444_37,,0,,,,,,,,,,,,,,,,,0:00:00,FALSE,,0,,,,0:00:02,,,TRUE
15-Aug-21,10020,10444,S1E18,Peter Benton,M,13:33:47,14:20:42,10020_10444_37,Off-Screen,13:56:45,13:58:29,0:01:44,0:01:44,104,0,0,0,Off-Screen,10020_10444_38,,0,,,,,,,,,,,,,,,,,0:00:00,FALSE,,0,,,,0:01:44,,,TRUE
15-Aug-21,10020,10444,S1E18,Peter Benton,M,13:33:47,14:20:42,10020_10444_38,Document,13:58:29,13:58:33,0:00:04,0:00:04,4,0,0,0,Hospital,10020_10444_39,,0,,,,,,,,,,,,,,,,,0:00:00,FALSE,,0,,,,0:00:04,,,TRUE
15-Aug-21,10020,10444,S1E18,Peter Benton,M,13:33:47,14:20:42,10020_10444_39,Social,13:58:33,13:58:45,0:00:12,0:00:12,12,Doctor(s),Talking,0,Hospital,10020_10444_40,,0,,,,,,,,,,,,,,,,,0:00:00,FALSE,,0,,,,0:00:12,,,TRUE
15-Aug-21,10020,10444,S1E18,Peter Benton,M,13:33:47,14:20:42,10020_10444_40,Off-Screen,13:58:45,14:00:46,0:02:01,0:02:01,121,0,0,0,Off-Screen,10020_10444_41,,0,,,,,,,,,,,,,,,,,0:00:00,FALSE,,0,,,,0:02:01,,,TRUE
15-Aug-21,10020,10444,S1E18,Peter Benton,M,13:33:47,14:20:42,10020_10444_41,Professional Communication,14:00:46,14:01:19,0:00:33,0:00:33,33,Doctor(s),Talking,0,Hospital,10020_10444_42,,0,,,,,,,,,,,,,,,,,0:00:00,FALSE,,0,,,,0:00:33,,,TRUE
15-Aug-21,10020,10444,S1E18,Peter Benton,M,13:33:47,14:20:42,10020_10444_42,In-transit,14:01:19,14:01:22,0:00:03,0:00:03,3,0,0,0,Hospital,10020_10444_43,,0,,,,,,,,,,,,,,,,,0:00:00,FALSE,,0,,,,0:00:03,,,TRUE
15-Aug-21,10020,10444,S1E18,Peter Benton,M,13:33:47,14:20:42,10020_10444_43,Off-Screen,14:01:22,14:03:01,0:01:39,0:01:39,99,0,0,0,Off-Screen,10020_10444_44,,0,,,,,,,,,,,,,,,,,0:00:00,FALSE,,0,,,,0:01:39,,,TRUE
15-Aug-21,10020,10444,S1E18,Peter Benton,M,13:33:47,14:20:42,10020_10444_44,Nothing Happening,14:03:01,14:03:35,0:00:34,0:00:34,34,0,0,0,Hospital,10020_10444_45,,0,,,,,,,,,,,,,,,,,0:00:00,FALSE,,0,,,,0:00:34,,,TRUE
15-Aug-21,10020,10444,S1E18,Peter Benton,M,13:33:47,14:20:42,10020_10444_45,Direct Care,14:03:35,14:03:39,0:00:04,0:00:04,4,Patient,Talking,0,Hospital,10020_10444_46,,0,,,,,,,,,,,,,,,,,0:00:00,FALSE,,0,,,,0:00:04,,,TRUE
15-Aug-21,10020,10444,S1E18,Peter Benton,M,13:33:47,14:20:42,10020_10444_46,In-transit,14:03:39,14:03:41,0:00:02,0:00:02,2,0,0,0,Hospital,10020_10444_47,,0,,,,,,,,,,,,,,,,,0:00:00,FALSE,,0,,,,0:00:02,,,TRUE
15-Aug-21,10020,10444,S1E18,Peter Benton,M,13:33:47,14:20:42,10020_10444_47,Off-Screen,14:03:41,14:04:04,0:00:23,0:00:23,23,0,0,0,Off-Screen,10020_10444_48,,0,,,,,,,,,,,,,,,,,0:00:00,FALSE,,0,,,,0:00:23,,,TRUE
15-Aug-21,10020,10444,S1E18,Peter Benton,M,13:33:47,14:20:42,10020_10444_48,Professional Communication,14:04:04,14:05:50,0:01:46,0:01:46,106,Doctor(s),Talking,0,Hospital,10020_10444_50,10020_10444_49,1,2,10020_10444_49,14:04:10,14:05:50,,,,,,,,,,,,,0:01:40,FALSE,,0,,,,0:01:46,,,TRUE
15-Aug-21,10020,10444,S1E18,Peter Benton,M,13:33:47,14:20:42,10020_10444_49,Direct Care,14:04:10,14:05:50,0:01:40,0:01:40,100,0,0,0,Hospital,10020_10444_50,10020_10444_48,1,2,10020_10444_48,14:04:10,14:05:50,,,,,,,,,,,,,0:01:40,FALSE,,0,,,,0:01:40,,,TRUE
15-Aug-21,10020,10444,S1E18,Peter Benton,M,13:33:47,14:20:42,10020_10444_50,In-transit,14:05:50,14:05:54,0:00:04,0:00:04,4,0,0,0,Hospital,10020_10444_51,,0,,,,,,,,,,,,,,,,,0:00:00,FALSE,,0,,,,0:00:04,,,TRUE
15-Aug-21,10020,10444,S1E18,Peter Benton,M,13:33:47,14:20:42,10020_10444_51,Off-Screen,14:05:54,14:08:33,0:02:39,0:02:39,159,0,0,0,Off-Screen,10020_10444_52,,0,,,,,,,,,,,,,,,,,0:00:00,FALSE,,0,,,,0:02:39,,,TRUE
15-Aug-21,10020,10444,S1E18,Peter Benton,M,13:33:47,14:20:42,10020_10444_52,Professional Communication,14:08:33,14:09:31,0:00:58,0:00:58,58,Doctor(s),Talking,0,Hospital,10020_10444_53,,0,,,,,,,,,,,,,,,,,0:00:00,FALSE,,0,,,,0:00:58,,,TRUE
15-Aug-21,10020,10444,S1E18,Peter Benton,M,13:33:47,14:20:42,10020_10444_53,Off-Screen,14:09:31,14:11:40,0:02:09,0:02:09,129,0,0,0,Off-Screen,10020_10444_54,,0,,,,,,,,,,,,,,,,,0:00:00,FALSE,,0,,,,0:02:09,,,TRUE
15-Aug-21,10020,10444,S1E18,Peter Benton,M,13:33:47,14:20:42,10020_10444_54,Social,14:11:40,14:12:54,0:01:14,0:01:14,74,Other,Talking,0,Community,10020_10444_55,,0,,,,,,,,,,,,,,,,,0:00:00,FALSE,,0,,,,0:01:14,,,TRUE
15-Aug-21,10020,10444,S1E18,Peter Benton,M,13:33:47,14:20:42,10020_10444_55,In-transit,14:12:54,14:13:04,0:00:10,0:00:10,10,0,0,0,Community,10020_10444_56,,0,,,,,,,,,,,,,,,,,0:00:00,FALSE,,0,,,,0:00:10,,,TRUE
15-Aug-21,10020,10444,S1E18,Peter Benton,M,13:33:47,14:20:42,10020_10444_56,Off-Screen,14:13:04,14:19:06,0:06:02,0:06:02,362,0,0,0,Off-Screen,10020_10444_57,,0,,,,,,,,,,,,,,,,,0:00:00,FALSE,,0,,,,0:06:02,,,TRUE
15-Aug-21,10020,10444,S1E18,Peter Benton,M,13:33:47,14:20:42,10020_10444_57,Nothing Happening,14:19:06,14:19:32,0:00:26,0:00:26,26,0,0,0,Community,10020_10444_58,,0,,,,,,,,,,,,,,,,,0:00:00,FALSE,,0,,,,0:00:26,,,TRUE
15-Aug-21,10020,10444,S1E18,Peter Benton,M,13:33:47,14:20:42,10020_10444_58,Social,14:19:32,14:19:40,0:00:08,0:00:08,8,Other,Talking,0,Community,10020_10444_59,,0,,,,,,,,,,,,,,,,,0:00:00,FALSE,,0,,,,0:00:08,,,TRUE
15-Aug-21,10020,10444,S1E18,Peter Benton,M,13:33:47,14:20:42,10020_10444_59,In-transit,14:19:40,14:20:13,0:00:33,0:00:33,33,0,0,0,Hospital,user,10020_10444_60,1,2,10020_10444_60,14:19:52,14:20:13,,,,,,,,,,,,,0:00:21,FALSE,,0,,,,0:00:33,,,TRUE
15-Aug-21,10020,10444,S1E18,Peter Benton,M,13:33:47,14:20:42,10020_10444_60,Professional Communication,14:19:52,14:20:42,0:00:50,0:00:50,50,Doctor(s),Talking,0,Hospital,session,10020_10444_59,1,2,10020_10444_59,14:19:52,14:20:13,,,,,,,,,,,,,0:00:21,FALSE,,0,,,,0:00:50,,,TRUE
15-Aug-21,10020,10443,S1E19,Peter Benton,M,14:36:13,15:22:34,10020_10443_1,Nothing Happening,14:36:13,14:36:22,0:00:09,0:00:09,9,0,0,0,Nothing Happening,10020_10443_2,,0,,,,,,,,,,,,,,,,,0:00:00,FALSE,,0,,,,0:00:09,,,TRUE
15-Aug-21,10020,10443,S1E19,Peter Benton,M,14:36:13,15:22:34,10020_10443_2,Off-Screen,14:36:22,14:37:23,0:01:01,0:01:01,61,0,0,0,Off-Screen,10020_10443_3,,0,,,,,,,,,,,,,,,,,0:00:00,FALSE,,0,,,,0:01:01,,,TRUE
15-Aug-21,10020,10443,S1E19,Peter Benton,M,14:36:13,15:22:34,10020_10443_3,Professional Communication,14:37:23,14:37:42,0:00:19,0:00:19,19,Doctor(s),Talking,0,Hospital,10020_10443_5,10020_10443_4,1,2,10020_10443_4,14:37:35,14:37:42,,,,,,,,,,,,,0:00:07,FALSE,,0,,,,0:00:19,,,TRUE
15-Aug-21,10020,10443,S1E19,Peter Benton,M,14:36:13,15:22:34,10020_10443_4,Direct Care,14:37:35,14:37:42,0:00:07,0:00:07,7,Patient,0,0,Hospital,10020_10443_5,10020_10443_3,1,2,10020_10443_3,14:37:35,14:37:42,,,,,,,,,,,,,0:00:07,FALSE,,0,,,,0:00:07,,,TRUE
15-Aug-21,10020,10443,S1E19,Peter Benton,M,14:36:13,15:22:34,10020_10443_5,Off-Screen,14:37:42,14:38:11,0:00:29,0:00:29,29,0,0,0,Off-Screen,10020_10443_6,,0,,,,,,,,,,,,,,,,,0:00:00,FALSE,,0,,,,0:00:29,,,TRUE
15-Aug-21,10020,10443,S1E19,Peter Benton,M,14:36:13,15:22:34,10020_10443_6,Professional Communication,14:38:11,14:38:37,0:00:26,0:00:26,26,Doctor(s),Talking,0,Hospital,user,10020_10443_7,1,2,10020_10443_7,14:38:13,14:38:37,,,,,,,,,,,,,0:00:24,FALSE,,0,,,,0:00:26,,,TRUE
15-Aug-21,10020,10443,S1E19,Peter Benton,M,14:36:13,15:22:34,10020_10443_7,Direct Care,14:38:13,14:38:38,0:00:25,0:00:25,25,Patient,0,0,Hospital,10020_10443_8,10020_10443_6,1,2,10020_10443_6,14:38:13,14:38:37,,,,,,,,,,,,,0:00:24,FALSE,,0,,,,0:00:25,,,TRUE
15-Aug-21,10020,10443,S1E19,Peter Benton,M,14:36:13,15:22:34,10020_10443_8,Off-Screen,14:38:38,14:38:44,0:00:06,0:00:06,6,0,0,0,Off-Screen,10020_10443_9,,0,,,,,,,,,,,,,,,,,0:00:00,FALSE,,0,,,,0:00:06,,,TRUE
15-Aug-21,10020,10443,S1E19,Peter Benton,M,14:36:13,15:22:34,10020_10443_9,In-transit,14:38:44,14:38:46,0:00:02,0:00:02,2,0,0,0,Hospital,10020_10443_10,,0,,,,,,,,,,,,,,,,,0:00:00,FALSE,,0,,,,0:00:02,,,TRUE
15-Aug-21,10020,10443,S1E19,Peter Benton,M,14:36:13,15:22:34,10020_10443_10,Off-Screen,14:38:46,14:40:16,0:01:30,0:01:30,90,0,0,0,Off-Screen,10020_10443_11,,0,,,,,,,,,,,,,,,,,0:00:00,FALSE,,0,,,,0:01:30,,,TRUE
15-Aug-21,10020,10443,S1E19,Peter Benton,M,14:36:13,15:22:34,10020_10443_11,Professional Communication,14:40:16,14:40:56,0:00:40,0:00:40,40,Doctor(s),Talking,0,Hospital,10020_10443_13,10020_10443_12,1,2,10020_10443_12,14:40:29,14:40:42,,,,,,,,,,,,,0:00:13,FALSE,,0,,,,0:00:40,,,TRUE
15-Aug-21,10020,10443,S1E19,Peter Benton,M,14:36:13,15:22:34,10020_10443_12,In-transit,14:40:29,14:40:42,0:00:13,0:00:13,13,0,0,0,Hospital,user,10020_10443_11,1,2,10020_10443_11,14:40:29,14:40:42,,,,,,,,,,,,,0:00:13,FALSE,,0,,,,0:00:13,,,TRUE
15-Aug-21,10020,10443,S1E19,Peter Benton,M,14:36:13,15:22:34,10020_10443_13,Nothing Happening,14:40:56,14:42:04,0:01:08,0:01:08,68,0,0,0,Nothing Happening,10020_10443_14,,0,,,,,,,,,,,,,,,,,0:00:00,FALSE,,0,,,,0:01:08,,,TRUE
15-Aug-21,10020,10443,S1E19,Peter Benton,M,14:36:13,15:22:34,10020_10443_14,Off-Screen,14:42:04,14:43:12,0:01:08,0:01:08,68,0,0,0,Off-Screen,10020_10443_15,,0,,,,,,,,,,,,,,,,,0:00:00,FALSE,,0,,,,0:01:08,,,TRUE
15-Aug-21,10020,10443,S1E19,Peter Benton,M,14:36:13,15:22:34,10020_10443_15,Nothing Happening,14:43:12,14:43:49,0:00:37,0:00:37,37,0,0,0,Hospital,10020_10443_16,,0,,,,,,,,,,,,,,,,,0:00:00,FALSE,,0,,,,0:00:37,,,TRUE
15-Aug-21,10020,10443,S1E19,Peter Benton,M,14:36:13,15:22:34,10020_10443_16,Off-Screen,14:43:49,14:45:43,0:01:54,0:01:54,114,0,0,0,Off-Screen,10020_10443_17,,0,,,,,,,,,,,,,,,,,0:00:00,FALSE,,0,,,,0:01:54,,,TRUE
15-Aug-21,10020,10443,S1E19,Peter Benton,M,14:36:13,15:22:34,10020_10443_17,Social,14:45:43,14:46:16,0:00:33,0:00:33,33,Other,Talking,0,Hospital,10020_10443_18,,0,,,,,,,,,,,,,,,,,0:00:00,FALSE,,0,,,,0:00:33,,,TRUE
15-Aug-21,10020,10443,S1E19,Peter Benton,M,14:36:13,15:22:34,10020_10443_18,Nothing Happening,14:46:16,14:46:19,0:00:03,0:00:03,3,0,0,0,Hospital,10020_10443_19,,0,,,,,,,,,,,,,,,,,0:00:00,FALSE,,0,,,,0:00:03,,,TRUE
15-Aug-21,10020,10443,S1E19,Peter Benton,M,14:36:13,15:22:34,10020_10443_19,Off-Screen,14:46:19,14:49:13,0:02:54,0:02:54,174,0,0,0,Off-Screen,10020_10443_20,,0,,,,,,,,,,,,,,,,,0:00:00,FALSE,,0,,,,0:02:54,,,TRUE
15-Aug-21,10020,10443,S1E19,Peter Benton,M,14:36:13,15:22:34,10020_10443_20,In-transit,14:49:13,14:49:58,0:00:45,0:00:45,45,0,0,0,Hospital,10020_10443_21,,0,,,,,,,,,,,,,,,,,0:00:00,FALSE,,0,,,,0:00:45,,,TRUE
15-Aug-21,10020,10443,S1E19,Peter Benton,M,14:36:13,15:22:34,10020_10443_21,Professional Communication,14:49:58,14:50:11,0:00:13,0:00:13,13,Doctor(s),Talking,0,Hospital,10020_10443_22,,0,,,,,,,,,,,,,,,,,0:00:00,FALSE,,0,,,,0:00:13,,,TRUE
15-Aug-21,10020,10443,S1E19,Peter Benton,M,14:36:13,15:22:34,10020_10443_22,In-transit,14:50:11,14:50:22,0:00:11,0:00:11,11,0,0,0,Hospital,10020_10443_23,,0,,,,,,,,,,,,,,,,,0:00:00,FALSE,,0,,,,0:00:11,,,TRUE
15-Aug-21,10020,10443,S1E19,Peter Benton,M,14:36:13,15:22:34,10020_10443_23,Off-Screen,14:50:22,14:58:17,0:07:55,0:07:55,475,0,0,0,Off-Screen,10020_10443_24,,0,,,,,,,,,,,,,,,,,0:00:00,FALSE,,0,,,,0:07:55,,,TRUE
15-Aug-21,10020,10443,S1E19,Peter Benton,M,14:36:13,15:22:34,10020_10443_24,Professional Communication,14:58:17,14:58:39,0:00:22,0:00:22,22,Doctor(s),Talking,0,Hospital,10020_10443_25,,0,,,,,,,,,,,,,,,,,0:00:00,FALSE,,0,,,,0:00:22,,,TRUE
15-Aug-21,10020,10443,S1E19,Peter Benton,M,14:36:13,15:22:34,10020_10443_25,Nothing Happening,14:58:39,14:58:48,0:00:09,0:00:09,9,0,0,0,Hospital,10020_10443_26,,0,,,,,,,,,,,,,,,,,0:00:00,FALSE,,0,,,,0:00:09,,,TRUE
15-Aug-21,10020,10443,S1E19,Peter Benton,M,14:36:13,15:22:34,10020_10443_26,Social,14:58:48,14:58:54,0:00:06,0:00:06,6,Other,Talking,0,Hospital,10020_10443_27,,0,,,,,,,,,,,,,,,,,0:00:00,FALSE,,0,,,,0:00:06,,,TRUE
15-Aug-21,10020,10443,S1E19,Peter Benton,M,14:36:13,15:22:34,10020_10443_27,Nothing Happening,14:58:54,14:59:35,0:00:41,0:00:41,41,0,0,0,Nothing Happening,10020_10443_28,,0,,,,,,,,,,,,,,,,,0:00:00,FALSE,,0,,,,0:00:41,,,TRUE
15-Aug-21,10020,10443,S1E19,Peter Benton,M,14:36:13,15:22:34,10020_10443_28,Off-Screen,14:59:35,15:22:34,0:22:59,0:22:59,1379,0,0,0,Off-Screen,session,,0,,,,,,,,,,,,,,,,,0:00:00,FALSE,,0,,,,0:22:59,,,TRUE
16-Aug-21,10020,10440,S1E22,Peter Benton,M,13:51:55,14:38:03,10020_10440_1,Nothing Happening,13:51:55,13:52:08,0:00:13,0:00:13,13,0,0,0,Nothing Happening,10020_10440_2,,0,,,,,,,,,,,,,,,,,0:00:00,FALSE,,0,,,,0:00:13,,,TRUE
16-Aug-21,10020,10440,S1E22,Peter Benton,M,13:51:55,14:38:03,10020_10440_2,Off-Screen,13:52:08,13:53:03,0:00:55,0:00:55,55,0,0,0,Off-Screen,10020_10440_3,,0,,,,,,,,,,,,,,,,,0:00:00,FALSE,,0,,,,0:00:55,,,TRUE
16-Aug-21,10020,10440,S1E22,Peter Benton,M,13:51:55,14:38:03,10020_10440_3,Social,13:53:03,13:53:47,0:00:44,0:00:44,44,Other,Talking,0,Community,10020_10440_4,,0,,,,,,,,,,,,,,,,,0:00:00,FALSE,,0,,,,0:00:44,,,TRUE
16-Aug-21,10020,10440,S1E22,Peter Benton,M,13:51:55,14:38:03,10020_10440_4,In-transit,13:53:47,13:53:49,0:00:02,0:00:02,2,0,0,0,Community,10020_10440_5,,0,,,,,,,,,,,,,,,,,0:00:00,FALSE,,0,,,,0:00:02,,,TRUE
16-Aug-21,10020,10440,S1E22,Peter Benton,M,13:51:55,14:38:03,10020_10440_5,Off-Screen,13:53:49,13:55:19,0:01:30,0:01:30,90,0,0,0,Off-Screen,10020_10440_6,,0,,,,,,,,,,,,,,,,,0:00:00,FALSE,,0,,,,0:01:30,,,TRUE
16-Aug-21,10020,10440,S1E22,Peter Benton,M,13:51:55,14:38:03,10020_10440_6,Professional Communication,13:55:19,13:56:01,0:00:42,0:00:42,42,Doctor(s),Talking,0,Hospital,10020_10440_9,"10020_10440_7,10020_10440_8",2,2,10020_10440_7,13:55:23,13:55:28,2,10020_10440_8,13:55:29,13:55:58,,,,,,,,,0:00:34,FALSE,,0,,,,0:00:42,,,TRUE
16-Aug-21,10020,10440,S1E22,Peter Benton,M,13:51:55,14:38:03,10020_10440_7,Indirect Care,13:55:23,13:55:28,0:00:05,0:00:05,5,0,0,0,Hospital,user,10020_10440_6,1,2,10020_10440_6,13:55:23,13:55:28,,,,,,,,,,,,,0:00:05,FALSE,,0,,,,0:00:05,,,TRUE
16-Aug-21,10020,10440,S1E22,Peter Benton,M,13:51:55,14:38:03,10020_10440_8,Direct Care,13:55:29,13:55:58,0:00:29,0:00:29,29,0,0,0,Hospital,user,10020_10440_6,1,2,10020_10440_6,13:55:29,13:55:58,,,,,,,,,,,,,0:00:29,FALSE,,0,,,,0:00:29,,,TRUE
16-Aug-21,10020,10440,S1E22,Peter Benton,M,13:51:55,14:38:03,10020_10440_9,In-transit,13:56:01,13:56:04,0:00:03,0:00:03,3,0,0,0,Hospital,10020_10440_10,,0,,,,,,,,,,,,,,,,,0:00:00,FALSE,,0,,,,0:00:03,,,TRUE
16-Aug-21,10020,10440,S1E22,Peter Benton,M,13:51:55,14:38:03,10020_10440_10,Nothing Happening,13:56:04,13:56:54,0:00:50,0:00:50,50,0,0,0,Nothing Happening,10020_10440_11,,0,,,,,,,,,,,,,,,,,0:00:00,FALSE,,0,,,,0:00:50,,,TRUE
16-Aug-21,10020,10440,S1E22,Peter Benton,M,13:51:55,14:38:03,10020_10440_11,Off-Screen,13:56:54,14:00:59,0:04:05,0:04:05,245,0,0,0,Off-Screen,10020_10440_12,,0,,,,,,,,,,,,,,,,,0:00:00,FALSE,,0,,,,0:04:05,,,TRUE
16-Aug-21,10020,10440,S1E22,Peter Benton,M,13:51:55,14:38:03,10020_10440_12,In-transit,14:00:59,14:01:09,0:00:10,0:00:10,10,0,0,0,Hospital,10020_10440_14,10020_10440_13,1,2,10020_10440_13,14:01:01,14:01:09,,,,,,,,,,,,,0:00:08,FALSE,,0,,,,0:00:10,,,TRUE
16-Aug-21,10020,10440,S1E22,Peter Benton,M,13:51:55,14:38:03,10020_10440_13,Direct Care,14:01:01,14:01:09,0:00:08,0:00:08,8,Other,Talking,0,Hospital,10020_10440_14,10020_10440_12,1,2,10020_10440_12,14:01:01,14:01:09,,,,,,,,,,,,,0:00:08,FALSE,,0,,,,0:00:08,,,TRUE
16-Aug-21,10020,10440,S1E22,Peter Benton,M,13:51:55,14:38:03,10020_10440_14,Professional Communication,14:01:09,14:01:47,0:00:38,0:00:38,38,Doctor(s),Talking,0,Hospital,10020_10440_16,10020_10440_15,1,2,10020_10440_15,14:01:11,14:01:47,,,,,,,,,,,,,0:00:36,FALSE,,0,,,,0:00:38,,,TRUE
16-Aug-21,10020,10440,S1E22,Peter Benton,M,13:51:55,14:38:03,10020_10440_15,Direct Care,14:01:11,14:01:47,0:00:36,0:00:36,36,0,0,0,Hospital,10020_10440_16,10020_10440_14,1,2,10020_10440_14,14:01:11,14:01:47,,,,,,,,,,,,,0:00:36,FALSE,,0,,,,0:00:36,,,TRUE
16-Aug-21,10020,10440,S1E22,Peter Benton,M,13:51:55,14:38:03,10020_10440_16,Off-Screen,14:01:47,14:02:49,0:01:02,0:01:02,62,0,0,0,Off-Screen,10020_10440_17,,0,,,,,,,,,,,,,,,,,0:00:00,FALSE,,0,,,,0:01:02,,,TRUE
16-Aug-21,10020,10440,S1E22,Peter Benton,M,13:51:55,14:38:03,10020_10440_17,Professional Communication,14:02:49,14:03:12,0:00:23,0:00:23,23,Nurse,Talking,0,Hospital,10020_10440_19,10020_10440_18,1,2,10020_10440_18,14:02:52,14:03:12,,,,,,,,,,,,,0:00:20,FALSE,,0,,,,0:00:23,,,TRUE
16-Aug-21,10020,10440,S1E22,Peter Benton,M,13:51:55,14:38:03,10020_10440_18,Direct Care,14:02:52,14:03:12,0:00:20,0:00:20,20,0,0,0,Hospital,10020_10440_19,10020_10440_17,1,2,10020_10440_17,14:02:52,14:03:12,,,,,,,,,,,,,0:00:20,FALSE,,0,,,,0:00:20,,,TRUE
16-Aug-21,10020,10440,S1E22,Peter Benton,M,13:51:55,14:38:03,10020_10440_19,Direct Care,14:03:12,14:03:23,0:00:11,0:00:11,11,Other,Talking,0,Hospital,10020_10440_20,,0,,,,,,,,,,,,,,,,,0:00:00,FALSE,,0,,,,0:00:11,,,TRUE
16-Aug-21,10020,10440,S1E22,Peter Benton,M,13:51:55,14:38:03,10020_10440_20,Professional Communication,14:03:23,14:03:31,0:00:08,0:00:08,8,Nurse,Talking,0,Hospital,10020_10440_21,,0,,,,,,,,,,,,,,,,,0:00:00,FALSE,,0,,,,0:00:08,,,TRUE
16-Aug-21,10020,10440,S1E22,Peter Benton,M,13:51:55,14:38:03,10020_10440_21,In-transit,14:03:31,14:03:33,0:00:02,0:00:02,2,0,0,0,Hospital,10020_10440_22,,0,,,,,,,,,,,,,,,,,0:00:00,FALSE,,0,,,,0:00:02,,,TRUE
16-Aug-21,10020,10440,S1E22,Peter Benton,M,13:51:55,14:38:03,10020_10440_22,Off-Screen,14:03:33,14:07:00,0:03:27,0:03:27,207,0,0,0,Off-Screen,10020_10440_23,,0,,,,,,,,,,,,,,,,,0:00:00,FALSE,,0,,,,0:03:27,,,TRUE
16-Aug-21,10020,10440,S1E22,Peter Benton,M,13:51:55,14:38:03,10020_10440_23,Nothing Happening,14:07:00,14:07:34,0:00:34,0:00:34,34,0,0,0,Nothing Happening,10020_10440_24,,0,,,,,,,,,,,,,,,,,0:00:00,FALSE,,0,,,,0:00:34,,,TRUE
16-Aug-21,10020,10440,S1E22,Peter Benton,M,13:51:55,14:38:03,10020_10440_24,Professional Communication,14:07:34,14:07:42,0:00:08,0:00:08,8,Nurse,Talking,0,Hospital,10020_10440_25,,0,,,,,,,,,,,,,,,,,0:00:00,FALSE,,0,,,,0:00:08,,,TRUE
16-Aug-21,10020,10440,S1E22,Peter Benton,M,13:51:55,14:38:03,10020_10440_25,Professional Communication,14:07:42,14:07:51,0:00:09,0:00:09,9,Doctor(s),Talking,0,Hospital,10020_10440_26,,0,,,,,,,,,,,,,,,,,0:00:00,FALSE,,0,,,,0:00:09,,,TRUE
16-Aug-21,10020,10440,S1E22,Peter Benton,M,13:51:55,14:38:03,10020_10440_26,Professional Communication,14:07:51,14:07:56,0:00:05,0:00:05,5,Nurse,Desktop,0,Hospital,10020_10440_27,,0,,,,,,,,,,,,,,,,,0:00:00,FALSE,,0,,,,0:00:05,,,TRUE
16-Aug-21,10020,10440,S1E22,Peter Benton,M,13:51:55,14:38:03,10020_10440_27,Off-Screen,14:07:56,14:12:36,0:04:40,0:04:40,280,0,0,0,Off-Screen,10020_10440_28,,0,,,,,,,,,,,,,,,,,0:00:00,FALSE,,0,,,,0:04:40,,,TRUE
16-Aug-21,10020,10440,S1E22,Peter Benton,M,13:51:55,14:38:03,10020_10440_28,In-transit,14:12:36,14:12:49,0:00:13,0:00:13,13,0,0,0,Hospital,user,10020_10440_29,1,2,10020_10440_29,14:12:38,14:12:49,,,,,,,,,,,,,0:00:11,FALSE,,0,,,,0:00:13,,,TRUE
16-Aug-21,10020,10440,S1E22,Peter Benton,M,13:51:55,14:38:03,10020_10440_29,Social,14:12:38,14:13:12,0:00:34,0:00:34,34,Doctor(s),Talking,0,Hospital,10020_10440_30,10020_10440_28,1,2,10020_10440_28,14:12:38,14:12:49,,,,,,,,,,,,,0:00:11,FALSE,,0,,,,0:00:34,,,TRUE
16-Aug-21,10020,10440,S1E22,Peter Benton,M,13:51:55,14:38:03,10020_10440_30,Professional Communication,14:13:12,14:13:16,0:00:04,0:00:04,4,Nurse,Talking,0,Hospital,10020_10440_31,,0,,,,,,,,,,,,,,,,,0:00:00,FALSE,,0,,,,0:00:04,,,TRUE
16-Aug-21,10020,10440,S1E22,Peter Benton,M,13:51:55,14:38:03,10020_10440_31,Direct Care,14:13:16,14:13:30,0:00:14,0:00:14,14,Patient,Talking,0,Hospital,10020_10440_32,,0,,,,,,,,,,,,,,,,,0:00:00,FALSE,,0,,,,0:00:14,,,TRUE
16-Aug-21,10020,10440,S1E22,Peter Benton,M,13:51:55,14:38:03,10020_10440_32,Professional Communication,14:13:30,14:13:34,0:00:04,0:00:04,4,Nurse,Talking,0,Hospital,10020_10440_33,,0,,,,,,,,,,,,,,,,,0:00:00,FALSE,,0,,,,0:00:04,,,TRUE
16-Aug-21,10020,10440,S1E22,Peter Benton,M,13:51:55,14:38:03,10020_10440_33,Direct Care,14:13:34,14:13:59,0:00:25,0:00:25,25,Patient,Talking,0,Hospital,10020_10440_34,,0,,,,,,,,,,,,,,,,,0:00:00,FALSE,,0,,,,0:00:25,,,TRUE
16-Aug-21,10020,10440,S1E22,Peter Benton,M,13:51:55,14:38:03,10020_10440_34,Professional Communication,14:13:59,14:14:04,0:00:05,0:00:05,5,Doctor(s),Talking,0,Hospital,10020_10440_35,,0,,,,,,,,,,,,,,,,,0:00:00,FALSE,,0,,,,0:00:05,,,TRUE
16-Aug-21,10020,10440,S1E22,Peter Benton,M,13:51:55,14:38:03,10020_10440_35,Direct Care,14:14:04,14:14:06,0:00:02,0:00:02,2,Patient,Talking,0,Hospital,10020_10440_36,,0,,,,,,,,,,,,,,,,,0:00:00,FALSE,,0,,,,0:00:02,,,TRUE
16-Aug-21,10020,10440,S1E22,Peter Benton,M,13:51:55,14:38:03,10020_10440_36,In-transit,14:14:06,14:14:09,0:00:03,0:00:03,3,0,0,0,Hospital,10020_10440_37,,0,,,,,,,,,,,,,,,,,0:00:00,FALSE,,0,,,,0:00:03,,,TRUE
16-Aug-21,10020,10440,S1E22,Peter Benton,M,13:51:55,14:38:03,10020_10440_37,Off-Screen,14:14:09,14:14:58,0:00:49,0:00:49,49,0,0,0,Off-Screen,10020_10440_38,,0,,,,,,,,,,,,,,,,,0:00:00,FALSE,,0,,,,0:00:49,,,TRUE
16-Aug-21,10020,10440,S1E22,Peter Benton,M,13:51:55,14:38:03,10020_10440_38,Direct Care,14:14:58,14:16:07,0:01:09,0:01:09,69,Patient,Talking,0,Hospital,10020_10440_39,,0,,,,,,,,,,,,,,,,,0:00:00,FALSE,,0,,,,0:01:09,,,TRUE
16-Aug-21,10020,10440,S1E22,Peter Benton,M,13:51:55,14:38:03,10020_10440_39,In-transit,14:16:07,14:16:13,0:00:06,0:00:06,6,0,0,0,Hospital,10020_10440_41,10020_10440_40,1,2,10020_10440_40,14:16:10,14:16:13,,,,,,,,,,,,,0:00:03,FALSE,,0,,,,0:00:06,,,TRUE
16-Aug-21,10020,10440,S1E22,Peter Benton,M,13:51:55,14:38:03,10020_10440_40,Professional Communication,14:16:10,14:16:13,0:00:03,0:00:03,3,Doctor(s),Talking,0,Hospital,10020_10440_41,10020_10440_39,1,2,10020_10440_39,14:16:10,14:16:13,,,,,,,,,,,,,0:00:03,FALSE,,0,,,,0:00:03,,,TRUE
16-Aug-21,10020,10440,S1E22,Peter Benton,M,13:51:55,14:38:03,10020_10440_41,Off-Screen,14:16:13,14:18:01,0:01:48,0:01:48,108,0,0,0,Off-Screen,10020_10440_42,,0,,,,,,,,,,,,,,,,,0:00:00,FALSE,,0,,,,0:01:48,,,TRUE
16-Aug-21,10020,10440,S1E22,Peter Benton,M,13:51:55,14:38:03,10020_10440_42,Nothing Happening,14:18:01,14:18:36,0:00:35,0:00:35,35,0,0,0,Nothing Happening,10020_10440_43,,0,,,,,,,,,,,,,,,,,0:00:00,FALSE,,0,,,,0:00:35,,,TRUE
16-Aug-21,10020,10440,S1E22,Peter Benton,M,13:51:55,14:38:03,10020_10440_43,Professional Communication,14:18:36,14:18:49,0:00:13,0:00:13,13,Nurse,Talking,0,Hospital,10020_10440_45,10020_10440_44,1,2,10020_10440_44,14:18:39,14:18:43,,,,,,,,,,,,,0:00:04,FALSE,,0,,,,0:00:13,,,TRUE
16-Aug-21,10020,10440,S1E22,Peter Benton,M,13:51:55,14:38:03,10020_10440_44,In-transit,14:18:39,14:18:43,0:00:04,0:00:04,4,0,0,0,Hospital,user,10020_10440_43,1,2,10020_10440_43,14:18:39,14:18:43,,,,,,,,,,,,,0:00:04,FALSE,,0,,,,0:00:04,,,TRUE
16-Aug-21,10020,10440,S1E22,Peter Benton,M,13:51:55,14:38:03,10020_10440_45,In-transit,14:18:49,14:18:51,0:00:02,0:00:02,2,0,0,0,Hospital,10020_10440_46,,0,,,,,,,,,,,,,,,,,0:00:00,FALSE,,0,,,,0:00:02,,,TRUE
16-Aug-21,10020,10440,S1E22,Peter Benton,M,13:51:55,14:38:03,10020_10440_46,Off-Screen,14:18:51,14:20:45,0:01:54,0:01:54,114,0,0,0,Off-Screen,10020_10440_47,,0,,,,,,,,,,,,,,,,,0:00:00,FALSE,,0,,,,0:01:54,,,TRUE
16-Aug-21,10020,10440,S1E22,Peter Benton,M,13:51:55,14:38:03,10020_10440_47,Professional Communication,14:20:45,14:21:42,0:00:57,0:00:57,57,Doctor(s),Talking,0,Hospital,10020_10440_48,,0,,,,,,,,,,,,,,,,,0:00:00,FALSE,,0,,,,0:00:57,,,TRUE
16-Aug-21,10020,10440,S1E22,Peter Benton,M,13:51:55,14:38:03,10020_10440_48,Off-Screen,14:21:42,14:22:16,0:00:34,0:00:34,34,0,0,0,Off-Screen,10020_10440_49,,0,,,,,,,,,,,,,,,,,0:00:00,FALSE,,0,,,,0:00:34,,,TRUE
16-Aug-21,10020,10440,S1E22,Peter Benton,M,13:51:55,14:38:03,10020_10440_49,Professional Communication,14:22:16,14:22:19,0:00:03,0:00:03,3,Nurse,Talking,0,Hospital,10020_10440_50,,0,,,,,,,,,,,,,,,,,0:00:00,FALSE,,0,,,,0:00:03,,,TRUE
16-Aug-21,10020,10440,S1E22,Peter Benton,M,13:51:55,14:38:03,10020_10440_50,Professional Communication,14:22:19,14:22:25,0:00:06,0:00:06,6,Doctor(s),Landline,0,Hospital,10020_10440_51,,0,,,,,,,,,,,,,,,,,0:00:00,FALSE,,0,,,,0:00:06,,,TRUE
16-Aug-21,10020,10440,S1E22,Peter Benton,M,13:51:55,14:38:03,10020_10440_51,In-transit,14:22:25,14:22:27,0:00:02,0:00:02,2,0,0,0,Hospital,10020_10440_52,,0,,,,,,,,,,,,,,,,,0:00:00,FALSE,,0,,,,0:00:02,,,TRUE
16-Aug-21,10020,10440,S1E22,Peter Benton,M,13:51:55,14:38:03,10020_10440_52,Professional Communication,14:22:27,14:22:33,0:00:06,0:00:06,6,Doctor(s),Talking,0,Hospital,10020_10440_53,,0,,,,,,,,,,,,,,,,,0:00:00,FALSE,,0,,,,0:00:06,,,TRUE
16-Aug-21,10020,10440,S1E22,Peter Benton,M,13:51:55,14:38:03,10020_10440_53,In-transit,14:22:33,14:22:35,0:00:02,0:00:02,2,0,0,0,Hospital,10020_10440_54,,0,,,,,,,,,,,,,,,,,0:00:00,FALSE,,0,,,,0:00:02,,,TRUE
16-Aug-21,10020,10440,S1E22,Peter Benton,M,13:51:55,14:38:03,10020_10440_54,Off-Screen,14:22:35,14:27:39,0:05:04,0:05:04,304,0,0,0,Off-Screen,10020_10440_55,,0,,,,,,,,,,,,,,,,,0:00:00,FALSE,,0,,,,0:05:04,,,TRUE
16-Aug-21,10020,10440,S1E22,Peter Benton,M,13:51:55,14:38:03,10020_10440_55,In-transit,14:27:39,14:27:50,0:00:11,0:00:11,11,0,0,0,Community,10020_10440_56,,0,,,,,,,,,,,,,,,,,0:00:00,FALSE,,0,,,,0:00:11,,,TRUE
16-Aug-21,10020,10440,S1E22,Peter Benton,M,13:51:55,14:38:03,10020_10440_56,Nothing Happening,14:27:50,14:27:58,0:00:08,0:00:08,8,0,0,0,Nothing Happening,10020_10440_57,,0,,,,,,,,,,,,,,,,,0:00:00,FALSE,,0,,,,0:00:08,,,TRUE
16-Aug-21,10020,10440,S1E22,Peter Benton,M,13:51:55,14:38:03,10020_10440_57,Off-Screen,14:27:58,14:28:01,0:00:03,0:00:03,3,0,0,0,Off-Screen,10020_10440_58,,0,,,,,,,,,,,,,,,,,0:00:00,FALSE,,0,,,,0:00:03,,,TRUE
16-Aug-21,10020,10440,S1E22,Peter Benton,M,13:51:55,14:38:03,10020_10440_58,In-transit,14:28:01,14:28:21,0:00:20,0:00:20,20,0,0,0,Community,10020_10440_59,,0,,,,,,,,,,,,,,,,,0:00:00,FALSE,,0,,,,0:00:20,,,TRUE
16-Aug-21,10020,10440,S1E22,Peter Benton,M,13:51:55,14:38:03,10020_10440_59,Professional Communication,14:28:21,14:28:27,0:00:06,0:00:06,6,Doctor(s),Talking,0,Community,10020_10440_60,,0,,,,,,,,,,,,,,,,,0:00:00,FALSE,,0,,,,0:00:06,,,TRUE
16-Aug-21,10020,10440,S1E22,Peter Benton,M,13:51:55,14:38:03,10020_10440_60,In-transit,14:28:27,14:28:30,0:00:03,0:00:03,3,0,0,0,Community,10020_10440_61,,0,,,,,,,,,,,,,,,,,0:00:00,FALSE,,0,,,,0:00:03,,,TRUE
16-Aug-21,10020,10440,S1E22,Peter Benton,M,13:51:55,14:38:03,10020_10440_61,Off-Screen,14:28:30,14:30:06,0:01:36,0:01:36,96,0,0,0,Off-Screen,10020_10440_62,,0,,,,,,,,,,,,,,,,,0:00:00,FALSE,,0,,,,0:01:36,,,TRUE
16-Aug-21,10020,10440,S1E22,Peter Benton,M,13:51:55,14:38:03,10020_10440_62,Direct Care,14:30:06,14:31:20,0:01:14,0:01:14,74,Patient,Talking,0,Hospital,10020_10440_63,,0,,,,,,,,,,,,,,,,,0:00:00,FALSE,,0,,,,0:01:14,,,TRUE
16-Aug-21,10020,10440,S1E22,Peter Benton,M,13:51:55,14:38:03,10020_10440_63,Nothing Happening,14:31:20,14:31:37,0:00:17,0:00:17,17,0,0,0,Hospital,10020_10440_64,,0,,,,,,,,,,,,,,,,,0:00:00,FALSE,,0,,,,0:00:17,,,TRUE
16-Aug-21,10020,10440,S1E22,Peter Benton,M,13:51:55,14:38:03,10020_10440_64,Off-Screen,14:31:37,14:31:40,0:00:03,0:00:03,3,0,0,0,Off-Screen,10020_10440_65,,0,,,,,,,,,,,,,,,,,0:00:00,FALSE,,0,,,,0:00:03,,,TRUE
16-Aug-21,10020,10440,S1E22,Peter Benton,M,13:51:55,14:38:03,10020_10440_65,In-transit,14:31:40,14:31:43,0:00:03,0:00:03,3,0,0,0,Hospital,10020_10440_66,,0,,,,,,,,,,,,,,,,,0:00:00,FALSE,,0,,,,0:00:03,,,TRUE
16-Aug-21,10020,10440,S1E22,Peter Benton,M,13:51:55,14:38:03,10020_10440_66,Professional Communication,14:31:43,14:32:16,0:00:33,0:00:33,33,Doctor(s),Talking,0,Hospital,10020_10440_68,10020_10440_67,1,2,10020_10440_67,14:31:50,14:32:10,,,,,,,,,,,,,0:00:20,FALSE,,0,,,,0:00:33,,,TRUE
16-Aug-21,10020,10440,S1E22,Peter Benton,M,13:51:55,14:38:03,10020_10440_67,In-transit,14:31:50,14:32:10,0:00:20,0:00:20,20,0,0,0,Hospital,user,10020_10440_66,1,2,10020_10440_66,14:31:50,14:32:10,,,,,,,,,,,,,0:00:20,FALSE,,0,,,,0:00:20,,,TRUE
16-Aug-21,10020,10440,S1E22,Peter Benton,M,13:51:55,14:38:03,10020_10440_68,Social,14:32:16,14:32:21,0:00:05,0:00:05,5,Doctor(s),Talking,0,Hospital,10020_10440_69,,0,,,,,,,,,,,,,,,,,0:00:00,FALSE,,0,,,,0:00:05,,,TRUE
16-Aug-21,10020,10440,S1E22,Peter Benton,M,13:51:55,14:38:03,10020_10440_69,Off-Screen,14:32:21,14:35:52,0:03:31,0:03:31,211,0,0,0,Off-Screen,10020_10440_70,,0,,,,,,,,,,,,,,,,,0:00:00,FALSE,,0,,,,0:03:31,,,TRUE
16-Aug-21,10020,10440,S1E22,Peter Benton,M,13:51:55,14:38:03,10020_10440_70,Social,14:35:52,14:37:39,0:01:47,0:01:47,107,Doctor(s),Talking,0,Community,10020_10440_71,,0,,,,,,,,,,,,,,,,,0:00:00,FALSE,,0,,,,0:01:47,,,TRUE
16-Aug-21,10020,10440,S1E22,Peter Benton,M,13:51:55,14:38:03,10020_10440_71,Nothing Happening,14:37:39,14:38:03,0:00:24,0:00:24,24,0,0,0,Community,session,,0,,,,,,,,,,,,,,,,,0:00:00,FALSE,,0,,,,0:00:24,,,TRUE
30-Jun-22,10040,10663,Season 1 Episode 14,Peter Benton,M,13:21:34,14:14:12,10040_10663_1,Off-Screen,13:21:34,13:22:27,0:00:53,0:00:53,53,0,0,0,Off-Screen,10040_10663_2,,0,,,,,,,,,,,,,,,,,0:00:00,FALSE,,0,,,,0:00:53,,,TRUE
30-Jun-22,10040,10663,Season 1 Episode 14,Peter Benton,M,13:21:34,14:14:12,10040_10663_2,Direct Care,13:22:27,13:23:07,0:00:40,0:00:40,40,Doctor(s),Talking,0,ICU,10040_10663_5,"10040_10663_3,10040_10663_4",2,2,10040_10663_3,13:22:30,13:22:56,3,"10040_10663_3,10040_10663_4",13:22:56,13:23:07,,,,,,,,,0:00:37,FALSE,,0,,,,0:00:40,,,TRUE
30-Jun-22,10040,10663,Season 1 Episode 14,Peter Benton,M,13:21:34,14:14:12,10040_10663_3,Direct Care,13:22:30,13:23:07,0:00:37,0:00:37,37,Patient,0,0,ICU,10040_10663_5,"10040_10663_2,10040_10663_4",2,2,10040_10663_2,13:22:30,13:22:56,3,"10040_10663_2,10040_10663_4",13:22:56,13:23:07,,,,,,,,,0:00:37,FALSE,,0,,,,0:00:37,,,TRUE
30-Jun-22,10040,10663,Season 1 Episode 14,Peter Benton,M,13:21:34,14:14:12,10040_10663_4,Direct Care,13:22:56,13:23:07,0:00:11,0:00:11,11,Nurse,Talking,0,ICU,user,"10040_10663_3,10040_10663_2",1,3,"10040_10663_3,10040_10663_2",13:22:56,13:23:07,,,,,,,,,,,,,0:00:11,FALSE,,0,,,,0:00:11,,,TRUE
30-Jun-22,10040,10663,Season 1 Episode 14,Peter Benton,M,13:21:34,14:14:12,10040_10663_5,Off-Screen,13:23:07,13:24:32,0:01:25,0:01:25,85,0,0,0,Off-Screen,10040_10663_6,,0,,,,,,,,,,,,,,,,,0:00:00,FALSE,,0,,,,0:01:25,,,TRUE
30-Jun-22,10040,10663,Season 1 Episode 14,Peter Benton,M,13:21:34,14:14:12,10040_10663_6,In-transit,13:24:32,13:24:40,0:00:08,0:00:08,8,0,0,0,Hospital,10040_10663_8,10040_10663_7,1,2,10040_10663_7,13:24:36,13:24:40,,,,,,,,,,,,,0:00:04,FALSE,,0,,,,0:00:08,,,TRUE
30-Jun-22,10040,10663,Season 1 Episode 14,Peter Benton,M,13:21:34,14:14:12,10040_10663_7,Professional Communication,13:24:36,13:24:40,0:00:04,0:00:04,4,Doctor(s),Talking,0,Hospital,user,10040_10663_6,1,2,10040_10663_6,13:24:36,13:24:40,,,,,,,,,,,,,0:00:04,FALSE,,0,,,,0:00:04,,,TRUE
30-Jun-22,10040,10663,Season 1 Episode 14,Peter Benton,M,13:21:34,14:14:12,10040_10663_8,Off-Screen,13:24:40,13:29:27,0:04:47,0:04:47,287,0,0,0,Off-Screen,10040_10663_9,,0,,,,,,,,,,,,,,,,,0:00:00,FALSE,,0,,,,0:04:47,,,TRUE
30-Jun-22,10040,10663,Season 1 Episode 14,Peter Benton,M,13:21:34,14:14:12,10040_10663_9,In-transit,13:29:27,13:29:35,0:00:08,0:00:08,8,0,0,0,Hospital,user,10040_10663_10,1,2,10040_10663_10,13:29:28,13:29:35,,,,,,,,,,,,,0:00:07,FALSE,,0,,,,0:00:08,,,TRUE
30-Jun-22,10040,10663,Season 1 Episode 14,Peter Benton,M,13:21:34,14:14:12,10040_10663_10,Professional Communication,13:29:28,13:29:42,0:00:14,0:00:14,14,Doctor(s),Talking,0,Hospital,10040_10663_11,10040_10663_9,1,2,10040_10663_9,13:29:28,13:29:35,,,,,,,,,,,,,0:00:07,FALSE,,0,,,,0:00:14,,,TRUE
30-Jun-22,10040,10663,Season 1 Episode 14,Peter Benton,M,13:21:34,14:14:12,10040_10663_11,Off-Screen,13:29:42,13:31:15,0:01:33,0:01:33,93,0,0,0,Off-Screen,10040_10663_12,,0,,,,,,,,,,,,,,,,,0:00:00,FALSE,,0,,,,0:01:33,,,TRUE
30-Jun-22,10040,10663,Season 1 Episode 14,Peter Benton,M,13:21:34,14:14:12,10040_10663_12,In-transit,13:31:15,13:31:27,0:00:12,0:00:12,12,0,0,0,Hospital,10040_10663_14,10040_10663_13,1,2,10040_10663_13,13:31:17,13:31:27,,,,,,,,,,,,,0:00:10,FALSE,,0,,,,0:00:12,,,TRUE
30-Jun-22,10040,10663,Season 1 Episode 14,Peter Benton,M,13:21:34,14:14:12,10040_10663_13,Professional Communication,13:31:17,13:31:27,0:00:10,0:00:10,10,Nurse,Talking,0,Hospital,user,10040_10663_12,1,2,10040_10663_12,13:31:17,13:31:27,,,,,,,,,,,,,0:00:10,FALSE,,0,,,,0:00:10,,,TRUE
30-Jun-22,10040,10663,Season 1 Episode 14,Peter Benton,M,13:21:34,14:14:12,10040_10663_14,Off-Screen,13:31:27,13:39:31,0:08:04,0:08:04,484,0,0,0,Off-Screen,10040_10663_15,,0,,,,,,,,,,,,,,,,,0:00:00,FALSE,,0,,,,0:08:04,,,TRUE
30-Jun-22,10040,10663,Season 1 Episode 14,Peter Benton,M,13:21:34,14:14:12,10040_10663_15,Nothing Happening,13:39:31,13:39:35,0:00:04,0:00:04,4,0,0,0,Nothing Happening,10040_10663_16,,0,,,,,,,,,,,,,,,,,0:00:00,FALSE,,0,,,,0:00:04,,,TRUE
30-Jun-22,10040,10663,Season 1 Episode 14,Peter Benton,M,13:21:34,14:14:12,10040_10663_16,Social,13:39:35,13:40:24,0:00:49,0:00:49,49,Other,Talking,0,Hospital,10040_10663_17,,0,,,,,,,,,,,,,,,,,0:00:00,FALSE,,0,,,,0:00:49,,,TRUE
30-Jun-22,10040,10663,Season 1 Episode 14,Peter Benton,M,13:21:34,14:14:12,10040_10663_17,Off-Screen,13:40:24,13:43:06,0:02:42,0:02:42,162,0,0,0,Off-Screen,10040_10663_18,,0,,,,,,,,,,,,,,,,,0:00:00,FALSE,,0,,,,0:02:42,,,TRUE
30-Jun-22,10040,10663,Season 1 Episode 14,Peter Benton,M,13:21:34,14:14:12,10040_10663_18,Professional Communication,13:43:06,13:43:10,0:00:04,0:00:04,4,0,Landline,0,Hospital,10040_10663_19,,0,,,,,,,,,,,,,,,,,0:00:00,FALSE,,0,,,,0:00:04,,,TRUE
30-Jun-22,10040,10663,Season 1 Episode 14,Peter Benton,M,13:21:34,14:14:12,10040_10663_19,Professional Communication,13:43:10,13:43:19,0:00:09,0:00:09,9,Nurse,Talking,0,Hospital,10040_10663_20,,0,,,,,,,,,,,,,,,,,0:00:00,FALSE,,0,,,,0:00:09,,,TRUE
30-Jun-22,10040,10663,Season 1 Episode 14,Peter Benton,M,13:21:34,14:14:12,10040_10663_20,Nothing Happening,13:43:19,13:43:24,0:00:05,0:00:05,5,0,0,0,Nothing Happening,10040_10663_21,,0,,,,,,,,,,,,,,,,,0:00:00,FALSE,,0,,,,0:00:05,,,TRUE
30-Jun-22,10040,10663,Season 1 Episode 14,Peter Benton,M,13:21:34,14:14:12,10040_10663_21,In-transit,13:43:24,13:43:28,0:00:04,0:00:04,4,0,0,0,Hospital,10040_10663_22,,0,,,,,,,,,,,,,,,,,0:00:00,FALSE,,0,,,,0:00:04,,,TRUE
30-Jun-22,10040,10663,Season 1 Episode 14,Peter Benton,M,13:21:34,14:14:12,10040_10663_22,Professional Communication,13:43:28,13:43:32,0:00:04,0:00:04,4,Doctor(s),Talking,0,Hospital,10040_10663_23,,0,,,,,,,,,,,,,,,,,0:00:00,FALSE,,0,,,,0:00:04,,,TRUE
30-Jun-22,10040,10663,Season 1 Episode 14,Peter Benton,M,13:21:34,14:14:12,10040_10663_23,Off-Screen,13:43:32,13:52:08,0:08:36,0:08:36,516,0,0,0,Off-Screen,10040_10663_24,,0,,,,,,,,,,,,,,,,,0:00:00,FALSE,,0,,,,0:08:36,,,TRUE
30-Jun-22,10040,10663,Season 1 Episode 14,Peter Benton,M,13:21:34,14:14:12,10040_10663_24,Professional Communication,13:52:08,13:52:45,0:00:37,0:00:37,37,Doctor(s),Talking,0,Hospital,10040_10663_25,,0,,,,,,,,,,,,,,,,,0:00:00,FALSE,,0,,,,0:00:37,,,TRUE
30-Jun-22,10040,10663,Season 1 Episode 14,Peter Benton,M,13:21:34,14:14:12,10040_10663_25,Direct Care,13:52:45,13:52:52,0:00:07,0:00:07,7,Patient,Talking,0,Hospital,10040_10663_26,,0,,,,,,,,,,,,,,,,,0:00:00,FALSE,,0,,,,0:00:07,,,TRUE
30-Jun-22,10040,10663,Season 1 Episode 14,Peter Benton,M,13:21:34,14:14:12,10040_10663_26,In-transit,13:52:52,13:52:57,0:00:05,0:00:05,5,0,0,0,Hospital,10040_10663_27,,0,,,,,,,,,,,,,,,,,0:00:00,FALSE,,0,,,,0:00:05,,,TRUE
30-Jun-22,10040,10663,Season 1 Episode 14,Peter Benton,M,13:21:34,14:14:12,10040_10663_27,Off-Screen,13:52:57,13:54:08,0:01:11,0:01:11,71,0,0,0,Off-Screen,10040_10663_28,,0,,,,,,,,,,,,,,,,,0:00:00,FALSE,,0,,,,0:01:11,,,TRUE
30-Jun-22,10040,10663,Season 1 Episode 14,Peter Benton,M,13:21:34,14:14:12,10040_10663_28,Social,13:54:08,13:55:40,0:01:32,0:01:32,92,Other,Talking,0,Community,10040_10663_30,10040_10663_29,1,2,10040_10663_29,13:54:12,13:55:13,,,,,,,,,,,,,0:01:01,FALSE,,0,,,,0:01:32,,,TRUE
30-Jun-22,10040,10663,Season 1 Episode 14,Peter Benton,M,13:21:34,14:14:12,10040_10663_29,In-transit,13:54:12,13:55:13,0:01:01,0:01:01,61,0,0,0,Community,user,10040_10663_28,1,2,10040_10663_28,13:54:12,13:55:13,,,,,,,,,,,,,0:01:01,FALSE,,0,,,,0:01:01,,,TRUE
30-Jun-22,10040,10663,Season 1 Episode 14,Peter Benton,M,13:21:34,14:14:12,10040_10663_30,Professional Communication,13:55:40,13:55:52,0:00:12,0:00:12,12,Doctor(s),Landline,0,Community,10040_10663_31,,0,,,,,,,,,,,,,,,,,0:00:00,FALSE,,0,,,,0:00:12,,,TRUE
30-Jun-22,10040,10663,Season 1 Episode 14,Peter Benton,M,13:21:34,14:14:12,10040_10663_31,Nothing Happening,13:55:52,13:55:58,0:00:06,0:00:06,6,0,0,0,Nothing Happening,10040_10663_32,,0,,,,,,,,,,,,,,,,,0:00:00,FALSE,,0,,,,0:00:06,,,TRUE
30-Jun-22,10040,10663,Season 1 Episode 14,Peter Benton,M,13:21:34,14:14:12,10040_10663_32,In-transit,13:55:58,13:56:00,0:00:02,0:00:02,2,0,0,0,Community,10040_10663_33,,0,,,,,,,,,,,,,,,,,0:00:00,FALSE,,0,,,,0:00:02,,,TRUE
30-Jun-22,10040,10663,Season 1 Episode 14,Peter Benton,M,13:21:34,14:14:12,10040_10663_33,Off-Screen,13:56:00,14:01:07,0:05:07,0:05:07,307,0,0,0,Off-Screen,10040_10663_34,,0,,,,,,,,,,,,,,,,,0:00:00,FALSE,,0,,,,0:05:07,,,TRUE
30-Jun-22,10040,10663,Season 1 Episode 14,Peter Benton,M,13:21:34,14:14:12,10040_10663_34,Professional Communication,14:01:07,14:02:05,0:00:58,0:00:58,58,Doctor(s),Talking,0,Hospital,user,10040_10663_35,1,2,10040_10663_35,14:01:37,14:02:05,,,,,,,,,,,,,0:00:28,FALSE,,0,,,,0:00:58,,,TRUE
30-Jun-22,10040,10663,Season 1 Episode 14,Peter Benton,M,13:21:34,14:14:12,10040_10663_35,Document,14:01:37,14:02:14,0:00:37,0:00:37,37,0,Med Chart,0,Hospital,10040_10663_37,"10040_10663_34,10040_10663_36",2,2,10040_10663_34,14:01:37,14:02:05,2,10040_10663_36,14:02:07,14:02:13,,,,,,,,,0:00:34,FALSE,,0,,,,0:00:37,,,TRUE
30-Jun-22,10040,10663,Season 1 Episode 14,Peter Benton,M,13:21:34,14:14:12,10040_10663_36,Social,14:02:07,14:02:13,0:00:06,0:00:06,6,Doctor(s),Talking,0,Hospital,user,10040_10663_35,1,2,10040_10663_35,14:02:07,14:02:13,,,,,,,,,,,,,0:00:06,FALSE,,0,,,,0:00:06,,,TRUE
30-Jun-22,10040,10663,Season 1 Episode 14,Peter Benton,M,13:21:34,14:14:12,10040_10663_37,Off-Screen,14:02:14,14:14:12,0:11:58,0:11:58,718,0,0,0,Off-Screen,user,,0,,,,,,,,,,,,,,,,,0:00:00,FALSE,,0,,,,0:11:58,,,TRUE
23-Jun-22,10040,10623,Season 1 Episode 6,Peter Benton ,M,11:34:04,12:28:32,10040_10623_1,Off-Screen,11:34:04,11:42:22,0:08:18,0:08:18,498,0,0,0,Off-Screen,10040_10623_2,,0,,,,,,,,,,,,,,,,,0:00:00,FALSE,,0,,,,0:08:18,,,TRUE
23-Jun-22,10040,10623,Season 1 Episode 6,Peter Benton ,M,11:34:04,12:28:32,10040_10623_2,Direct Care,11:42:22,11:42:55,0:00:33,0:00:33,33,Patient,Talking,0,Hospital,10040_10623_4,10040_10623_3,1,2,10040_10623_3,11:42:32,11:42:48,,,,,,,,,,,,,0:00:16,FALSE,,0,,,,0:00:33,,,TRUE
23-Jun-22,10040,10623,Season 1 Episode 6,Peter Benton ,M,11:34:04,12:28:32,10040_10623_3,Direct Care,11:42:32,11:42:48,0:00:16,0:00:16,16,Nurse,Talking,0,Hospital,user,10040_10623_2,1,2,10040_10623_2,11:42:32,11:42:48,,,,,,,,,,,,,0:00:16,FALSE,,0,,,,0:00:16,,,TRUE
23-Jun-22,10040,10623,Season 1 Episode 6,Peter Benton ,M,11:34:04,12:28:32,10040_10623_4,Off-Screen,11:42:55,11:47:34,0:04:39,0:04:39,279,0,0,0,Off-Screen,10040_10623_5,,0,,,,,,,,,,,,,,,,,0:00:00,FALSE,,0,,,,0:04:39,,,TRUE
23-Jun-22,10040,10623,Season 1 Episode 6,Peter Benton ,M,11:34:04,12:28:32,10040_10623_5,Professional Communication,11:47:34,11:47:38,0:00:04,0:00:04,4,Nurse,Talking,0,Hospital,10040_10623_6,,0,,,,,,,,,,,,,,,,,0:00:00,FALSE,,0,,,,0:00:04,,,TRUE
23-Jun-22,10040,10623,Season 1 Episode 6,Peter Benton ,M,11:34:04,12:28:32,10040_10623_6,In-transit,11:47:38,11:47:43,0:00:05,0:00:05,5,0,0,0,Hospital,10040_10623_7,,0,,,,,,,,,,,,,,,,,0:00:00,FALSE,,0,,,,0:00:05,,,TRUE
23-Jun-22,10040,10623,Season 1 Episode 6,Peter Benton ,M,11:34:04,12:28:32,10040_10623_7,Off-Screen,11:47:43,11:47:48,0:00:05,0:00:05,5,0,0,0,Off-Screen,10040_10623_8,,0,,,,,,,,,,,,,,,,,0:00:00,FALSE,,0,,,,0:00:05,,,TRUE
23-Jun-22,10040,10623,Season 1 Episode 6,Peter Benton ,M,11:34:04,12:28:32,10040_10623_8,In-transit,11:47:48,11:48:01,0:00:13,0:00:13,13,0,0,0,Hospital,10040_10623_10,10040_10623_9,1,2,10040_10623_9,11:47:50,11:48:01,,,,,,,,,,,,,0:00:11,FALSE,,0,,,,0:00:13,,,TRUE
23-Jun-22,10040,10623,Season 1 Episode 6,Peter Benton ,M,11:34:04,12:28:32,10040_10623_9,Professional Communication,11:47:50,11:48:01,0:00:11,0:00:11,11,Nurse,Talking,0,Hospital,10040_10623_10,10040_10623_8,1,2,10040_10623_8,11:47:50,11:48:01,,,,,,,,,,,,,0:00:11,FALSE,,0,,,,0:00:11,,,TRUE
23-Jun-22,10040,10623,Season 1 Episode 6,Peter Benton ,M,11:34:04,12:28:32,10040_10623_10,Off-Screen,11:48:01,11:51:30,0:03:29,0:03:29,209,0,0,0,Off-Screen,10040_10623_11,,0,,,,,,,,,,,,,,,,,0:00:00,FALSE,,0,,,,0:03:29,,,TRUE
23-Jun-22,10040,10623,Season 1 Episode 6,Peter Benton ,M,11:34:04,12:28:32,10040_10623_11,Direct Care,11:51:30,11:51:45,0:00:15,0:00:15,15,Nurse,Talking,0,ICU,10040_10623_13,10040_10623_12,1,2,10040_10623_12,11:51:36,11:51:45,,,,,,,,,,,,,0:00:09,FALSE,,0,,,,0:00:15,,,TRUE
23-Jun-22,10040,10623,Season 1 Episode 6,Peter Benton ,M,11:34:04,12:28:32,10040_10623_12,Direct Care,11:51:36,11:51:45,0:00:09,0:00:09,9,Patient,0,0,ICU,user,10040_10623_11,1,2,10040_10623_11,11:51:36,11:51:45,,,,,,,,,,,,,0:00:09,FALSE,,0,,,,0:00:09,,,TRUE
23-Jun-22,10040,10623,Season 1 Episode 6,Peter Benton ,M,11:34:04,12:28:32,10040_10623_13,Professional Communication,11:51:45,11:51:56,0:00:11,0:00:11,11,Nurse,Talking,0,ICU,10040_10623_14,,0,,,,,,,,,,,,,,,,,0:00:00,FALSE,,0,,,,0:00:11,,,TRUE
23-Jun-22,10040,10623,Season 1 Episode 6,Peter Benton ,M,11:34:04,12:28:32,10040_10623_14,Off-Screen,11:51:56,11:52:43,0:00:47,0:00:47,47,0,0,0,Off-Screen,10040_10623_15,,0,,,,,,,,,,,,,,,,,0:00:00,FALSE,,0,,,,0:00:47,,,TRUE
23-Jun-22,10040,10623,Season 1 Episode 6,Peter Benton ,M,11:34:04,12:28:32,10040_10623_15,Direct Care,11:52:43,11:53:25,0:00:42,0:00:42,42,Nurse,Talking,0,ICU,10040_10623_17,10040_10623_16,1,2,10040_10623_16,11:52:47,11:53:23,,,,,,,,,,,,,0:00:36,FALSE,,0,,,,0:00:42,,,TRUE
23-Jun-22,10040,10623,Season 1 Episode 6,Peter Benton ,M,11:34:04,12:28:32,10040_10623_16,Direct Care,11:52:47,11:53:23,0:00:36,0:00:36,36,Patient,0,0,ICU,user,10040_10623_15,1,2,10040_10623_15,11:52:47,11:53:23,,,,,,,,,,,,,0:00:36,FALSE,,0,,,,0:00:36,,,TRUE
23-Jun-22,10040,10623,Season 1 Episode 6,Peter Benton ,M,11:34:04,12:28:32,10040_10623_17,Off-Screen,11:53:25,11:54:37,0:01:12,0:01:12,72,0,0,0,Off-Screen,10040_10623_18,,0,,,,,,,,,,,,,,,,,0:00:00,FALSE,,0,,,,0:01:12,,,TRUE
23-Jun-22,10040,10623,Season 1 Episode 6,Peter Benton ,M,11:34:04,12:28:32,10040_10623_18,Direct Care,11:54:37,11:54:56,0:00:19,0:00:19,19,Nurse,Talking,0,ICU,10040_10623_20,10040_10623_19,1,2,10040_10623_19,11:54:40,11:54:55,,,,,,,,,,,,,0:00:15,FALSE,,0,,,,0:00:19,,,TRUE
23-Jun-22,10040,10623,Season 1 Episode 6,Peter Benton ,M,11:34:04,12:28:32,10040_10623_19,Direct Care,11:54:40,11:54:55,0:00:15,0:00:15,15,Patient,0,0,ICU,user,10040_10623_18,1,2,10040_10623_18,11:54:40,11:54:55,,,,,,,,,,,,,0:00:15,FALSE,,0,,,,0:00:15,,,TRUE
23-Jun-22,10040,10623,Season 1 Episode 6,Peter Benton ,M,11:34:04,12:28:32,10040_10623_20,Off-Screen,11:54:56,11:57:02,0:02:06,0:02:06,126,0,0,0,Off-Screen,10040_10623_21,,0,,,,,,,,,,,,,,,,,0:00:00,FALSE,,0,,,,0:02:06,,,TRUE
23-Jun-22,10040,10623,Season 1 Episode 6,Peter Benton ,M,11:34:04,12:28:32,10040_10623_21,Direct Care,11:57:02,11:57:37,0:00:35,0:00:35,35,0,Talking,0,ICU,user,"10040_10623_22,10040_10623_23",2,2,10040_10623_22,11:57:05,11:57:29,2,10040_10623_23,11:57:30,11:57:37,,,,,,,,,0:00:31,FALSE,,0,,,,0:00:35,,,TRUE
23-Jun-22,10040,10623,Season 1 Episode 6,Peter Benton ,M,11:34:04,12:28:32,10040_10623_22,Direct Care,11:57:05,11:57:29,0:00:24,0:00:24,24,Nurse,Talking,0,ICU,user,10040_10623_21,1,2,10040_10623_21,11:57:05,11:57:29,,,,,,,,,,,,,0:00:24,FALSE,,0,,,,0:00:24,,,TRUE
23-Jun-22,10040,10623,Season 1 Episode 6,Peter Benton ,M,11:34:04,12:28:32,10040_10623_23,In-transit,11:57:30,11:58:01,0:00:31,0:00:31,31,0,0,0,Hospital,user,"10040_10623_21,10040_10623_24,10040_10623_25",3,2,10040_10623_21,11:57:30,11:57:37,2,10040_10623_24,11:57:38,11:57:53,2,10040_10623_25,11:57:56,11:58:01,,,,,0:00:27,FALSE,,0,,,,0:00:31,,,TRUE
23-Jun-22,10040,10623,Season 1 Episode 6,Peter Benton ,M,11:34:04,12:28:32,10040_10623_24,Direct Care,11:57:38,11:57:53,0:00:15,0:00:15,15,Patient,0,0,Hospital,user,10040_10623_23,1,2,10040_10623_23,11:57:38,11:57:53,,,,,,,,,,,,,0:00:15,FALSE,,0,,,,0:00:15,,,TRUE
23-Jun-22,10040,10623,Season 1 Episode 6,Peter Benton ,M,11:34:04,12:28:32,10040_10623_25,Off-Screen,11:57:56,12:08:17,0:10:21,0:10:21,621,0,0,0,Off-Screen,10040_10623_26,10040_10623_23,1,2,10040_10623_23,11:57:56,11:58:01,,,,,,,,,,,,,0:00:05,FALSE,,0,,,,0:10:21,,,TRUE
23-Jun-22,10040,10623,Season 1 Episode 6,Peter Benton ,M,11:34:04,12:28:32,10040_10623_26,Professional Communication,12:08:17,12:08:22,0:00:05,0:00:05,5,Doctor(s),Talking,0,Hospital,10040_10623_27,,0,,,,,,,,,,,,,,,,,0:00:00,FALSE,,0,,,,0:00:05,,,TRUE
23-Jun-22,10040,10623,Season 1 Episode 6,Peter Benton ,M,11:34:04,12:28:32,10040_10623_27,Indirect Care,12:08:22,12:10:15,0:01:53,0:00:58,58,Patient,Talking,0,Hospital,10040_10623_29,,0,,,,,,,,,,,,,,,,,0:00:00,FALSE,10040_10623_28,1,10040_10623_28,12:08:55,12:09:50,0:00:33,0:00:25,0:00:55,TRUE
23-Jun-22,10040,10623,Season 1 Episode 6,Peter Benton ,M,11:34:04,12:28:32,10040_10623_28,Off-Screen,12:08:55,12:09:50,0:00:55,0:00:55,55,0,0,0,Off-Screen,user,,0,,,,,,,,,,,,,,,,,0:00:00,TRUE,,0,,,,0:00:55,,,TRUE
23-Jun-22,10040,10623,Season 1 Episode 6,Peter Benton ,M,11:34:04,12:28:32,10040_10623_29,In-transit,12:10:15,12:10:18,0:00:03,0:00:03,3,0,0,0,Hospital,10040_10623_30,,0,,,,,,,,,,,,,,,,,0:00:00,FALSE,,0,,,,0:00:03,,,TRUE
23-Jun-22,10040,10623,Season 1 Episode 6,Peter Benton ,M,11:34:04,12:28:32,10040_10623_30,Off-Screen,12:10:18,12:17:08,0:06:50,0:06:50,410,0,0,0,Off-Screen,10040_10623_31,,0,,,,,,,,,,,,,,,,,0:00:00,FALSE,,0,,,,0:06:50,,,TRUE
23-Jun-22,10040,10623,Season 1 Episode 6,Peter Benton ,M,11:34:04,12:28:32,10040_10623_31,Social,12:17:08,12:19:03,0:01:55,0:01:55,115,Other,Talking,0,Hospital,10040_10623_32,,0,,,,,,,,,,,,,,,,,0:00:00,FALSE,,0,,,,0:01:55,,,TRUE
23-Jun-22,10040,10623,Season 1 Episode 6,Peter Benton ,M,11:34:04,12:28:32,10040_10623_32,Off-Screen,12:19:03,12:20:44,0:01:41,0:01:41,101,0,0,0,Off-Screen,10040_10623_33,,0,,,,,,,,,,,,,,,,,0:00:00,FALSE,,0,,,,0:01:41,,,TRUE
23-Jun-22,10040,10623,Season 1 Episode 6,Peter Benton ,M,11:34:04,12:28:32,10040_10623_33,Professional Communication,12:20:44,12:21:28,0:00:44,0:00:44,44,Other,Talking,0,Hospital,10040_10623_34,,0,,,,,,,,,,,,,,,,,0:00:00,FALSE,,0,,,,0:00:44,,,TRUE
23-Jun-22,10040,10623,Season 1 Episode 6,Peter Benton ,M,11:34:04,12:28:32,10040_10623_34,Off-Screen,12:21:28,12:21:35,0:00:07,0:00:07,7,0,0,0,Off-Screen,10040_10623_35,,0,,,,,,,,,,,,,,,,,0:00:00,FALSE,,0,,,,0:00:07,,,TRUE
23-Jun-22,10040,10623,Season 1 Episode 6,Peter Benton ,M,11:34:04,12:28:32,10040_10623_35,In-transit,12:21:35,12:21:45,0:00:10,0:00:10,10,0,0,0,Hospital,10040_10623_36,,0,,,,,,,,,,,,,,,,,0:00:00,FALSE,,0,,,,0:00:10,,,TRUE
23-Jun-22,10040,10623,Season 1 Episode 6,Peter Benton ,M,11:34:04,12:28:32,10040_10623_36,Social,12:21:45,12:22:09,0:00:24,0:00:24,24,Other,Talking,0,Hospital,10040_10623_37,,0,,,,,,,,,,,,,,,,,0:00:00,FALSE,,0,,,,0:00:24,,,TRUE
23-Jun-22,10040,10623,Season 1 Episode 6,Peter Benton ,M,11:34:04,12:28:32,10040_10623_37,Professional Communication,12:22:09,12:22:25,0:00:16,0:00:16,16,Doctor(s),Talking,0,Hospital,10040_10623_38,,0,,,,,,,,,,,,,,,,,0:00:00,FALSE,,0,,,,0:00:16,,,TRUE
23-Jun-22,10040,10623,Season 1 Episode 6,Peter Benton ,M,11:34:04,12:28:32,10040_10623_38,Off-Screen,12:22:25,12:28:32,0:06:07,0:06:07,367,0,0,0,Off-Screen,user,,0,,,,,,,,,,,,,,,,,0:00:00,FALSE,,0,,,,0:06:07,,,TRUE
2-Jul-22,10040,10666,Season 1 Episode 18,Peter Benton ,M,22:28:59,23:20:36,10040_10666_1,Off-Screen,22:28:59,22:29:13,0:00:14,0:00:14,14,0,0,0,Off-Screen,10040_10666_2,,0,,,,,,,,,,,,,,,,,0:00:00,FALSE,,0,,,,0:00:14,,,TRUE
2-Jul-22,10040,10666,Season 1 Episode 18,Peter Benton ,M,22:28:59,23:20:36,10040_10666_2,Professional Communication,22:29:13,22:29:44,0:00:31,0:00:31,31,Doctor(s),Talking,0,Hospital,10040_10666_5,"10040_10666_3,10040_10666_4",2,2,10040_10666_3,22:29:17,22:29:23,2,10040_10666_4,22:29:36,22:29:42,,,,,,,,,0:00:12,FALSE,,0,,,,0:00:31,,,TRUE
2-Jul-22,10040,10666,Season 1 Episode 18,Peter Benton ,M,22:28:59,23:20:36,10040_10666_3,In-transit,22:29:17,22:29:23,0:00:06,0:00:06,6,0,0,0,Hospital,user,10040_10666_2,1,2,10040_10666_2,22:29:17,22:29:23,,,,,,,,,,,,,0:00:06,FALSE,,0,,,,0:00:06,,,TRUE
2-Jul-22,10040,10666,Season 1 Episode 18,Peter Benton ,M,22:28:59,23:20:36,10040_10666_4,In-transit,22:29:36,22:29:42,0:00:06,0:00:06,6,0,0,0,Hospital,user,10040_10666_2,1,2,10040_10666_2,22:29:36,22:29:42,,,,,,,,,,,,,0:00:06,FALSE,,0,,,,0:00:06,,,TRUE
2-Jul-22,10040,10666,Season 1 Episode 18,Peter Benton ,M,22:28:59,23:20:36,10040_10666_5,Off-Screen,22:29:44,22:29:53,0:00:09,0:00:09,9,0,0,0,Off-Screen,10040_10666_6,,0,,,,,,,,,,,,,,,,,0:00:00,FALSE,,0,,,,0:00:09,,,TRUE
2-Jul-22,10040,10666,Season 1 Episode 18,Peter Benton ,M,22:28:59,23:20:36,10040_10666_6,Professional Communication,22:29:53,22:29:58,0:00:05,0:00:05,5,Doctor(s),Talking,0,Hospital,10040_10666_7,,0,,,,,,,,,,,,,,,,,0:00:00,FALSE,,0,,,,0:00:05,,,TRUE
2-Jul-22,10040,10666,Season 1 Episode 18,Peter Benton ,M,22:28:59,23:20:36,10040_10666_7,Off-Screen,22:29:58,22:32:39,0:02:41,0:02:41,161,0,0,0,Off-Screen,10040_10666_8,,0,,,,,,,,,,,,,,,,,0:00:00,FALSE,,0,,,,0:02:41,,,TRUE
2-Jul-22,10040,10666,Season 1 Episode 18,Peter Benton ,M,22:28:59,23:20:36,10040_10666_8,Professional Communication,22:32:39,22:33:34,0:00:55,0:00:55,55,Doctor(s),Talking,0,Hospital,user,"10040_10666_9,10040_10666_10",2,2,10040_10666_9,22:32:42,22:32:49,2,10040_10666_10,22:33:31,22:33:34,,,,,,,,,0:00:10,FALSE,,0,,,,0:00:55,,,TRUE
2-Jul-22,10040,10666,Season 1 Episode 18,Peter Benton ,M,22:28:59,23:20:36,10040_10666_9,In-transit,22:32:42,22:32:49,0:00:07,0:00:07,7,0,0,0,Hospital,user,10040_10666_8,1,2,10040_10666_8,22:32:42,22:32:49,,,,,,,,,,,,,0:00:07,FALSE,,0,,,,0:00:07,,,TRUE
2-Jul-22,10040,10666,Season 1 Episode 18,Peter Benton ,M,22:28:59,23:20:36,10040_10666_10,Nothing Happening,22:33:31,22:33:38,0:00:07,0:00:07,7,0,0,0,Nothing Happening,10040_10666_11,10040_10666_8,1,2,10040_10666_8,22:33:31,22:33:34,,,,,,,,,,,,,0:00:03,FALSE,,0,,,,0:00:07,,,TRUE
2-Jul-22,10040,10666,Season 1 Episode 18,Peter Benton ,M,22:28:59,23:20:36,10040_10666_11,Off-Screen,22:33:38,22:36:08,0:02:30,0:02:30,150,0,0,0,Off-Screen,10040_10666_12,,0,,,,,,,,,,,,,,,,,0:00:00,FALSE,,0,,,,0:02:30,,,TRUE
2-Jul-22,10040,10666,Season 1 Episode 18,Peter Benton ,M,22:28:59,23:20:36,10040_10666_12,Professional Communication,22:36:08,22:36:18,0:00:10,0:00:10,10,Doctor(s),Talking,0,Hospital,10040_10666_13,,0,,,,,,,,,,,,,,,,,0:00:00,FALSE,,0,,,,0:00:10,,,TRUE
2-Jul-22,10040,10666,Season 1 Episode 18,Peter Benton ,M,22:28:59,23:20:36,10040_10666_13,In-transit,22:36:18,22:36:20,0:00:02,0:00:02,2,0,0,0,Hospital,10040_10666_14,,0,,,,,,,,,,,,,,,,,0:00:00,FALSE,,0,,,,0:00:02,,,TRUE
2-Jul-22,10040,10666,Season 1 Episode 18,Peter Benton ,M,22:28:59,23:20:36,10040_10666_14,Off-Screen,22:36:20,22:38:21,0:02:01,0:02:01,121,0,0,0,Off-Screen,10040_10666_15,,0,,,,,,,,,,,,,,,,,0:00:00,FALSE,,0,,,,0:02:01,,,TRUE
2-Jul-22,10040,10666,Season 1 Episode 18,Peter Benton ,M,22:28:59,23:20:36,10040_10666_15,Direct Care,22:38:21,22:39:20,0:00:59,0:00:59,59,Doctor(s),Talking,0,ICU,10040_10666_17,10040_10666_16,1,2,10040_10666_16,22:38:23,22:39:20,,,,,,,,,,,,,0:00:57,FALSE,,0,,,,0:00:59,,,TRUE
2-Jul-22,10040,10666,Season 1 Episode 18,Peter Benton ,M,22:28:59,23:20:36,10040_10666_16,Direct Care,22:38:23,22:39:20,0:00:57,0:00:57,57,Patient,0,0,ICU,user,10040_10666_15,1,2,10040_10666_15,22:38:23,22:39:20,,,,,,,,,,,,,0:00:57,FALSE,,0,,,,0:00:57,,,TRUE
2-Jul-22,10040,10666,Season 1 Episode 18,Peter Benton ,M,22:28:59,23:20:36,10040_10666_17,Off-Screen,22:39:20,22:40:07,0:00:47,0:00:47,47,0,0,0,Off-Screen,10040_10666_18,,0,,,,,,,,,,,,,,,,,0:00:00,FALSE,,0,,,,0:00:47,,,TRUE
2-Jul-22,10040,10666,Season 1 Episode 18,Peter Benton ,M,22:28:59,23:20:36,10040_10666_18,Direct Care,22:40:07,22:40:36,0:00:29,0:00:29,29,Doctor(s),Talking,0,ICU,10040_10666_20,10040_10666_19,1,2,10040_10666_19,22:40:12,22:40:35,,,,,,,,,,,,,0:00:23,FALSE,,0,,,,0:00:29,,,TRUE
2-Jul-22,10040,10666,Season 1 Episode 18,Peter Benton ,M,22:28:59,23:20:36,10040_10666_19,Direct Care,22:40:12,22:40:35,0:00:23,0:00:23,23,Patient,0,0,ICU,user,10040_10666_18,1,2,10040_10666_18,22:40:12,22:40:35,,,,,,,,,,,,,0:00:23,FALSE,,0,,,,0:00:23,,,TRUE
2-Jul-22,10040,10666,Season 1 Episode 18,Peter Benton ,M,22:28:59,23:20:36,10040_10666_20,In-transit,22:40:36,22:40:42,0:00:06,0:00:06,6,0,0,0,Hospital,10040_10666_21,,0,,,,,,,,,,,,,,,,,0:00:00,FALSE,,0,,,,0:00:06,,,TRUE
2-Jul-22,10040,10666,Season 1 Episode 18,Peter Benton ,M,22:28:59,23:20:36,10040_10666_21,Off-Screen,22:40:42,22:47:09,0:06:27,0:06:27,387,0,0,0,Off-Screen,10040_10666_22,,0,,,,,,,,,,,,,,,,,0:00:00,FALSE,,0,,,,0:06:27,,,TRUE
2-Jul-22,10040,10666,Season 1 Episode 18,Peter Benton ,M,22:28:59,23:20:36,10040_10666_22,Professional Communication,22:47:09,22:47:39,0:00:30,0:00:30,30,Doctor(s),Talking,0,Hospital,10040_10666_23,,0,,,,,,,,,,,,,,,,,0:00:00,FALSE,,0,,,,0:00:30,,,TRUE
2-Jul-22,10040,10666,Season 1 Episode 18,Peter Benton ,M,22:28:59,23:20:36,10040_10666_23,Off-Screen,22:47:39,22:50:34,0:02:55,0:02:55,175,0,0,0,Off-Screen,10040_10666_24,,0,,,,,,,,,,,,,,,,,0:00:00,FALSE,,0,,,,0:02:55,,,TRUE
2-Jul-22,10040,10666,Season 1 Episode 18,Peter Benton ,M,22:28:59,23:20:36,10040_10666_24,In-transit,22:50:34,22:50:48,0:00:14,0:00:14,14,0,0,0,Hospital,user,10040_10666_25,1,2,10040_10666_25,22:50:37,22:50:48,,,,,,,,,,,,,0:00:11,FALSE,,0,,,,0:00:14,,,TRUE
2-Jul-22,10040,10666,Season 1 Episode 18,Peter Benton ,M,22:28:59,23:20:36,10040_10666_25,Professional Communication,22:50:37,22:50:49,0:00:12,0:00:12,12,Doctor(s),Talking,0,Hospital,10040_10666_26,10040_10666_24,1,2,10040_10666_24,22:50:37,22:50:48,,,,,,,,,,,,,0:00:11,FALSE,,0,,,,0:00:12,,,TRUE
2-Jul-22,10040,10666,Season 1 Episode 18,Peter Benton ,M,22:28:59,23:20:36,10040_10666_26,Direct Care,22:50:49,22:51:01,0:00:12,0:00:12,12,Patient,Talking,0,Hospital,10040_10666_27,,0,,,,,,,,,,,,,,,,,0:00:00,FALSE,,0,,,,0:00:12,,,TRUE
2-Jul-22,10040,10666,Season 1 Episode 18,Peter Benton ,M,22:28:59,23:20:36,10040_10666_27,In-transit,22:51:01,22:51:20,0:00:19,0:00:19,19,0,0,0,Hospital,user,10040_10666_28,1,2,10040_10666_28,22:51:03,22:51:20,,,,,,,,,,,,,0:00:17,FALSE,,0,,,,0:00:19,,,TRUE
2-Jul-22,10040,10666,Season 1 Episode 18,Peter Benton ,M,22:28:59,23:20:36,10040_10666_28,Direct Care,22:51:03,22:51:31,0:00:28,0:00:28,28,Doctor(s),Talking,0,Hospital,10040_10666_29,10040_10666_27,1,2,10040_10666_27,22:51:03,22:51:20,,,,,,,,,,,,,0:00:17,FALSE,,0,,,,0:00:28,,,TRUE
2-Jul-22,10040,10666,Season 1 Episode 18,Peter Benton ,M,22:28:59,23:20:36,10040_10666_29,Off-Screen,22:51:31,22:53:12,0:01:41,0:01:41,101,0,0,0,Off-Screen,10040_10666_30,,0,,,,,,,,,,,,,,,,,0:00:00,FALSE,,0,,,,0:01:41,,,TRUE
2-Jul-22,10040,10666,Season 1 Episode 18,Peter Benton ,M,22:28:59,23:20:36,10040_10666_30,Direct Care,22:53:12,22:53:43,0:00:31,0:00:31,31,Doctor(s),Talking,0,ICU,10040_10666_32,10040_10666_31,1,2,10040_10666_31,22:53:15,22:53:42,,,,,,,,,,,,,0:00:27,FALSE,,0,,,,0:00:31,,,TRUE
2-Jul-22,10040,10666,Season 1 Episode 18,Peter Benton ,M,22:28:59,23:20:36,10040_10666_31,Direct Care,22:53:15,22:53:42,0:00:27,0:00:27,27,Patient,0,0,ICU,user,10040_10666_30,1,2,10040_10666_30,22:53:15,22:53:42,,,,,,,,,,,,,0:00:27,FALSE,,0,,,,0:00:27,,,TRUE
2-Jul-22,10040,10666,Season 1 Episode 18,Peter Benton ,M,22:28:59,23:20:36,10040_10666_32,In-transit,22:53:43,22:53:45,0:00:02,0:00:02,2,0,0,0,ICU,10040_10666_33,,0,,,,,,,,,,,,,,,,,0:00:00,FALSE,,0,,,,0:00:02,,,TRUE
2-Jul-22,10040,10666,Season 1 Episode 18,Peter Benton ,M,22:28:59,23:20:36,10040_10666_33,Off-Screen,22:53:45,22:57:00,0:03:15,0:03:15,195,0,0,0,Off-Screen,10040_10666_34,,0,,,,,,,,,,,,,,,,,0:00:00,FALSE,,0,,,,0:03:15,,,TRUE
2-Jul-22,10040,10666,Season 1 Episode 18,Peter Benton ,M,22:28:59,23:20:36,10040_10666_34,Professional Communication,22:57:00,22:57:14,0:00:14,0:00:14,14,Nurse,Talking,0,Hospital,10040_10666_35,,0,,,,,,,,,,,,,,,,,0:00:00,FALSE,,0,,,,0:00:14,,,TRUE
2-Jul-22,10040,10666,Season 1 Episode 18,Peter Benton ,M,22:28:59,23:20:36,10040_10666_35,Off-Screen,22:57:14,23:00:09,0:02:55,0:02:55,175,0,0,0,Off-Screen,10040_10666_36,,0,,,,,,,,,,,,,,,,,0:00:00,FALSE,,0,,,,0:02:55,,,TRUE
2-Jul-22,10040,10666,Season 1 Episode 18,Peter Benton ,M,22:28:59,23:20:36,10040_10666_36,Professional Communication,23:00:09,23:00:38,0:00:29,0:00:29,29,Doctor(s),Talking,0,Hospital,10040_10666_37,,0,,,,,,,,,,,,,,,,,0:00:00,FALSE,,0,,,,0:00:29,,,TRUE
2-Jul-22,10040,10666,Season 1 Episode 18,Peter Benton ,M,22:28:59,23:20:36,10040_10666_37,In-transit,23:00:38,23:00:40,0:00:02,0:00:02,2,0,0,0,Hospital,10040_10666_38,,0,,,,,,,,,,,,,,,,,0:00:00,FALSE,,0,,,,0:00:02,,,TRUE
2-Jul-22,10040,10666,Season 1 Episode 18,Peter Benton ,M,22:28:59,23:20:36,10040_10666_38,Off-Screen,23:00:40,23:02:20,0:01:40,0:01:40,100,0,0,0,Off-Screen,10040_10666_39,,0,,,,,,,,,,,,,,,,,0:00:00,FALSE,,0,,,,0:01:40,,,TRUE
2-Jul-22,10040,10666,Season 1 Episode 18,Peter Benton ,M,22:28:59,23:20:36,10040_10666_39,Nothing Happening,23:02:20,23:02:44,0:00:24,0:00:24,24,0,0,0,Nothing Happening,10040_10666_40,,0,,,,,,,,,,,,,,,,,0:00:00,FALSE,,0,,,,0:00:24,,,TRUE
2-Jul-22,10040,10666,Season 1 Episode 18,Peter Benton ,M,22:28:59,23:20:36,10040_10666_40,Direct Care,23:02:44,23:02:55,0:00:11,0:00:11,11,Patient,Talking,0,Hospital,10040_10666_41,,0,,,,,,,,,,,,,,,,,0:00:00,FALSE,,0,,,,0:00:11,,,TRUE
2-Jul-22,10040,10666,Season 1 Episode 18,Peter Benton ,M,22:28:59,23:20:36,10040_10666_41,Off-Screen,23:02:55,23:03:22,0:00:27,0:00:27,27,0,0,0,Off-Screen,10040_10666_42,,0,,,,,,,,,,,,,,,,,0:00:00,FALSE,,0,,,,0:00:27,,,TRUE
2-Jul-22,10040,10666,Season 1 Episode 18,Peter Benton ,M,22:28:59,23:20:36,10040_10666_42,Direct Care,23:03:22,23:05:14,0:01:52,0:01:52,112,Doctor(s),Talking,0,ICU,10040_10666_44,10040_10666_43,1,2,10040_10666_43,23:03:26,23:05:13,,,,,,,,,,,,,0:01:47,FALSE,,0,,,,0:01:52,,,TRUE
2-Jul-22,10040,10666,Season 1 Episode 18,Peter Benton ,M,22:28:59,23:20:36,10040_10666_43,Direct Care,23:03:26,23:05:13,0:01:47,0:01:47,107,Patient,0,0,ICU,user,10040_10666_42,1,2,10040_10666_42,23:03:26,23:05:13,,,,,,,,,,,,,0:01:47,FALSE,,0,,,,0:01:47,,,TRUE
2-Jul-22,10040,10666,Season 1 Episode 18,Peter Benton ,M,22:28:59,23:20:36,10040_10666_44,Off-Screen,23:05:14,23:08:24,0:03:10,0:03:10,190,0,0,0,Off-Screen,10040_10666_45,,0,,,,,,,,,,,,,,,,,0:00:00,FALSE,,0,,,,0:03:10,,,TRUE
2-Jul-22,10040,10666,Season 1 Episode 18,Peter Benton ,M,22:28:59,23:20:36,10040_10666_45,Professional Communication,23:08:24,23:09:21,0:00:57,0:00:57,57,Doctor(s),Talking,0,Hospital,10040_10666_46,,0,,,,,,,,,,,,,,,,,0:00:00,FALSE,,0,,,,0:00:57,,,TRUE
2-Jul-22,10040,10666,Season 1 Episode 18,Peter Benton ,M,22:28:59,23:20:36,10040_10666_46,Off-Screen,23:09:21,23:11:33,0:02:12,0:02:12,132,0,0,0,Off-Screen,10040_10666_47,,0,,,,,,,,,,,,,,,,,0:00:00,FALSE,,0,,,,0:02:12,,,TRUE
2-Jul-22,10040,10666,Season 1 Episode 18,Peter Benton ,M,22:28:59,23:20:36,10040_10666_47,Social,23:11:33,23:12:55,0:01:22,0:01:22,82,Other,Talking,0,Community,10040_10666_48,,0,,,,,,,,,,,,,,,,,0:00:00,FALSE,,0,,,,0:01:22,,,TRUE
2-Jul-22,10040,10666,Season 1 Episode 18,Peter Benton ,M,22:28:59,23:20:36,10040_10666_48,Nothing Happening,23:12:55,23:13:03,0:00:08,0:00:08,8,0,0,0,Nothing Happening,10040_10666_49,,0,,,,,,,,,,,,,,,,,0:00:00,FALSE,,0,,,,0:00:08,,,TRUE
2-Jul-22,10040,10666,Season 1 Episode 18,Peter Benton ,M,22:28:59,23:20:36,10040_10666_49,Off-Screen,23:13:03,23:19:05,0:06:02,0:06:02,362,0,0,0,Off-Screen,10040_10666_50,,0,,,,,,,,,,,,,,,,,0:00:00,FALSE,,0,,,,0:06:02,,,TRUE
2-Jul-22,10040,10666,Season 1 Episode 18,Peter Benton ,M,22:28:59,23:20:36,10040_10666_50,Nothing Happening,23:19:05,23:19:17,0:00:12,0:00:12,12,0,0,0,Nothing Happening,10040_10666_51,,0,,,,,,,,,,,,,,,,,0:00:00,FALSE,,0,,,,0:00:12,,,TRUE
2-Jul-22,10040,10666,Season 1 Episode 18,Peter Benton ,M,22:28:59,23:20:36,10040_10666_51,Social,23:19:17,23:19:33,0:00:16,0:00:16,16,Other,Talking,0,Community,10040_10666_52,,0,,,,,,,,,,,,,,,,,0:00:00,FALSE,,0,,,,0:00:16,,,TRUE
2-Jul-22,10040,10666,Season 1 Episode 18,Peter Benton ,M,22:28:59,23:20:36,10040_10666_52,In-transit,23:19:33,23:20:18,0:00:45,0:00:45,45,0,0,0,Hospital,user,10040_10666_53,1,2,10040_10666_53,23:19:38,23:20:18,,,,,,,,,,,,,0:00:40,FALSE,,0,,,,0:00:45,,,TRUE
2-Jul-22,10040,10666,Season 1 Episode 18,Peter Benton ,M,22:28:59,23:20:36,10040_10666_53,Direct Care,23:19:38,23:20:24,0:00:46,0:00:46,46,Doctor(s),Talking,0,Hospital,10040_10666_54,10040_10666_52,1,2,10040_10666_52,23:19:38,23:20:18,,,,,,,,,,,,,0:00:40,FALSE,,0,,,,0:00:46,,,TRUE
2-Jul-22,10040,10666,Season 1 Episode 18,Peter Benton ,M,22:28:59,23:20:36,10040_10666_54,Nothing Happening,23:20:24,23:20:36,0:00:12,0:00:12,12,0,0,0,Nothing Happening,user,,0,,,,,,,,,,,,,,,,,0:00:00,FALSE,,0,,,,0:00:12,,,TRUE
3-Jul-22,10040,10685,Season 1 Episode 19,Peter Benton ,M,23:22:45,0:11:12,10040_10685_1,Off-Screen,23:22:45,23:24:41,0:01:56,0:01:56,116,0,0,0,Off-Screen,10040_10685_2,,0,,,,,,,,,,,,,,,,,0:00:00,FALSE,,0,,,,0:01:56,,,TRUE
3-Jul-22,10040,10685,Season 1 Episode 19,Peter Benton ,M,23:22:45,0:11:12,10040_10685_2,Direct Care,23:24:41,23:24:56,0:00:15,0:00:15,15,Nurse,Talking,0,ICU,user,10040_10685_3,1,2,10040_10685_3,23:24:45,23:24:56,,,,,,,,,,,,,0:00:11,FALSE,,0,,,,0:00:15,,,TRUE
3-Jul-22,10040,10685,Season 1 Episode 19,Peter Benton ,M,23:22:45,0:11:12,10040_10685_3,Direct Care,23:24:45,23:25:02,0:00:17,0:00:17,17,Patient,0,0,ICU,10040_10685_5,"10040_10685_2,10040_10685_4",2,2,10040_10685_2,23:24:45,23:24:56,2,10040_10685_4,23:24:58,23:25:02,,,,,,,,,0:00:15,FALSE,,0,,,,0:00:17,,,TRUE
3-Jul-22,10040,10685,Season 1 Episode 19,Peter Benton ,M,23:22:45,0:11:12,10040_10685_4,Direct Care,23:24:58,23:25:02,0:00:04,0:00:04,4,Doctor(s),Talking,0,ICU,user,10040_10685_3,1,2,10040_10685_3,23:24:58,23:25:02,,,,,,,,,,,,,0:00:04,FALSE,,0,,,,0:00:04,,,TRUE
3-Jul-22,10040,10685,Season 1 Episode 19,Peter Benton ,M,23:22:45,0:11:12,10040_10685_5,Off-Screen,23:25:02,23:25:28,0:00:26,0:00:26,26,0,0,0,Off-Screen,10040_10685_6,,0,,,,,,,,,,,,,,,,,0:00:00,FALSE,,0,,,,0:00:26,,,TRUE
3-Jul-22,10040,10685,Season 1 Episode 19,Peter Benton ,M,23:22:45,0:11:12,10040_10685_6,Direct Care,23:25:28,23:26:00,0:00:32,0:00:32,32,Nurse,Talking,0,ICU,10040_10685_8,10040_10685_7,1,2,10040_10685_7,23:25:31,23:25:59,,,,,,,,,,,,,0:00:28,FALSE,,0,,,,0:00:32,,,TRUE
3-Jul-22,10040,10685,Season 1 Episode 19,Peter Benton ,M,23:22:45,0:11:12,10040_10685_7,Direct Care,23:25:31,23:25:59,0:00:28,0:00:28,28,Patient,0,0,ICU,user,10040_10685_6,1,2,10040_10685_6,23:25:31,23:25:59,,,,,,,,,,,,,0:00:28,FALSE,,0,,,,0:00:28,,,TRUE
3-Jul-22,10040,10685,Season 1 Episode 19,Peter Benton ,M,23:22:45,0:11:12,10040_10685_8,Nothing Happening,23:26:00,23:26:04,0:00:04,0:00:04,4,0,0,0,Nothing Happening,10040_10685_9,,0,,,,,,,,,,,,,,,,,0:00:00,FALSE,,0,,,,0:00:04,,,TRUE
3-Jul-22,10040,10685,Season 1 Episode 19,Peter Benton ,M,23:22:45,0:11:12,10040_10685_9,Off-Screen,23:26:04,23:27:34,0:01:30,0:01:30,90,0,0,0,Off-Screen,10040_10685_10,,0,,,,,,,,,,,,,,,,,0:00:00,FALSE,,0,,,,0:01:30,,,TRUE
3-Jul-22,10040,10685,Season 1 Episode 19,Peter Benton ,M,23:22:45,0:11:12,10040_10685_10,Direct Care,23:27:34,23:28:12,0:00:38,0:00:38,38,Doctor(s),Talking,0,ICU,10040_10685_12,10040_10685_11,1,2,10040_10685_11,23:27:37,23:27:58,,,,,,,,,,,,,0:00:21,FALSE,,0,,,,0:00:38,,,TRUE
3-Jul-22,10040,10685,Season 1 Episode 19,Peter Benton ,M,23:22:45,0:11:12,10040_10685_11,In-transit,23:27:37,23:27:58,0:00:21,0:00:21,21,0,0,0,ICU,user,10040_10685_10,1,2,10040_10685_10,23:27:37,23:27:58,,,,,,,,,,,,,0:00:21,FALSE,,0,,,,0:00:21,,,TRUE
3-Jul-22,10040,10685,Season 1 Episode 19,Peter Benton ,M,23:22:45,0:11:12,10040_10685_12,Off-Screen,23:28:12,23:31:24,0:03:12,0:03:12,192,0,0,0,Off-Screen,10040_10685_13,,0,,,,,,,,,,,,,,,,,0:00:00,FALSE,,0,,,,0:03:12,,,TRUE
3-Jul-22,10040,10685,Season 1 Episode 19,Peter Benton ,M,23:22:45,0:11:12,10040_10685_13,Nothing Happening,23:31:24,23:32:01,0:00:37,0:00:37,37,0,0,0,Nothing Happening,10040_10685_14,,0,,,,,,,,,,,,,,,,,0:00:00,FALSE,,0,,,,0:00:37,,,TRUE
3-Jul-22,10040,10685,Season 1 Episode 19,Peter Benton ,M,23:22:45,0:11:12,10040_10685_14,Off-Screen,23:32:01,23:33:56,0:01:55,0:01:55,115,0,0,0,Off-Screen,10040_10685_15,,0,,,,,,,,,,,,,,,,,0:00:00,FALSE,,0,,,,0:01:55,,,TRUE
3-Jul-22,10040,10685,Season 1 Episode 19,Peter Benton ,M,23:22:45,0:11:12,10040_10685_15,Social,23:33:56,23:34:31,0:00:35,0:00:35,35,Other,Talking,0,Hospital,10040_10685_16,,0,,,,,,,,,,,,,,,,,0:00:00,FALSE,,0,,,,0:00:35,,,TRUE
3-Jul-22,10040,10685,Season 1 Episode 19,Peter Benton ,M,23:22:45,0:11:12,10040_10685_16,Off-Screen,23:34:31,23:37:25,0:02:54,0:02:54,174,0,0,0,Off-Screen,10040_10685_17,,0,,,,,,,,,,,,,,,,,0:00:00,FALSE,,0,,,,0:02:54,,,TRUE
3-Jul-22,10040,10685,Season 1 Episode 19,Peter Benton ,M,23:22:45,0:11:12,10040_10685_17,In-transit,23:37:25,23:37:30,0:00:05,0:00:05,5,0,0,0,Hospital,10040_10685_18,,0,,,,,,,,,,,,,,,,,0:00:00,FALSE,,0,,,,0:00:05,,,TRUE
3-Jul-22,10040,10685,Season 1 Episode 19,Peter Benton ,M,23:22:45,0:11:12,10040_10685_18,Nothing Happening,23:37:30,23:37:49,0:00:19,0:00:19,19,0,0,0,Nothing Happening,10040_10685_19,,0,,,,,,,,,,,,,,,,,0:00:00,FALSE,,0,,,,0:00:19,,,TRUE
3-Jul-22,10040,10685,Season 1 Episode 19,Peter Benton ,M,23:22:45,0:11:12,10040_10685_19,In-transit,23:37:49,23:37:54,0:00:05,0:00:05,5,0,0,0,Hospital,10040_10685_20,,0,,,,,,,,,,,,,,,,,0:00:00,FALSE,,0,,,,0:00:05,,,TRUE
3-Jul-22,10040,10685,Season 1 Episode 19,Peter Benton ,M,23:22:45,0:11:12,10040_10685_20,Professional Communication,23:37:54,23:38:15,0:00:21,0:00:21,21,Doctor(s),Talking,0,ICU,10040_10685_21,,0,,,,,,,,,,,,,,,,,0:00:00,FALSE,,0,,,,0:00:21,,,TRUE
3-Jul-22,10040,10685,Season 1 Episode 19,Peter Benton ,M,23:22:45,0:11:12,10040_10685_21,Nothing Happening,23:38:15,23:38:20,0:00:05,0:00:05,5,0,0,0,Nothing Happening,10040_10685_22,,0,,,,,,,,,,,,,,,,,0:00:00,FALSE,,0,,,,0:00:05,,,TRUE
3-Jul-22,10040,10685,Season 1 Episode 19,Peter Benton ,M,23:22:45,0:11:12,10040_10685_22,In-transit,23:38:20,23:38:26,0:00:06,0:00:06,6,0,0,0,Hospital,10040_10685_23,,0,,,,,,,,,,,,,,,,,0:00:00,FALSE,,0,,,,0:00:06,,,TRUE
3-Jul-22,10040,10685,Season 1 Episode 19,Peter Benton ,M,23:22:45,0:11:12,10040_10685_23,Nothing Happening,23:38:26,23:38:29,0:00:03,0:00:03,3,0,0,0,Nothing Happening,10040_10685_24,,0,,,,,,,,,,,,,,,,,0:00:00,FALSE,,0,,,,0:00:03,,,TRUE
3-Jul-22,10040,10685,Season 1 Episode 19,Peter Benton ,M,23:22:45,0:11:12,10040_10685_24,Off-Screen,23:38:29,23:46:30,0:08:01,0:08:01,481,0,0,0,Off-Screen,10040_10685_25,,0,,,,,,,,,,,,,,,,,0:00:00,FALSE,,0,,,,0:08:01,,,TRUE
3-Jul-22,10040,10685,Season 1 Episode 19,Peter Benton ,M,23:22:45,0:11:12,10040_10685_25,Social,23:46:30,23:46:36,0:00:06,0:00:06,6,Other,Talking,0,Hospital,10040_10685_26,,0,,,,,,,,,,,,,,,,,0:00:00,FALSE,,0,,,,0:00:06,,,TRUE
3-Jul-22,10040,10685,Season 1 Episode 19,Peter Benton ,M,23:22:45,0:11:12,10040_10685_26,Professional Communication,23:46:36,23:46:51,0:00:15,0:00:15,15,Nurse,Talking,0,Hospital,10040_10685_27,,0,,,,,,,,,,,,,,,,,0:00:00,FALSE,,0,,,,0:00:15,,,TRUE
3-Jul-22,10040,10685,Season 1 Episode 19,Peter Benton ,M,23:22:45,0:11:12,10040_10685_27,Nothing Happening,23:46:51,23:46:58,0:00:07,0:00:07,7,0,0,0,Nothing Happening,10040_10685_28,,0,,,,,,,,,,,,,,,,,0:00:00,FALSE,,0,,,,0:00:07,,,TRUE
3-Jul-22,10040,10685,Season 1 Episode 19,Peter Benton ,M,23:22:45,0:11:12,10040_10685_28,Social,23:46:58,23:47:04,0:00:06,0:00:06,6,Other,Talking,0,Hospital,10040_10685_29,,0,,,,,,,,,,,,,,,,,0:00:00,FALSE,,0,,,,0:00:06,,,TRUE
3-Jul-22,10040,10685,Season 1 Episode 19,Peter Benton ,M,23:22:45,0:11:12,10040_10685_29,Nothing Happening,23:47:04,23:47:08,0:00:04,0:00:04,4,0,0,0,Nothing Happening,10040_10685_30,,0,,,,,,,,,,,,,,,,,0:00:00,FALSE,,0,,,,0:00:04,,,TRUE
3-Jul-22,10040,10685,Season 1 Episode 19,Peter Benton ,M,23:22:45,0:11:12,10040_10685_30,Off-Screen,23:47:08,0:11:12,23:35:56,23:35:56,84956,0,0,0,Off-Screen,user,,0,,,,,,,,,,,,,,,,,0:00:00,FALSE,,0,,,,23:35:56,,,TRUE
6-Jul-22,10040,10707,Season 1 Episode 22,Peter Benton ,M,13:14:33,14:07:42,10040_10707_1,Off-Screen,13:14:33,13:16:30,0:01:57,0:01:57,117,0,0,0,Off-Screen,10040_10707_2,,0,,,,,,,,,,,,,,,,,0:00:00,FALSE,,0,,,,0:01:57,,,TRUE
6-Jul-22,10040,10707,Season 1 Episode 22,Peter Benton ,M,13:14:33,14:07:42,10040_10707_2,Social,13:16:30,13:17:13,0:00:43,0:00:43,43,Other,Talking,0,Community,10040_10707_4,10040_10707_3,1,2,10040_10707_3,13:16:43,13:16:53,,,,,,,,,,,,,0:00:10,FALSE,,0,,,,0:00:43,,,TRUE
6-Jul-22,10040,10707,Season 1 Episode 22,Peter Benton ,M,13:14:33,14:07:42,10040_10707_3,In-transit,13:16:43,13:16:53,0:00:10,0:00:10,10,0,0,0,Community,user,10040_10707_2,1,2,10040_10707_2,13:16:43,13:16:53,,,,,,,,,,,,,0:00:10,FALSE,,0,,,,0:00:10,,,TRUE
6-Jul-22,10040,10707,Season 1 Episode 22,Peter Benton ,M,13:14:33,14:07:42,10040_10707_4,Off-Screen,13:17:13,13:18:44,0:01:31,0:01:31,91,0,0,0,Off-Screen,10040_10707_5,,0,,,,,,,,,,,,,,,,,0:00:00,FALSE,,0,,,,0:01:31,,,TRUE
6-Jul-22,10040,10707,Season 1 Episode 22,Peter Benton ,M,13:14:33,14:07:42,10040_10707_5,In-transit,13:18:44,13:18:47,0:00:03,0:00:03,3,0,0,0,Hospital,10040_10707_6,,0,,,,,,,,,,,,,,,,,0:00:00,FALSE,,0,,,,0:00:03,,,TRUE
6-Jul-22,10040,10707,Season 1 Episode 22,Peter Benton ,M,13:14:33,14:07:42,10040_10707_6,Direct Care,13:18:47,13:19:27,0:00:40,0:00:40,40,Doctor(s),Talking,0,Hospital,10040_10707_8,10040_10707_7,1,2,10040_10707_7,13:18:50,13:19:23,,,,,,,,,,,,,0:00:33,FALSE,,0,,,,0:00:40,,,TRUE
6-Jul-22,10040,10707,Season 1 Episode 22,Peter Benton ,M,13:14:33,14:07:42,10040_10707_7,Direct Care,13:18:50,13:19:23,0:00:33,0:00:33,33,Patient,0,0,Hospital,user,10040_10707_6,1,2,10040_10707_6,13:18:50,13:19:23,,,,,,,,,,,,,0:00:33,FALSE,,0,,,,0:00:33,,,TRUE
6-Jul-22,10040,10707,Season 1 Episode 22,Peter Benton ,M,13:14:33,14:07:42,10040_10707_8,Off-Screen,13:19:27,13:25:55,0:06:28,0:06:28,388,0,0,0,Off-Screen,10040_10707_9,,0,,,,,,,,,,,,,,,,,0:00:00,FALSE,,0,,,,0:06:28,,,TRUE
6-Jul-22,10040,10707,Season 1 Episode 22,Peter Benton ,M,13:14:33,14:07:42,10040_10707_9,Direct Care,13:25:55,13:26:07,0:00:12,0:00:12,12,Other,Talking,0,Hospital,user,10040_10707_10,1,2,10040_10707_10,13:25:58,13:26:07,,,,,,,,,,,,,0:00:09,FALSE,,0,,,,0:00:12,,,TRUE
6-Jul-22,10040,10707,Season 1 Episode 22,Peter Benton ,M,13:14:33,14:07:42,10040_10707_10,Direct Care,13:25:58,13:26:51,0:00:53,0:00:53,53,Patient,0,0,ICU,10040_10707_14,"10040_10707_9,10040_10707_11,10040_10707_12,10040_10707_13",4,2,10040_10707_9,13:25:58,13:26:07,2,10040_10707_11,13:26:08,13:26:18,3,"10040_10707_11,10040_10707_12",13:26:18,13:26:35,3,"10040_10707_11,10040_10707_13",13:26:35,13:26:51,0:00:52,FALSE,,0,,,,0:00:53,,,TRUE
6-Jul-22,10040,10707,Season 1 Episode 22,Peter Benton ,M,13:14:33,14:07:42,10040_10707_11,Direct Care,13:26:08,13:26:51,0:00:43,0:00:43,43,Doctor(s),Talking,0,ICU,10040_10707_14,"10040_10707_10,10040_10707_12,10040_10707_13",3,2,10040_10707_10,13:26:08,13:26:18,3,"10040_10707_10,10040_10707_12",13:26:18,13:26:35,3,"10040_10707_10,10040_10707_13",13:26:35,13:26:51,,,,,0:00:43,FALSE,,0,,,,0:00:43,,,TRUE
6-Jul-22,10040,10707,Season 1 Episode 22,Peter Benton ,M,13:14:33,14:07:42,10040_10707_12,Direct Care,13:26:18,13:26:30,0:00:12,0:00:12,12,Other,Talking,0,ICU,user,"10040_10707_11,10040_10707_10",1,3,"10040_10707_11,10040_10707_10",13:26:18,13:26:30,,,,,,,,,,,,,0:00:12,FALSE,,0,,,,0:00:12,,,TRUE
6-Jul-22,10040,10707,Season 1 Episode 22,Peter Benton ,M,13:14:33,14:07:42,10040_10707_13,Direct Care,13:26:35,13:26:50,0:00:15,0:00:15,15,Nurse,Talking,0,ICU,user,"10040_10707_11,10040_10707_10",1,3,"10040_10707_11,10040_10707_10",13:26:35,13:26:50,,,,,,,,,,,,,0:00:15,FALSE,,0,,,,0:00:15,,,TRUE
6-Jul-22,10040,10707,Season 1 Episode 22,Peter Benton ,M,13:14:33,14:07:42,10040_10707_14,Off-Screen,13:26:51,13:27:44,0:00:53,0:00:53,53,0,0,0,Off-Screen,10040_10707_15,,0,,,,,,,,,,,,,,,,,0:00:00,FALSE,,0,,,,0:00:53,,,TRUE
6-Jul-22,10040,10707,Season 1 Episode 22,Peter Benton ,M,13:14:33,14:07:42,10040_10707_15,Direct Care,13:27:44,13:28:25,0:00:41,0:00:41,41,Nurse,Talking,0,ICU,10040_10707_18,"10040_10707_16,10040_10707_17",2,2,10040_10707_16,13:27:47,13:27:54,3,"10040_10707_16,10040_10707_17",13:27:54,13:28:24,,,,,,,,,0:00:37,FALSE,,0,,,,0:00:41,,,TRUE
6-Jul-22,10040,10707,Season 1 Episode 22,Peter Benton ,M,13:14:33,14:07:42,10040_10707_16,Direct Care,13:27:47,13:28:21,0:00:34,0:00:34,34,Patient,0,0,ICU,user,"10040_10707_15,10040_10707_17",2,2,10040_10707_15,13:27:47,13:27:54,3,"10040_10707_15,10040_10707_17",13:27:54,13:28:21,,,,,,,,,0:00:34,FALSE,,0,,,,0:00:34,,,TRUE
6-Jul-22,10040,10707,Season 1 Episode 22,Peter Benton ,M,13:14:33,14:07:42,10040_10707_17,Direct Care,13:27:54,13:28:24,0:00:30,0:00:30,30,Doctor(s),Talking,0,ICU,user,"10040_10707_16,10040_10707_15",1,3,"10040_10707_16,10040_10707_15",13:27:54,13:28:24,,,,,,,,,,,,,0:00:30,FALSE,,0,,,,0:00:30,,,TRUE
6-Jul-22,10040,10707,Season 1 Episode 22,Peter Benton ,M,13:14:33,14:07:42,10040_10707_18,Off-Screen,13:28:25,13:33:59,0:05:34,0:05:34,334,0,0,0,Off-Screen,10040_10707_19,,0,,,,,,,,,,,,,,,,,0:00:00,FALSE,,0,,,,0:05:34,,,TRUE
6-Jul-22,10040,10707,Season 1 Episode 22,Peter Benton ,M,13:14:33,14:07:42,10040_10707_19,Direct Care,13:33:59,13:34:04,0:00:05,0:00:05,5,Nurse,Talking,0,Hospital,10040_10707_20,,0,,,,,,,,,,,,,,,,,0:00:00,FALSE,,0,,,,0:00:05,,,TRUE
6-Jul-22,10040,10707,Season 1 Episode 22,Peter Benton ,M,13:14:33,14:07:42,10040_10707_20,Direct Care,13:34:04,13:34:13,0:00:09,0:00:09,9,Doctor(s),Talking,0,Hospital,10040_10707_21,,0,,,,,,,,,,,,,,,,,0:00:00,FALSE,,0,,,,0:00:09,,,TRUE
6-Jul-22,10040,10707,Season 1 Episode 22,Peter Benton ,M,13:14:33,14:07:42,10040_10707_21,Direct Care,13:34:13,13:34:18,0:00:05,0:00:05,5,Nurse,Talking,0,Hospital,10040_10707_22,,0,,,,,,,,,,,,,,,,,0:00:00,FALSE,,0,,,,0:00:05,,,TRUE
6-Jul-22,10040,10707,Season 1 Episode 22,Peter Benton ,M,13:14:33,14:07:42,10040_10707_22,Off-Screen,13:34:18,13:38:59,0:04:41,0:04:41,281,0,0,0,Off-Screen,10040_10707_23,,0,,,,,,,,,,,,,,,,,0:00:00,FALSE,,0,,,,0:04:41,,,TRUE
6-Jul-22,10040,10707,Season 1 Episode 22,Peter Benton ,M,13:14:33,14:07:42,10040_10707_23,In-transit,13:38:59,13:39:14,0:00:15,0:00:15,15,0,0,0,Hospital,user,10040_10707_24,1,2,10040_10707_24,13:39:01,13:39:14,,,,,,,,,,,,,0:00:13,FALSE,,0,,,,0:00:15,,,TRUE
6-Jul-22,10040,10707,Season 1 Episode 22,Peter Benton ,M,13:14:33,14:07:42,10040_10707_24,Social,13:39:01,13:39:29,0:00:28,0:00:28,28,Other,Talking,0,Hospital,10040_10707_25,10040_10707_23,1,2,10040_10707_23,13:39:01,13:39:14,,,,,,,,,,,,,0:00:13,FALSE,,0,,,,0:00:28,,,TRUE
6-Jul-22,10040,10707,Season 1 Episode 22,Peter Benton ,M,13:14:33,14:07:42,10040_10707_25,Professional Communication,13:39:29,13:39:32,0:00:03,0:00:03,3,Other,Talking,0,Hospital,10040_10707_26,,0,,,,,,,,,,,,,,,,,0:00:00,FALSE,,0,,,,0:00:03,,,TRUE
6-Jul-22,10040,10707,Season 1 Episode 22,Peter Benton ,M,13:14:33,14:07:42,10040_10707_26,Direct Care,13:39:32,13:40:21,0:00:49,0:00:49,49,Patient,Talking,0,Hospital,10040_10707_28,10040_10707_27,1,2,10040_10707_27,13:39:55,13:40:06,,,,,,,,,,,,,0:00:11,FALSE,,0,,,,0:00:49,,,TRUE
6-Jul-22,10040,10707,Season 1 Episode 22,Peter Benton ,M,13:14:33,14:07:42,10040_10707_27,Document,13:39:55,13:40:06,0:00:11,0:00:11,11,0,Med Chart,0,Hospital,user,10040_10707_26,1,2,10040_10707_26,13:39:55,13:40:06,,,,,,,,,,,,,0:00:11,FALSE,,0,,,,0:00:11,,,TRUE
6-Jul-22,10040,10707,Season 1 Episode 22,Peter Benton ,M,13:14:33,14:07:42,10040_10707_28,Direct Care,13:40:21,13:40:26,0:00:05,0:00:05,5,Doctor(s),Talking,0,Hospital,10040_10707_29,,0,,,,,,,,,,,,,,,,,0:00:00,FALSE,,0,,,,0:00:05,,,TRUE
6-Jul-22,10040,10707,Season 1 Episode 22,Peter Benton ,M,13:14:33,14:07:42,10040_10707_29,Direct Care,13:40:26,13:40:29,0:00:03,0:00:03,3,Patient,Talking,0,Hospital,10040_10707_30,,0,,,,,,,,,,,,,,,,,0:00:00,FALSE,,0,,,,0:00:03,,,TRUE
6-Jul-22,10040,10707,Season 1 Episode 22,Peter Benton ,M,13:14:33,14:07:42,10040_10707_30,Off-Screen,13:40:29,13:41:20,0:00:51,0:00:51,51,0,0,0,Off-Screen,10040_10707_31,,0,,,,,,,,,,,,,,,,,0:00:00,FALSE,,0,,,,0:00:51,,,TRUE
6-Jul-22,10040,10707,Season 1 Episode 22,Peter Benton ,M,13:14:33,14:07:42,10040_10707_31,Direct Care,13:41:20,13:42:25,0:01:05,0:01:05,65,Patient,Talking,0,Hospital,10040_10707_32,,0,,,,,,,,,,,,,,,,,0:00:00,FALSE,,0,,,,0:01:05,,,TRUE
6-Jul-22,10040,10707,Season 1 Episode 22,Peter Benton ,M,13:14:33,14:07:42,10040_10707_32,In-transit,13:42:25,13:42:36,0:00:11,0:00:11,11,0,0,0,Hospital,10040_10707_34,10040_10707_33,1,2,10040_10707_33,13:42:30,13:42:36,,,,,,,,,,,,,0:00:06,FALSE,,0,,,,0:00:11,,,TRUE
6-Jul-22,10040,10707,Season 1 Episode 22,Peter Benton ,M,13:14:33,14:07:42,10040_10707_33,Professional Communication,13:42:30,13:42:36,0:00:06,0:00:06,6,Doctor(s),Talking,0,Hospital,user,10040_10707_32,1,2,10040_10707_32,13:42:30,13:42:36,,,,,,,,,,,,,0:00:06,FALSE,,0,,,,0:00:06,,,TRUE
6-Jul-22,10040,10707,Season 1 Episode 22,Peter Benton ,M,13:14:33,14:07:42,10040_10707_34,Off-Screen,13:42:36,13:46:14,0:03:38,0:03:38,218,0,0,0,Off-Screen,10040_10707_35,,0,,,,,,,,,,,,,,,,,0:00:00,FALSE,,0,,,,0:03:38,,,TRUE
6-Jul-22,10040,10707,Season 1 Episode 22,Peter Benton ,M,13:14:33,14:07:42,10040_10707_35,Professional Communication,13:46:14,13:46:23,0:00:09,0:00:09,9,Nurse,Talking,0,Hospital,10040_10707_36,,0,,,,,,,,,,,,,,,,,0:00:00,FALSE,,0,,,,0:00:09,,,TRUE
6-Jul-22,10040,10707,Season 1 Episode 22,Peter Benton ,M,13:14:33,14:07:42,10040_10707_36,Off-Screen,13:46:23,13:48:28,0:02:05,0:02:05,125,0,0,0,Off-Screen,10040_10707_37,,0,,,,,,,,,,,,,,,,,0:00:00,FALSE,,0,,,,0:02:05,,,TRUE
6-Jul-22,10040,10707,Season 1 Episode 22,Peter Benton ,M,13:14:33,14:07:42,10040_10707_37,Direct Care,13:48:28,13:49:17,0:00:49,0:00:49,49,Doctor(s),Talking,0,Hospital,10040_10707_38,,0,,,,,,,,,,,,,,,,,0:00:00,FALSE,,0,,,,0:00:49,,,TRUE
6-Jul-22,10040,10707,Season 1 Episode 22,Peter Benton ,M,13:14:33,14:07:42,10040_10707_38,Off-Screen,13:49:17,13:50:02,0:00:45,0:00:45,45,0,0,0,Off-Screen,10040_10707_39,,0,,,,,,,,,,,,,,,,,0:00:00,FALSE,,0,,,,0:00:45,,,TRUE
6-Jul-22,10040,10707,Season 1 Episode 22,Peter Benton ,M,13:14:33,14:07:42,10040_10707_39,Professional Communication,13:50:02,13:50:23,0:00:21,0:00:21,21,Other,Landline,0,Hospital,10040_10707_40,,0,,,,,,,,,,,,,,,,,0:00:00,FALSE,,0,,,,0:00:21,,,TRUE
6-Jul-22,10040,10707,Season 1 Episode 22,Peter Benton ,M,13:14:33,14:07:42,10040_10707_40,Professional Communication,13:50:23,13:50:33,0:00:10,0:00:10,10,Doctor(s),Talking,0,Hospital,10040_10707_41,,0,,,,,,,,,,,,,,,,,0:00:00,FALSE,,0,,,,0:00:10,,,TRUE
6-Jul-22,10040,10707,Season 1 Episode 22,Peter Benton ,M,13:14:33,14:07:42,10040_10707_41,Off-Screen,13:50:33,13:55:20,0:04:47,0:04:47,287,0,0,0,Off-Screen,10040_10707_42,,0,,,,,,,,,,,,,,,,,0:00:00,FALSE,,0,,,,0:04:47,,,TRUE
6-Jul-22,10040,10707,Season 1 Episode 22,Peter Benton ,M,13:14:33,14:07:42,10040_10707_42,In-transit,13:55:20,13:55:33,0:00:13,0:00:13,13,0,0,0,Community,10040_10707_43,,0,,,,,,,,,,,,,,,,,0:00:00,FALSE,,0,,,,0:00:13,,,TRUE
6-Jul-22,10040,10707,Season 1 Episode 22,Peter Benton ,M,13:14:33,14:07:42,10040_10707_43,Off-Screen,13:55:33,13:57:45,0:02:12,0:02:12,132,0,0,0,Off-Screen,10040_10707_44,,0,,,,,,,,,,,,,,,,,0:00:00,FALSE,,0,,,,0:02:12,,,TRUE
6-Jul-22,10040,10707,Season 1 Episode 22,Peter Benton ,M,13:14:33,14:07:42,10040_10707_44,In-transit,13:57:45,13:58:12,0:00:27,0:00:27,27,0,0,0,Community,10040_10707_46,10040_10707_45,1,2,10040_10707_45,13:57:57,13:58:11,,,,,,,,,,,,,0:00:14,FALSE,,0,,,,0:00:27,,,TRUE
6-Jul-22,10040,10707,Season 1 Episode 22,Peter Benton ,M,13:14:33,14:07:42,10040_10707_45,Professional Communication,13:57:57,13:58:11,0:00:14,0:00:14,14,Doctor(s),Talking,0,Community,user,10040_10707_44,1,2,10040_10707_44,13:57:57,13:58:11,,,,,,,,,,,,,0:00:14,FALSE,,0,,,,0:00:14,,,TRUE
6-Jul-22,10040,10707,Season 1 Episode 22,Peter Benton ,M,13:14:33,14:07:42,10040_10707_46,Off-Screen,13:58:12,13:59:50,0:01:38,0:01:38,98,0,0,0,Off-Screen,10040_10707_47,,0,,,,,,,,,,,,,,,,,0:00:00,FALSE,,0,,,,0:01:38,,,TRUE
6-Jul-22,10040,10707,Season 1 Episode 22,Peter Benton ,M,13:14:33,14:07:42,10040_10707_47,In-transit,13:59:50,14:00:08,0:00:18,0:00:18,18,0,0,0,Community,user,10040_10707_48,1,2,10040_10707_48,13:59:52,14:00:08,,,,,,,,,,,,,0:00:16,FALSE,,0,,,,0:00:18,,,TRUE
6-Jul-22,10040,10707,Season 1 Episode 22,Peter Benton ,M,13:14:33,14:07:42,10040_10707_48,Direct Care,13:59:52,14:00:51,0:00:59,0:00:59,59,Patient,Talking,0,Community,10040_10707_49,10040_10707_47,1,2,10040_10707_47,13:59:52,14:00:08,,,,,,,,,,,,,0:00:16,FALSE,,0,,,,0:00:59,,,TRUE
6-Jul-22,10040,10707,Season 1 Episode 22,Peter Benton ,M,13:14:33,14:07:42,10040_10707_49,Direct Care,14:00:51,14:01:02,0:00:11,0:00:11,11,Patient,Talking,0,Community,10040_10707_50,,0,,,,,,,,,,,,,,,,,0:00:00,FALSE,,0,,,,0:00:11,,,TRUE
6-Jul-22,10040,10707,Season 1 Episode 22,Peter Benton ,M,13:14:33,14:07:42,10040_10707_50,Nothing Happening,14:01:02,14:01:23,0:00:21,0:00:21,21,0,0,0,Nothing Happening,10040_10707_51,,0,,,,,,,,,,,,,,,,,0:00:00,FALSE,,0,,,,0:00:21,,,TRUE
6-Jul-22,10040,10707,Season 1 Episode 22,Peter Benton ,M,13:14:33,14:07:42,10040_10707_51,Off-Screen,14:01:23,14:01:25,0:00:02,0:00:02,2,0,0,0,Off-Screen,10040_10707_52,,0,,,,,,,,,,,,,,,,,0:00:00,FALSE,,0,,,,0:00:02,,,TRUE
6-Jul-22,10040,10707,Season 1 Episode 22,Peter Benton ,M,13:14:33,14:07:42,10040_10707_52,In-transit,14:01:25,14:01:28,0:00:03,0:00:03,3,0,0,0,Hospital,10040_10707_53,,0,,,,,,,,,,,,,,,,,0:00:00,FALSE,,0,,,,0:00:03,,,TRUE
6-Jul-22,10040,10707,Season 1 Episode 22,Peter Benton ,M,13:14:33,14:07:42,10040_10707_53,Professional Communication,14:01:28,14:01:55,0:00:27,0:00:27,27,Doctor(s),Talking,0,Hospital,10040_10707_55,10040_10707_54,1,2,10040_10707_54,14:01:35,14:01:50,,,,,,,,,,,,,0:00:15,FALSE,,0,,,,0:00:27,,,TRUE
6-Jul-22,10040,10707,Season 1 Episode 22,Peter Benton ,M,13:14:33,14:07:42,10040_10707_54,In-transit,14:01:35,14:01:50,0:00:15,0:00:15,15,0,0,0,Hospital,user,10040_10707_53,1,2,10040_10707_53,14:01:35,14:01:50,,,,,,,,,,,,,0:00:15,FALSE,,0,,,,0:00:15,,,TRUE
6-Jul-22,10040,10707,Season 1 Episode 22,Peter Benton ,M,13:14:33,14:07:42,10040_10707_55,Social,14:01:55,14:02:03,0:00:08,0:00:08,8,Other,Talking,0,Hospital,10040_10707_56,,0,,,,,,,,,,,,,,,,,0:00:00,FALSE,,0,,,,0:00:08,,,TRUE
6-Jul-22,10040,10707,Season 1 Episode 22,Peter Benton ,M,13:14:33,14:07:42,10040_10707_56,Off-Screen,14:02:03,14:05:36,0:03:33,0:03:33,213,0,0,0,Off-Screen,10040_10707_57,,0,,,,,,,,,,,,,,,,,0:00:00,FALSE,,0,,,,0:03:33,,,TRUE
6-Jul-22,10040,10707,Season 1 Episode 22,Peter Benton ,M,13:14:33,14:07:42,10040_10707_57,Social,14:05:36,14:07:42,0:02:06,0:02:06,126,Other,Talking,0,Community,user,,0,,,,,,,,,,,,,,,,,0:00:00,FALSE,,0,,,,0:02:06,,,TRUE
9-Aug-21,10020,10424,S1E2,Susan Lewis,F,19:39:52,20:29:12,10020_10424_1,Nothing Happening,19:39:52,19:40:04,0:00:12,0:00:12,12,0,0,0,Nothing Happening,10020_10424_2,,0,,,,,,,,,,,,,,,,,0:00:00,FALSE,,0,,,,0:00:12,,,TRUE
9-Aug-21,10020,10424,S1E2,Susan Lewis,F,19:39:52,20:29:12,10020_10424_2,Professional Communication,19:40:04,19:40:20,0:00:16,0:00:16,16,Nurse,Talking,0,Hospital,10020_10424_3,,0,,,,,,,,,,,,,,,,,0:00:00,FALSE,,0,,,,0:00:16,,,TRUE
9-Aug-21,10020,10424,S1E2,Susan Lewis,F,19:39:52,20:29:12,10020_10424_3,In-transit,19:40:20,19:40:41,0:00:21,0:00:21,21,0,0,0,Hospital,user,"10020_10424_4,10020_10424_5",2,2,10020_10424_4,19:40:23,19:40:29,3,"10020_10424_4,10020_10424_5",19:40:29,19:40:41,,,,,,,,,0:00:18,FALSE,,0,,,,0:00:21,,,TRUE
9-Aug-21,10020,10424,S1E2,Susan Lewis,F,19:39:52,20:29:12,10020_10424_4,Professional Communication,19:40:23,19:40:47,0:00:24,0:00:24,24,Doctor(s),Talking,0,Hospital,user,"10020_10424_3,10020_10424_5",2,2,10020_10424_3,19:40:23,19:40:29,3,"10020_10424_3,10020_10424_5",19:40:29,19:40:47,,,,,,,,,0:00:24,FALSE,,0,,,,0:00:24,,,TRUE
9-Aug-21,10020,10424,S1E2,Susan Lewis,F,19:39:52,20:29:12,10020_10424_5,Direct Care,19:40:29,19:42:23,0:01:54,0:01:54,114,0,0,0,Hospital,10020_10424_6,"10020_10424_4,10020_10424_3",1,3,"10020_10424_4,10020_10424_3",19:40:29,19:40:47,,,,,,,,,,,,,0:00:18,FALSE,,0,,,,0:01:54,,,TRUE
9-Aug-21,10020,10424,S1E2,Susan Lewis,F,19:39:52,20:29:12,10020_10424_6,Nothing Happening,19:42:23,19:44:10,0:01:47,0:01:47,107,0,0,0,Nothing Happening,10020_10424_7,,0,,,,,,,,,,,,,,,,,0:00:00,FALSE,,0,,,,0:01:47,,,TRUE
9-Aug-21,10020,10424,S1E2,Susan Lewis,F,19:39:52,20:29:12,10020_10424_7,Off-Screen,19:44:10,19:45:14,0:01:04,0:01:04,64,0,0,0,Off-Screen,10020_10424_8,,0,,,,,,,,,,,,,,,,,0:00:00,FALSE,,0,,,,0:01:04,,,TRUE
9-Aug-21,10020,10424,S1E2,Susan Lewis,F,19:39:52,20:29:12,10020_10424_8,Professional Communication,19:45:14,19:45:27,0:00:13,0:00:13,13,Other,Talking,0,Hospital,user,10020_10424_9,1,2,10020_10424_9,19:45:21,19:45:27,,,,,,,,,,,,,0:00:06,FALSE,,0,,,,0:00:13,,,TRUE
9-Aug-21,10020,10424,S1E2,Susan Lewis,F,19:39:52,20:29:12,10020_10424_9,In-transit,19:45:21,19:45:41,0:00:20,0:00:20,20,0,0,0,Hospital,10020_10424_10,10020_10424_8,1,2,10020_10424_8,19:45:21,19:45:27,,,,,,,,,,,,,0:00:06,FALSE,,0,,,,0:00:20,,,TRUE
9-Aug-21,10020,10424,S1E2,Susan Lewis,F,19:39:52,20:29:12,10020_10424_10,Direct Care,19:45:41,19:46:33,0:00:52,0:00:52,52,Patient,Talking,0,Hospital,10020_10424_11,,0,,,,,,,,,,,,,,,,,0:00:00,FALSE,,0,,,,0:00:52,,,TRUE
9-Aug-21,10020,10424,S1E2,Susan Lewis,F,19:39:52,20:29:12,10020_10424_11,Off-Screen,19:46:33,19:49:32,0:02:59,0:02:59,179,0,0,0,Off-Screen,10020_10424_12,,0,,,,,,,,,,,,,,,,,0:00:00,FALSE,,0,,,,0:02:59,,,TRUE
9-Aug-21,10020,10424,S1E2,Susan Lewis,F,19:39:52,20:29:12,10020_10424_12,Direct Care,19:49:32,19:49:47,0:00:15,0:00:15,15,Patient,0,0,Hospital,10020_10424_14,10020_10424_13,1,2,10020_10424_13,19:49:37,19:49:47,,,,,,,,,,,,,0:00:10,FALSE,,0,,,,0:00:15,,,TRUE
9-Aug-21,10020,10424,S1E2,Susan Lewis,F,19:39:52,20:29:12,10020_10424_13,Professional Communication,19:49:37,19:49:47,0:00:10,0:00:10,10,Doctor(s),Talking,0,Hospital,10020_10424_14,10020_10424_12,1,2,10020_10424_12,19:49:37,19:49:47,,,,,,,,,,,,,0:00:10,FALSE,,0,,,,0:00:10,,,TRUE
9-Aug-21,10020,10424,S1E2,Susan Lewis,F,19:39:52,20:29:12,10020_10424_14,In-transit,19:49:47,19:49:50,0:00:03,0:00:03,3,0,0,0,Hospital,10020_10424_15,,0,,,,,,,,,,,,,,,,,0:00:00,FALSE,,0,,,,0:00:03,,,TRUE
9-Aug-21,10020,10424,S1E2,Susan Lewis,F,19:39:52,20:29:12,10020_10424_15,Direct Care,19:49:50,19:50:10,0:00:20,0:00:20,20,Patient,Talking,0,Hospital,10020_10424_16,,0,,,,,,,,,,,,,,,,,0:00:00,FALSE,,0,,,,0:00:20,,,TRUE
9-Aug-21,10020,10424,S1E2,Susan Lewis,F,19:39:52,20:29:12,10020_10424_16,Off-Screen,19:50:10,19:52:12,0:02:02,0:02:02,122,0,0,0,Off-Screen,10020_10424_17,,0,,,,,,,,,,,,,,,,,0:00:00,FALSE,,0,,,,0:02:02,,,TRUE
9-Aug-21,10020,10424,S1E2,Susan Lewis,F,19:39:52,20:29:12,10020_10424_17,Professional Communication,19:52:12,19:52:32,0:00:20,0:00:20,20,Doctor(s),Talking,0,Hospital,10020_10424_18,,0,,,,,,,,,,,,,,,,,0:00:00,FALSE,,0,,,,0:00:20,,,TRUE
9-Aug-21,10020,10424,S1E2,Susan Lewis,F,19:39:52,20:29:12,10020_10424_18,Nothing Happening,19:52:32,19:52:43,0:00:11,0:00:11,11,0,0,0,Nothing Happening,10020_10424_19,,0,,,,,,,,,,,,,,,,,0:00:00,FALSE,,0,,,,0:00:11,,,TRUE
9-Aug-21,10020,10424,S1E2,Susan Lewis,F,19:39:52,20:29:12,10020_10424_19,Nothing Happening,19:52:43,19:53:49,0:01:06,0:01:06,66,0,0,0,Nothing Happening,10020_10424_20,,0,,,,,,,,,,,,,,,,,0:00:00,FALSE,,0,,,,0:01:06,,,TRUE
9-Aug-21,10020,10424,S1E2,Susan Lewis,F,19:39:52,20:29:12,10020_10424_20,Off-Screen,19:53:49,19:55:57,0:02:08,0:02:08,128,0,0,0,Off-Screen,10020_10424_21,,0,,,,,,,,,,,,,,,,,0:00:00,FALSE,,0,,,,0:02:08,,,TRUE
9-Aug-21,10020,10424,S1E2,Susan Lewis,F,19:39:52,20:29:12,10020_10424_21,Professional Communication,19:55:57,19:56:11,0:00:14,0:00:14,14,Doctor(s),Talking,0,Hospital,user,10020_10424_22,1,2,10020_10424_22,19:56:03,19:56:11,,,,,,,,,,,,,0:00:08,FALSE,,0,,,,0:00:14,,,TRUE
9-Aug-21,10020,10424,S1E2,Susan Lewis,F,19:39:52,20:29:12,10020_10424_22,Direct Care,19:56:03,19:56:31,0:00:28,0:00:28,28,Patient,Talking,0,Hospital,10020_10424_24,"10020_10424_21,10020_10424_23",2,2,10020_10424_21,19:56:03,19:56:11,2,10020_10424_23,19:56:17,19:56:31,,,,,,,,,0:00:22,FALSE,,0,,,,0:00:28,,,TRUE
9-Aug-21,10020,10424,S1E2,Susan Lewis,F,19:39:52,20:29:12,10020_10424_23,Professional Communication,19:56:17,19:56:31,0:00:14,0:00:14,14,Doctor(s),Talking,0,Hospital,10020_10424_24,10020_10424_22,1,2,10020_10424_22,19:56:17,19:56:31,,,,,,,,,,,,,0:00:14,FALSE,,0,,,,0:00:14,,,TRUE
9-Aug-21,10020,10424,S1E2,Susan Lewis,F,19:39:52,20:29:12,10020_10424_24,Off-Screen,19:56:31,19:59:01,0:02:30,0:02:30,150,0,0,0,Off-Screen,10020_10424_25,,0,,,,,,,,,,,,,,,,,0:00:00,FALSE,,0,,,,0:02:30,,,TRUE
9-Aug-21,10020,10424,S1E2,Susan Lewis,F,19:39:52,20:29:12,10020_10424_25,Professional Communication,19:59:01,20:00:19,0:01:18,0:01:18,78,Doctor(s),Talking,0,Hospital,10020_10424_28,"10020_10424_26,10020_10424_27",2,2,10020_10424_26,19:59:21,19:59:37,2,10020_10424_27,19:59:46,19:59:56,,,,,,,,,0:00:26,FALSE,,0,,,,0:01:18,,,TRUE
9-Aug-21,10020,10424,S1E2,Susan Lewis,F,19:39:52,20:29:12,10020_10424_26,In-transit,19:59:21,19:59:37,0:00:16,0:00:16,16,0,0,0,Hospital,user,10020_10424_25,1,2,10020_10424_25,19:59:21,19:59:37,,,,,,,,,,,,,0:00:16,FALSE,,0,,,,0:00:16,,,TRUE
9-Aug-21,10020,10424,S1E2,Susan Lewis,F,19:39:52,20:29:12,10020_10424_27,In-transit,19:59:46,19:59:56,0:00:10,0:00:10,10,0,0,0,Hospital,user,10020_10424_25,1,2,10020_10424_25,19:59:46,19:59:56,,,,,,,,,,,,,0:00:10,FALSE,,0,,,,0:00:10,,,TRUE
9-Aug-21,10020,10424,S1E2,Susan Lewis,F,19:39:52,20:29:12,10020_10424_28,Off-Screen,20:00:19,20:03:00,0:02:41,0:02:41,161,0,0,0,Off-Screen,10020_10424_29,,0,,,,,,,,,,,,,,,,,0:00:00,FALSE,,0,,,,0:02:41,,,TRUE
9-Aug-21,10020,10424,S1E2,Susan Lewis,F,19:39:52,20:29:12,10020_10424_29,Professional Communication,20:03:00,20:03:37,0:00:37,0:00:37,37,Doctor(s),Talking,0,Hospital,10020_10424_31,10020_10424_30,1,2,10020_10424_30,20:03:04,20:03:17,,,,,,,,,,,,,0:00:13,FALSE,,0,,,,0:00:37,,,TRUE
9-Aug-21,10020,10424,S1E2,Susan Lewis,F,19:39:52,20:29:12,10020_10424_30,In-transit,20:03:04,20:03:17,0:00:13,0:00:13,13,0,0,0,Hospital,user,10020_10424_29,1,2,10020_10424_29,20:03:04,20:03:17,,,,,,,,,,,,,0:00:13,FALSE,,0,,,,0:00:13,,,TRUE
9-Aug-21,10020,10424,S1E2,Susan Lewis,F,19:39:52,20:29:12,10020_10424_31,In-transit,20:03:37,20:03:53,0:00:16,0:00:16,16,0,0,0,Hospital,10020_10424_32,,0,,,,,,,,,,,,,,,,,0:00:00,FALSE,,0,,,,0:00:16,,,TRUE
9-Aug-21,10020,10424,S1E2,Susan Lewis,F,19:39:52,20:29:12,10020_10424_32,Nothing Happening,20:03:53,20:04:16,0:00:23,0:00:23,23,0,0,0,Nothing Happening,10020_10424_33,,0,,,,,,,,,,,,,,,,,0:00:00,FALSE,,0,,,,0:00:23,,,TRUE
9-Aug-21,10020,10424,S1E2,Susan Lewis,F,19:39:52,20:29:12,10020_10424_33,Nothing Happening,20:04:16,20:04:54,0:00:38,0:00:38,38,0,0,0,Nothing Happening,10020_10424_34,,0,,,,,,,,,,,,,,,,,0:00:00,FALSE,,0,,,,0:00:38,,,TRUE
9-Aug-21,10020,10424,S1E2,Susan Lewis,F,19:39:52,20:29:12,10020_10424_34,Off-Screen,20:04:54,20:07:57,0:03:03,0:03:03,183,0,0,0,Off-Screen,10020_10424_35,,0,,,,,,,,,,,,,,,,,0:00:00,FALSE,,0,,,,0:03:03,,,TRUE
9-Aug-21,10020,10424,S1E2,Susan Lewis,F,19:39:52,20:29:12,10020_10424_35,Professional Communication,20:07:57,20:08:17,0:00:20,0:00:20,20,Doctor(s),Talking,0,Hospital,10020_10424_37,10020_10424_36,1,2,10020_10424_36,20:08:08,20:08:17,,,,,,,,,,,,,0:00:09,FALSE,,0,,,,0:00:20,,,TRUE
9-Aug-21,10020,10424,S1E2,Susan Lewis,F,19:39:52,20:29:12,10020_10424_36,Direct Care,20:08:08,20:08:17,0:00:09,0:00:09,9,Patient,Talking,0,Hospital,10020_10424_37,10020_10424_35,1,2,10020_10424_35,20:08:08,20:08:17,,,,,,,,,,,,,0:00:09,FALSE,,0,,,,0:00:09,,,TRUE
9-Aug-21,10020,10424,S1E2,Susan Lewis,F,19:39:52,20:29:12,10020_10424_37,Off-Screen,20:08:17,20:12:00,0:03:43,0:03:43,223,0,0,0,Off-Screen,10020_10424_38,,0,,,,,,,,,,,,,,,,,0:00:00,FALSE,,0,,,,0:03:43,,,TRUE
9-Aug-21,10020,10424,S1E2,Susan Lewis,F,19:39:52,20:29:12,10020_10424_38,Direct Care,20:12:00,20:12:32,0:00:32,0:00:32,32,Other,Talking,0,Hospital,10020_10424_40,10020_10424_39,1,2,10020_10424_39,20:12:12,20:12:32,,,,,,,,,,,,,0:00:20,FALSE,,0,,,,0:00:32,,,TRUE
9-Aug-21,10020,10424,S1E2,Susan Lewis,F,19:39:52,20:29:12,10020_10424_39,Professional Communication,20:12:12,20:12:32,0:00:20,0:00:20,20,Doctor(s),Talking,0,Hospital,10020_10424_40,10020_10424_38,1,2,10020_10424_38,20:12:12,20:12:32,,,,,,,,,,,,,0:00:20,FALSE,,0,,,,0:00:20,,,TRUE
9-Aug-21,10020,10424,S1E2,Susan Lewis,F,19:39:52,20:29:12,10020_10424_40,Off-Screen,20:12:32,20:14:23,0:01:51,0:01:51,111,0,0,0,Off-Screen,10020_10424_41,,0,,,,,,,,,,,,,,,,,0:00:00,FALSE,,0,,,,0:01:51,,,TRUE
9-Aug-21,10020,10424,S1E2,Susan Lewis,F,19:39:52,20:29:12,10020_10424_41,Nothing Happening,20:14:23,20:14:55,0:00:32,0:00:32,32,0,0,0,Nothing Happening,10020_10424_42,,0,,,,,,,,,,,,,,,,,0:00:00,FALSE,,0,,,,0:00:32,,,TRUE
9-Aug-21,10020,10424,S1E2,Susan Lewis,F,19:39:52,20:29:12,10020_10424_42,Off-Screen,20:14:55,20:15:41,0:00:46,0:00:46,46,0,0,0,Off-Screen,10020_10424_43,,0,,,,,,,,,,,,,,,,,0:00:00,FALSE,,0,,,,0:00:46,,,TRUE
9-Aug-21,10020,10424,S1E2,Susan Lewis,F,19:39:52,20:29:12,10020_10424_43,Professional Communication,20:15:41,20:16:14,0:00:33,0:00:33,33,Nurse,Talking,0,Hospital,10020_10424_46,"10020_10424_44,10020_10424_45",2,2,10020_10424_44,20:15:47,20:15:54,2,10020_10424_45,20:15:57,20:16:14,,,,,,,,,0:00:24,FALSE,,0,,,,0:00:33,,,TRUE
9-Aug-21,10020,10424,S1E2,Susan Lewis,F,19:39:52,20:29:12,10020_10424_44,In-transit,20:15:47,20:15:54,0:00:07,0:00:07,7,0,0,0,Hospital,user,10020_10424_43,1,2,10020_10424_43,20:15:47,20:15:54,,,,,,,,,,,,,0:00:07,FALSE,,0,,,,0:00:07,,,TRUE
9-Aug-21,10020,10424,S1E2,Susan Lewis,F,19:39:52,20:29:12,10020_10424_45,Direct Care,20:15:57,20:16:14,0:00:17,0:00:17,17,Patient,Talking,0,Hospital,10020_10424_46,10020_10424_43,1,2,10020_10424_43,20:15:57,20:16:14,,,,,,,,,,,,,0:00:17,FALSE,,0,,,,0:00:17,,,TRUE
9-Aug-21,10020,10424,S1E2,Susan Lewis,F,19:39:52,20:29:12,10020_10424_46,Nothing Happening,20:16:14,20:16:18,0:00:04,0:00:04,4,0,0,0,Nothing Happening,10020_10424_47,,0,,,,,,,,,,,,,,,,,0:00:00,FALSE,,0,,,,0:00:04,,,TRUE
9-Aug-21,10020,10424,S1E2,Susan Lewis,F,19:39:52,20:29:12,10020_10424_47,Professional Communication,20:16:18,20:16:33,0:00:15,0:00:15,15,Doctor(s),Talking,0,Hospital,10020_10424_49,10020_10424_48,1,2,10020_10424_48,20:16:22,20:16:33,,,,,,,,,,,,,0:00:11,FALSE,,0,,,,0:00:15,,,TRUE
9-Aug-21,10020,10424,S1E2,Susan Lewis,F,19:39:52,20:29:12,10020_10424_48,In-transit,20:16:22,20:16:33,0:00:11,0:00:11,11,0,0,0,Hospital,10020_10424_49,10020_10424_47,1,2,10020_10424_47,20:16:22,20:16:33,,,,,,,,,,,,,0:00:11,FALSE,,0,,,,0:00:11,,,TRUE
9-Aug-21,10020,10424,S1E2,Susan Lewis,F,19:39:52,20:29:12,10020_10424_49,Social,20:16:33,20:17:03,0:00:30,0:00:30,30,Doctor(s),Talking,0,Hospital,10020_10424_50,,0,,,,,,,,,,,,,,,,,0:00:00,FALSE,,0,,,,0:00:30,,,TRUE
9-Aug-21,10020,10424,S1E2,Susan Lewis,F,19:39:52,20:29:12,10020_10424_50,Professional Communication,20:17:03,20:17:32,0:00:29,0:00:29,29,Doctor(s),Talking,0,Hospital,10020_10424_51,,0,,,,,,,,,,,,,,,,,0:00:00,FALSE,,0,,,,0:00:29,,,TRUE
9-Aug-21,10020,10424,S1E2,Susan Lewis,F,19:39:52,20:29:12,10020_10424_51,Nothing Happening,20:17:32,20:17:36,0:00:04,0:00:04,4,0,0,0,Nothing Happening,10020_10424_52,,0,,,,,,,,,,,,,,,,,0:00:00,FALSE,,0,,,,0:00:04,,,TRUE
9-Aug-21,10020,10424,S1E2,Susan Lewis,F,19:39:52,20:29:12,10020_10424_52,Off-Screen,20:17:36,20:24:39,0:07:03,0:07:03,423,0,0,0,Off-Screen,10020_10424_53,,0,,,,,,,,,,,,,,,,,0:00:00,FALSE,,0,,,,0:07:03,,,TRUE
9-Aug-21,10020,10424,S1E2,Susan Lewis,F,19:39:52,20:29:12,10020_10424_53,Professional Communication,20:24:39,20:25:36,0:00:57,0:00:57,57,Doctor(s),Talking,0,Community,10020_10424_54,,0,,,,,,,,,,,,,,,,,0:00:00,FALSE,,0,,,,0:00:57,,,TRUE
9-Aug-21,10020,10424,S1E2,Susan Lewis,F,19:39:52,20:29:12,10020_10424_54,Off-Screen,20:25:36,20:29:12,0:03:36,0:03:36,216,0,0,0,Off-Screen,session,,0,,,,,,,,,,,,,,,,,0:00:00,FALSE,,0,,,,0:03:36,,,TRUE
12-Aug-21,10020,10427,S1E12 redo,Susan Lewis,F,17:35:47,18:20:06,10020_10427_1,Nothing Happening,17:35:47,17:35:54,0:00:07,0:00:07,7,0,0,0,Nothing Happening,10020_10427_2,,0,,,,,,,,,,,,,,,,,0:00:00,FALSE,,0,,,,0:00:07,,,TRUE
12-Aug-21,10020,10427,S1E12 redo,Susan Lewis,F,17:35:47,18:20:06,10020_10427_2,Off-Screen,17:35:54,17:39:28,0:03:34,0:03:34,214,0,0,0,Off-Screen,10020_10427_3,,0,,,,,,,,,,,,,,,,,0:00:00,FALSE,,0,,,,0:03:34,,,TRUE
12-Aug-21,10020,10427,S1E12 redo,Susan Lewis,F,17:35:47,18:20:06,10020_10427_3,Nothing Happening,17:39:28,17:40:51,0:01:23,0:01:23,83,0,0,0,Nothing Happening,10020_10427_4,,0,,,,,,,,,,,,,,,,,0:00:00,FALSE,,0,,,,0:01:23,,,TRUE
12-Aug-21,10020,10427,S1E12 redo,Susan Lewis,F,17:35:47,18:20:06,10020_10427_4,Off-Screen,17:40:51,17:43:27,0:02:36,0:02:36,156,0,0,0,Off-Screen,10020_10427_5,,0,,,,,,,,,,,,,,,,,0:00:00,FALSE,,0,,,,0:02:36,,,TRUE
12-Aug-21,10020,10427,S1E12 redo,Susan Lewis,F,17:35:47,18:20:06,10020_10427_5,In-transit,17:43:27,17:43:37,0:00:10,0:00:10,10,0,0,0,Hospital,10020_10427_7,10020_10427_6,1,2,10020_10427_6,17:43:29,17:43:37,,,,,,,,,,,,,0:00:08,FALSE,,0,,,,0:00:10,,,TRUE
12-Aug-21,10020,10427,S1E12 redo,Susan Lewis,F,17:35:47,18:20:06,10020_10427_6,Professional Communication,17:43:29,17:43:37,0:00:08,0:00:08,8,Doctor(s),Talking,0,Hospital,10020_10427_7,10020_10427_5,1,2,10020_10427_5,17:43:29,17:43:37,,,,,,,,,,,,,0:00:08,FALSE,,0,,,,0:00:08,,,TRUE
12-Aug-21,10020,10427,S1E12 redo,Susan Lewis,F,17:35:47,18:20:06,10020_10427_7,In-transit,17:43:37,17:43:41,0:00:04,0:00:04,4,0,0,0,Hospital,10020_10427_8,,0,,,,,,,,,,,,,,,,,0:00:00,FALSE,,0,,,,0:00:04,,,TRUE
12-Aug-21,10020,10427,S1E12 redo,Susan Lewis,F,17:35:47,18:20:06,10020_10427_8,Direct Care,17:43:41,17:43:57,0:00:16,0:00:16,16,Patient,Talking,0,Hospital,10020_10427_9,,0,,,,,,,,,,,,,,,,,0:00:00,FALSE,,0,,,,0:00:16,,,TRUE
12-Aug-21,10020,10427,S1E12 redo,Susan Lewis,F,17:35:47,18:20:06,10020_10427_9,In-transit,17:43:57,17:43:59,0:00:02,0:00:02,2,0,0,0,Hospital,10020_10427_10,,0,,,,,,,,,,,,,,,,,0:00:00,FALSE,,0,,,,0:00:02,,,TRUE
12-Aug-21,10020,10427,S1E12 redo,Susan Lewis,F,17:35:47,18:20:06,10020_10427_10,Off-Screen,17:43:59,17:46:08,0:02:09,0:02:09,129,0,0,0,Off-Screen,10020_10427_11,,0,,,,,,,,,,,,,,,,,0:00:00,FALSE,,0,,,,0:02:09,,,TRUE
12-Aug-21,10020,10427,S1E12 redo,Susan Lewis,F,17:35:47,18:20:06,10020_10427_11,In-transit,17:46:08,17:46:18,0:00:10,0:00:10,10,0,0,0,Hospital,user,10020_10427_12,1,2,10020_10427_12,17:46:09,17:46:18,,,,,,,,,,,,,0:00:09,FALSE,,0,,,,0:00:10,,,TRUE
12-Aug-21,10020,10427,S1E12 redo,Susan Lewis,F,17:35:47,18:20:06,10020_10427_12,Professional Communication,17:46:09,17:46:20,0:00:11,0:00:11,11,Doctor(s),Talking,0,Hospital,10020_10427_13,10020_10427_11,1,2,10020_10427_11,17:46:09,17:46:18,,,,,,,,,,,,,0:00:09,FALSE,,0,,,,0:00:11,,,TRUE
12-Aug-21,10020,10427,S1E12 redo,Susan Lewis,F,17:35:47,18:20:06,10020_10427_13,Social,17:46:20,17:46:33,0:00:13,0:00:13,13,Other,Talking,0,Hospital,10020_10427_15,10020_10427_14,1,2,10020_10427_14,17:46:26,17:46:33,,,,,,,,,,,,,0:00:07,FALSE,,0,,,,0:00:13,,,TRUE
12-Aug-21,10020,10427,S1E12 redo,Susan Lewis,F,17:35:47,18:20:06,10020_10427_14,Professional Communication,17:46:26,17:46:33,0:00:07,0:00:07,7,Doctor(s),Talking,0,Hospital,10020_10427_15,10020_10427_13,1,2,10020_10427_13,17:46:26,17:46:33,,,,,,,,,,,,,0:00:07,FALSE,,0,,,,0:00:07,,,TRUE
12-Aug-21,10020,10427,S1E12 redo,Susan Lewis,F,17:35:47,18:20:06,10020_10427_15,Professional Communication,17:46:33,17:46:35,0:00:02,0:00:02,2,Nurse,Talking,0,Hospital,10020_10427_16,,0,,,,,,,,,,,,,,,,,0:00:00,FALSE,,0,,,,0:00:02,,,TRUE
12-Aug-21,10020,10427,S1E12 redo,Susan Lewis,F,17:35:47,18:20:06,10020_10427_16,Social,17:46:35,17:46:47,0:00:12,0:00:12,12,Other,Talking,0,Hospital,10020_10427_18,10020_10427_17,1,2,10020_10427_17,17:46:39,17:46:44,,,,,,,,,,,,,0:00:05,FALSE,,0,,,,0:00:12,,,TRUE
12-Aug-21,10020,10427,S1E12 redo,Susan Lewis,F,17:35:47,18:20:06,10020_10427_17,In-transit,17:46:39,17:46:44,0:00:05,0:00:05,5,0,0,0,Hospital,user,10020_10427_16,1,2,10020_10427_16,17:46:39,17:46:44,,,,,,,,,,,,,0:00:05,FALSE,,0,,,,0:00:05,,,TRUE
12-Aug-21,10020,10427,S1E12 redo,Susan Lewis,F,17:35:47,18:20:06,10020_10427_18,Professional Communication,17:46:47,17:46:51,0:00:04,0:00:04,4,Nurse,Talking,0,Hospital,10020_10427_19,,0,,,,,,,,,,,,,,,,,0:00:00,FALSE,,0,,,,0:00:04,,,TRUE
12-Aug-21,10020,10427,S1E12 redo,Susan Lewis,F,17:35:47,18:20:06,10020_10427_19,In-transit,17:46:51,17:46:55,0:00:04,0:00:04,4,0,0,0,Hospital,10020_10427_20,,0,,,,,,,,,,,,,,,,,0:00:00,FALSE,,0,,,,0:00:04,,,TRUE
12-Aug-21,10020,10427,S1E12 redo,Susan Lewis,F,17:35:47,18:20:06,10020_10427_20,Social,17:46:55,17:49:20,0:02:25,0:02:25,145,Other,Talking,0,Community,10020_10427_21,,0,,,,,,,,,,,,,,,,,0:00:00,FALSE,,0,,,,0:02:25,,,TRUE
12-Aug-21,10020,10427,S1E12 redo,Susan Lewis,F,17:35:47,18:20:06,10020_10427_21,Nothing Happening,17:49:20,17:49:54,0:00:34,0:00:34,34,0,0,0,Community,10020_10427_22,,0,,,,,,,,,,,,,,,,,0:00:00,FALSE,,0,,,,0:00:34,,,TRUE
12-Aug-21,10020,10427,S1E12 redo,Susan Lewis,F,17:35:47,18:20:06,10020_10427_22,Off-Screen,17:49:54,17:55:32,0:05:38,0:05:38,338,0,0,0,Off-Screen,10020_10427_23,,0,,,,,,,,,,,,,,,,,0:00:00,FALSE,,0,,,,0:05:38,,,TRUE
12-Aug-21,10020,10427,S1E12 redo,Susan Lewis,F,17:35:47,18:20:06,10020_10427_23,Direct Care,17:55:32,17:56:34,0:01:02,0:01:02,62,Patient,Talking,0,Hospital,10020_10427_24,,0,,,,,,,,,,,,,,,,,0:00:00,FALSE,,0,,,,0:01:02,,,TRUE
12-Aug-21,10020,10427,S1E12 redo,Susan Lewis,F,17:35:47,18:20:06,10020_10427_24,Off-Screen,17:56:34,17:59:54,0:03:20,0:03:20,200,0,0,0,Off-Screen,10020_10427_25,,0,,,,,,,,,,,,,,,,,0:00:00,FALSE,,0,,,,0:03:20,,,TRUE
12-Aug-21,10020,10427,S1E12 redo,Susan Lewis,F,17:35:47,18:20:06,10020_10427_25,Professional Communication,17:59:54,18:00:35,0:00:41,0:00:41,41,Doctor(s),Talking,0,Hospital,10020_10427_27,10020_10427_26,1,2,10020_10427_26,18:00:29,18:00:35,,,,,,,,,,,,,0:00:06,FALSE,,0,,,,0:00:41,,,TRUE
12-Aug-21,10020,10427,S1E12 redo,Susan Lewis,F,17:35:47,18:20:06,10020_10427_26,In-transit,18:00:29,18:00:35,0:00:06,0:00:06,6,0,0,0,Hospital,10020_10427_27,10020_10427_25,1,2,10020_10427_25,18:00:29,18:00:35,,,,,,,,,,,,,0:00:06,FALSE,,0,,,,0:00:06,,,TRUE
12-Aug-21,10020,10427,S1E12 redo,Susan Lewis,F,17:35:47,18:20:06,10020_10427_27,Direct Care,18:00:35,18:00:50,0:00:15,0:00:15,15,Patient,Talking,0,Hospital,10020_10427_28,,0,,,,,,,,,,,,,,,,,0:00:00,FALSE,,0,,,,0:00:15,,,TRUE
12-Aug-21,10020,10427,S1E12 redo,Susan Lewis,F,17:35:47,18:20:06,10020_10427_28,Professional Communication,18:00:50,18:01:24,0:00:34,0:00:34,34,Doctor(s),Talking,0,Hospital,10020_10427_30,10020_10427_29,1,2,10020_10427_29,18:00:53,18:01:04,,,,,,,,,,,,,0:00:11,FALSE,,0,,,,0:00:34,,,TRUE
12-Aug-21,10020,10427,S1E12 redo,Susan Lewis,F,17:35:47,18:20:06,10020_10427_29,In-transit,18:00:53,18:01:04,0:00:11,0:00:11,11,0,0,0,Hospital,user,10020_10427_28,1,2,10020_10427_28,18:00:53,18:01:04,,,,,,,,,,,,,0:00:11,FALSE,,0,,,,0:00:11,,,TRUE
12-Aug-21,10020,10427,S1E12 redo,Susan Lewis,F,17:35:47,18:20:06,10020_10427_30,Off-Screen,18:01:24,18:01:53,0:00:29,0:00:29,29,0,0,0,Off-Screen,10020_10427_31,,0,,,,,,,,,,,,,,,,,0:00:00,FALSE,,0,,,,0:00:29,,,TRUE
12-Aug-21,10020,10427,S1E12 redo,Susan Lewis,F,17:35:47,18:20:06,10020_10427_31,Professional Communication,18:01:53,18:02:46,0:00:53,0:00:53,53,Doctor(s),Talking,0,Hospital,10020_10427_34,"10020_10427_32,10020_10427_33",2,2,10020_10427_32,18:01:56,18:02:05,2,10020_10427_33,18:02:07,18:02:46,,,,,,,,,0:00:48,FALSE,,0,,,,0:00:53,,,TRUE
12-Aug-21,10020,10427,S1E12 redo,Susan Lewis,F,17:35:47,18:20:06,10020_10427_32,In-transit,18:01:56,18:02:05,0:00:09,0:00:09,9,0,0,0,Hospital,user,10020_10427_31,1,2,10020_10427_31,18:01:56,18:02:05,,,,,,,,,,,,,0:00:09,FALSE,,0,,,,0:00:09,,,TRUE
12-Aug-21,10020,10427,S1E12 redo,Susan Lewis,F,17:35:47,18:20:06,10020_10427_33,Direct Care,18:02:07,18:02:46,0:00:39,0:00:39,39,Patient,0,0,Hospital,10020_10427_34,10020_10427_31,1,2,10020_10427_31,18:02:07,18:02:46,,,,,,,,,,,,,0:00:39,FALSE,,0,,,,0:00:39,,,TRUE
12-Aug-21,10020,10427,S1E12 redo,Susan Lewis,F,17:35:47,18:20:06,10020_10427_34,Off-Screen,18:02:46,18:02:56,0:00:10,0:00:10,10,0,0,0,Off-Screen,10020_10427_35,,0,,,,,,,,,,,,,,,,,0:00:00,FALSE,,0,,,,0:00:10,,,TRUE
12-Aug-21,10020,10427,S1E12 redo,Susan Lewis,F,17:35:47,18:20:06,10020_10427_35,In-transit,18:02:56,18:03:02,0:00:06,0:00:06,6,0,0,0,Hospital,user,10020_10427_36,1,2,10020_10427_36,18:02:58,18:03:02,,,,,,,,,,,,,0:00:04,FALSE,,0,,,,0:00:06,,,TRUE
12-Aug-21,10020,10427,S1E12 redo,Susan Lewis,F,17:35:47,18:20:06,10020_10427_36,Direct Care,18:02:58,18:03:35,0:00:37,0:00:37,37,0,0,0,Hospital,10020_10427_38,"10020_10427_35,10020_10427_37",2,2,10020_10427_35,18:02:58,18:03:02,2,10020_10427_37,18:03:04,18:03:35,,,,,,,,,0:00:35,FALSE,,0,,,,0:00:37,,,TRUE
12-Aug-21,10020,10427,S1E12 redo,Susan Lewis,F,17:35:47,18:20:06,10020_10427_37,Professional Communication,18:03:04,18:03:35,0:00:31,0:00:31,31,Doctor(s),Talking,0,Hospital,10020_10427_38,10020_10427_36,1,2,10020_10427_36,18:03:04,18:03:35,,,,,,,,,,,,,0:00:31,FALSE,,0,,,,0:00:31,,,TRUE
12-Aug-21,10020,10427,S1E12 redo,Susan Lewis,F,17:35:47,18:20:06,10020_10427_38,Off-Screen,18:03:35,18:04:20,0:00:45,0:00:45,45,0,0,0,Off-Screen,10020_10427_39,,0,,,,,,,,,,,,,,,,,0:00:00,FALSE,,0,,,,0:00:45,,,TRUE
12-Aug-21,10020,10427,S1E12 redo,Susan Lewis,F,17:35:47,18:20:06,10020_10427_39,Direct Care,18:04:20,18:05:18,0:00:58,0:00:58,58,0,0,0,Hospital,10020_10427_41,10020_10427_40,1,2,10020_10427_40,18:04:23,18:05:18,,,,,,,,,,,,,0:00:55,FALSE,,0,,,,0:00:58,,,TRUE
12-Aug-21,10020,10427,S1E12 redo,Susan Lewis,F,17:35:47,18:20:06,10020_10427_40,Professional Communication,18:04:23,18:05:18,0:00:55,0:00:55,55,Doctor(s),Talking,0,Hospital,10020_10427_41,10020_10427_39,1,2,10020_10427_39,18:04:23,18:05:18,,,,,,,,,,,,,0:00:55,FALSE,,0,,,,0:00:55,,,TRUE
12-Aug-21,10020,10427,S1E12 redo,Susan Lewis,F,17:35:47,18:20:06,10020_10427_41,Off-Screen,18:05:18,18:05:43,0:00:25,0:00:25,25,0,0,0,Off-Screen,10020_10427_42,,0,,,,,,,,,,,,,,,,,0:00:00,FALSE,,0,,,,0:00:25,,,TRUE
12-Aug-21,10020,10427,S1E12 redo,Susan Lewis,F,17:35:47,18:20:06,10020_10427_42,Professional Communication,18:05:43,18:05:53,0:00:10,0:00:10,10,Nurse,Talking,0,Hospital,10020_10427_43,,0,,,,,,,,,,,,,,,,,0:00:00,FALSE,,0,,,,0:00:10,,,TRUE
12-Aug-21,10020,10427,S1E12 redo,Susan Lewis,F,17:35:47,18:20:06,10020_10427_43,Direct Care,18:05:53,18:06:08,0:00:15,0:00:15,15,Patient,0,0,Hospital,10020_10427_45,10020_10427_44,1,2,10020_10427_44,18:05:57,18:06:08,,,,,,,,,,,,,0:00:11,FALSE,,0,,,,0:00:15,,,TRUE
12-Aug-21,10020,10427,S1E12 redo,Susan Lewis,F,17:35:47,18:20:06,10020_10427_44,Professional Communication,18:05:57,18:06:08,0:00:11,0:00:11,11,Nurse,Talking,0,Hospital,10020_10427_45,10020_10427_43,1,2,10020_10427_43,18:05:57,18:06:08,,,,,,,,,,,,,0:00:11,FALSE,,0,,,,0:00:11,,,TRUE
12-Aug-21,10020,10427,S1E12 redo,Susan Lewis,F,17:35:47,18:20:06,10020_10427_45,Off-Screen,18:06:08,18:06:10,0:00:02,0:00:02,2,0,0,0,Off-Screen,10020_10427_46,,0,,,,,,,,,,,,,,,,,0:00:00,FALSE,,0,,,,0:00:02,,,TRUE
12-Aug-21,10020,10427,S1E12 redo,Susan Lewis,F,17:35:47,18:20:06,10020_10427_46,Direct Care,18:06:10,18:06:36,0:00:26,0:00:26,26,0,0,0,Hospital,10020_10427_48,10020_10427_47,1,2,10020_10427_47,18:06:12,18:06:36,,,,,,,,,,,,,0:00:24,FALSE,,0,,,,0:00:26,,,TRUE
12-Aug-21,10020,10427,S1E12 redo,Susan Lewis,F,17:35:47,18:20:06,10020_10427_47,Professional Communication,18:06:12,18:06:36,0:00:24,0:00:24,24,Doctor(s),Talking,0,Hospital,10020_10427_48,10020_10427_46,1,2,10020_10427_46,18:06:12,18:06:36,,,,,,,,,,,,,0:00:24,FALSE,,0,,,,0:00:24,,,TRUE
12-Aug-21,10020,10427,S1E12 redo,Susan Lewis,F,17:35:47,18:20:06,10020_10427_48,Nothing Happening,18:06:36,18:06:43,0:00:07,0:00:07,7,0,0,0,Nothing Happening,10020_10427_49,,0,,,,,,,,,,,,,,,,,0:00:00,FALSE,,0,,,,0:00:07,,,TRUE
12-Aug-21,10020,10427,S1E12 redo,Susan Lewis,F,17:35:47,18:20:06,10020_10427_49,Off-Screen,18:06:43,18:06:48,0:00:05,0:00:05,5,0,0,0,Off-Screen,10020_10427_50,,0,,,,,,,,,,,,,,,,,0:00:00,FALSE,,0,,,,0:00:05,,,TRUE
12-Aug-21,10020,10427,S1E12 redo,Susan Lewis,F,17:35:47,18:20:06,10020_10427_50,Nothing Happening,18:06:48,18:06:52,0:00:04,0:00:04,4,0,0,0,Hospital,10020_10427_51,,0,,,,,,,,,,,,,,,,,0:00:00,FALSE,,0,,,,0:00:04,,,TRUE
12-Aug-21,10020,10427,S1E12 redo,Susan Lewis,F,17:35:47,18:20:06,10020_10427_51,Off-Screen,18:06:52,18:07:52,0:01:00,0:01:00,60,0,0,0,Off-Screen,10020_10427_52,,0,,,,,,,,,,,,,,,,,0:00:00,FALSE,,0,,,,0:01:00,,,TRUE
12-Aug-21,10020,10427,S1E12 redo,Susan Lewis,F,17:35:47,18:20:06,10020_10427_52,Professional Communication,18:07:52,18:08:22,0:00:30,0:00:30,30,Doctor(s),Talking,0,Hospital,10020_10427_54,10020_10427_53,1,2,10020_10427_53,18:07:55,18:08:02,,,,,,,,,,,,,0:00:07,FALSE,,0,,,,0:00:30,,,TRUE
12-Aug-21,10020,10427,S1E12 redo,Susan Lewis,F,17:35:47,18:20:06,10020_10427_53,Education,18:07:55,18:08:02,0:00:07,0:00:07,7,0,0,0,Hospital,user,10020_10427_52,1,2,10020_10427_52,18:07:55,18:08:02,,,,,,,,,,,,,0:00:07,FALSE,,0,,,,0:00:07,,,TRUE
12-Aug-21,10020,10427,S1E12 redo,Susan Lewis,F,17:35:47,18:20:06,10020_10427_54,Off-Screen,18:08:22,18:16:20,0:07:58,0:07:58,478,0,0,0,Off-Screen,10020_10427_55,,0,,,,,,,,,,,,,,,,,0:00:00,FALSE,,0,,,,0:07:58,,,TRUE
12-Aug-21,10020,10427,S1E12 redo,Susan Lewis,F,17:35:47,18:20:06,10020_10427_55,Social,18:16:20,18:18:18,0:01:58,0:01:58,118,Doctor(s),Talking,0,Community,10020_10427_56,,0,,,,,,,,,,,,,,,,,0:00:00,FALSE,,0,,,,0:01:58,,,TRUE
12-Aug-21,10020,10427,S1E12 redo,Susan Lewis,F,17:35:47,18:20:06,10020_10427_56,In-transit,18:18:18,18:18:21,0:00:03,0:00:03,3,0,0,0,Hospital,10020_10427_57,,0,,,,,,,,,,,,,,,,,0:00:00,FALSE,,0,,,,0:00:03,,,TRUE
12-Aug-21,10020,10427,S1E12 redo,Susan Lewis,F,17:35:47,18:20:06,10020_10427_57,Off-Screen,18:18:21,18:18:26,0:00:05,0:00:05,5,0,0,0,Off-Screen,10020_10427_58,,0,,,,,,,,,,,,,,,,,0:00:00,FALSE,,0,,,,0:00:05,,,TRUE
12-Aug-21,10020,10427,S1E12 redo,Susan Lewis,F,17:35:47,18:20:06,10020_10427_58,In-transit,18:18:26,18:18:36,0:00:10,0:00:10,10,0,0,0,Hospital,10020_10427_59,,0,,,,,,,,,,,,,,,,,0:00:00,FALSE,,0,,,,0:00:10,,,TRUE
12-Aug-21,10020,10427,S1E12 redo,Susan Lewis,F,17:35:47,18:20:06,10020_10427_59,Professional Communication,18:18:36,18:19:43,0:01:07,0:01:07,67,Doctor(s),Talking,0,Hospital,10020_10427_60,,0,,,,,,,,,,,,,,,,,0:00:00,FALSE,,0,,,,0:01:07,,,TRUE
12-Aug-21,10020,10427,S1E12 redo,Susan Lewis,F,17:35:47,18:20:06,10020_10427_60,Professional Communication,18:19:43,18:19:46,0:00:03,0:00:03,3,Nurse,Talking,0,Hospital,10020_10427_61,,0,,,,,,,,,,,,,,,,,0:00:00,FALSE,,0,,,,0:00:03,,,TRUE
12-Aug-21,10020,10427,S1E12 redo,Susan Lewis,F,17:35:47,18:20:06,10020_10427_61,Off-Screen,18:19:46,18:19:51,0:00:05,0:00:05,5,0,0,0,Off-Screen,10020_10427_62,,0,,,,,,,,,,,,,,,,,0:00:00,FALSE,,0,,,,0:00:05,,,TRUE
12-Aug-21,10020,10427,S1E12 redo,Susan Lewis,F,17:35:47,18:20:06,10020_10427_62,Nothing Happening,18:19:51,18:20:06,0:00:15,0:00:15,15,0,0,0,Nothing Happening,session,,0,,,,,,,,,,,,,,,,,0:00:00,FALSE,,0,,,,0:00:15,,,TRUE
13-Aug-21,10020,10447,S1E15,Susan Lewis,F,15:41:23,16:27:43,10020_10447_1,Nothing Happening,15:41:23,15:41:33,0:00:10,0:00:10,10,0,0,0,Nothing Happening,10020_10447_2,,0,,,,,,,,,,,,,,,,,0:00:00,FALSE,,0,,,,0:00:10,,,TRUE
13-Aug-21,10020,10447,S1E15,Susan Lewis,F,15:41:23,16:27:43,10020_10447_2,Off-Screen,15:41:33,15:45:27,0:03:54,0:03:54,234,0,0,0,Off-Screen,10020_10447_3,,0,,,,,,,,,,,,,,,,,0:00:00,FALSE,,0,,,,0:03:54,,,TRUE
13-Aug-21,10020,10447,S1E15,Susan Lewis,F,15:41:23,16:27:43,10020_10447_3,Nothing Happening,15:45:27,15:46:14,0:00:47,0:00:47,47,0,0,0,Nothing Happening,10020_10447_4,,0,,,,,,,,,,,,,,,,,0:00:00,FALSE,,0,,,,0:00:47,,,TRUE
13-Aug-21,10020,10447,S1E15,Susan Lewis,F,15:41:23,16:27:43,10020_10447_4,Nothing Happening,15:46:14,15:46:48,0:00:34,0:00:34,34,0,0,0,Nothing Happening,10020_10447_5,,0,,,,,,,,,,,,,,,,,0:00:00,FALSE,,0,,,,0:00:34,,,TRUE
13-Aug-21,10020,10447,S1E15,Susan Lewis,F,15:41:23,16:27:43,10020_10447_5,Off-Screen,15:46:48,15:48:17,0:01:29,0:01:29,89,0,0,0,Off-Screen,10020_10447_6,,0,,,,,,,,,,,,,,,,,0:00:00,FALSE,,0,,,,0:01:29,,,TRUE
13-Aug-21,10020,10447,S1E15,Susan Lewis,F,15:41:23,16:27:43,10020_10447_6,Professional Communication,15:48:17,15:48:48,0:00:31,0:00:31,31,Nurse,Talking,0,Hospital,user,"10020_10447_7,10020_10447_8",2,2,10020_10447_7,15:48:20,15:48:29,2,10020_10447_8,15:48:31,15:48:48,,,,,,,,,0:00:26,FALSE,,0,,,,0:00:31,,,TRUE
13-Aug-21,10020,10447,S1E15,Susan Lewis,F,15:41:23,16:27:43,10020_10447_7,In-transit,15:48:20,15:48:29,0:00:09,0:00:09,9,0,0,0,Hospital,user,10020_10447_6,1,2,10020_10447_6,15:48:20,15:48:29,,,,,,,,,,,,,0:00:09,FALSE,,0,,,,0:00:09,,,TRUE
13-Aug-21,10020,10447,S1E15,Susan Lewis,F,15:41:23,16:27:43,10020_10447_8,Direct Care,15:48:31,15:49:22,0:00:51,0:00:51,51,Patient,Talking,0,Hospital,10020_10447_10,"10020_10447_6,10020_10447_9",2,2,10020_10447_6,15:48:31,15:48:48,2,10020_10447_9,15:48:49,15:49:22,,,,,,,,,0:00:50,FALSE,,0,,,,0:00:51,,,TRUE
13-Aug-21,10020,10447,S1E15,Susan Lewis,F,15:41:23,16:27:43,10020_10447_9,Professional Communication,15:48:49,15:49:22,0:00:33,0:00:33,33,Doctor(s),Talking,0,Hospital,10020_10447_10,10020_10447_8,1,2,10020_10447_8,15:48:49,15:49:22,,,,,,,,,,,,,0:00:33,FALSE,,0,,,,0:00:33,,,TRUE
13-Aug-21,10020,10447,S1E15,Susan Lewis,F,15:41:23,16:27:43,10020_10447_10,Off-Screen,15:49:22,15:49:59,0:00:37,0:00:37,37,0,0,0,Off-Screen,10020_10447_11,,0,,,,,,,,,,,,,,,,,0:00:00,FALSE,,0,,,,0:00:37,,,TRUE
13-Aug-21,10020,10447,S1E15,Susan Lewis,F,15:41:23,16:27:43,10020_10447_11,Professional Communication,15:49:59,15:50:03,0:00:04,0:00:04,4,Doctor(s),Talking,0,Hospital,10020_10447_12,,0,,,,,,,,,,,,,,,,,0:00:00,FALSE,,0,,,,0:00:04,,,TRUE
13-Aug-21,10020,10447,S1E15,Susan Lewis,F,15:41:23,16:27:43,10020_10447_12,Off-Screen,15:50:03,15:50:13,0:00:10,0:00:10,10,0,0,0,Off-Screen,10020_10447_13,,0,,,,,,,,,,,,,,,,,0:00:00,FALSE,,0,,,,0:00:10,,,TRUE
13-Aug-21,10020,10447,S1E15,Susan Lewis,F,15:41:23,16:27:43,10020_10447_13,Professional Communication,15:50:13,15:50:28,0:00:15,0:00:15,15,Doctor(s),Talking,0,Hospital,10020_10447_16,"10020_10447_14,10020_10447_15",2,2,10020_10447_14,15:50:17,15:50:20,3,"10020_10447_14,10020_10447_15",15:50:20,15:50:28,,,,,,,,,0:00:11,FALSE,,0,,,,0:00:15,,,TRUE
13-Aug-21,10020,10447,S1E15,Susan Lewis,F,15:41:23,16:27:43,10020_10447_14,Direct Care,15:50:17,15:50:28,0:00:11,0:00:11,11,0,0,0,Hospital,10020_10447_16,"10020_10447_13,10020_10447_15",2,2,10020_10447_13,15:50:17,15:50:20,3,"10020_10447_13,10020_10447_15",15:50:20,15:50:28,,,,,,,,,0:00:11,FALSE,,0,,,,0:00:11,,,TRUE
13-Aug-21,10020,10447,S1E15,Susan Lewis,F,15:41:23,16:27:43,10020_10447_15,In-transit,15:50:20,15:50:28,0:00:08,0:00:08,8,0,0,0,Hospital,10020_10447_16,"10020_10447_14,10020_10447_13",1,3,"10020_10447_14,10020_10447_13",15:50:20,15:50:28,,,,,,,,,,,,,0:00:08,FALSE,,0,,,,0:00:08,,,TRUE
13-Aug-21,10020,10447,S1E15,Susan Lewis,F,15:41:23,16:27:43,10020_10447_16,Off-Screen,15:50:28,15:51:29,0:01:01,0:01:01,61,0,0,0,Off-Screen,10020_10447_17,,0,,,,,,,,,,,,,,,,,0:00:00,FALSE,,0,,,,0:01:01,,,TRUE
13-Aug-21,10020,10447,S1E15,Susan Lewis,F,15:41:23,16:27:43,10020_10447_17,Education,15:51:29,15:51:35,0:00:06,0:00:06,6,0,0,0,Hospital,10020_10447_18,,0,,,,,,,,,,,,,,,,,0:00:00,FALSE,,0,,,,0:00:06,,,TRUE
13-Aug-21,10020,10447,S1E15,Susan Lewis,F,15:41:23,16:27:43,10020_10447_18,Off-Screen,15:51:35,15:51:57,0:00:22,0:00:22,22,0,0,0,Off-Screen,10020_10447_19,,0,,,,,,,,,,,,,,,,,0:00:00,FALSE,,0,,,,0:00:22,,,TRUE
13-Aug-21,10020,10447,S1E15,Susan Lewis,F,15:41:23,16:27:43,10020_10447_19,Education,15:51:57,15:52:00,0:00:03,0:00:03,3,0,0,0,Hospital,10020_10447_20,,0,,,,,,,,,,,,,,,,,0:00:00,FALSE,,0,,,,0:00:03,,,TRUE
13-Aug-21,10020,10447,S1E15,Susan Lewis,F,15:41:23,16:27:43,10020_10447_20,Off-Screen,15:52:00,15:53:30,0:01:30,0:01:30,90,0,0,0,Off-Screen,10020_10447_21,,0,,,,,,,,,,,,,,,,,0:00:00,FALSE,,0,,,,0:01:30,,,TRUE
13-Aug-21,10020,10447,S1E15,Susan Lewis,F,15:41:23,16:27:43,10020_10447_21,Professional Communication,15:53:30,15:53:49,0:00:19,0:00:19,19,Doctor(s),Talking,0,Hospital,10020_10447_23,10020_10447_22,1,2,10020_10447_22,15:53:33,15:53:43,,,,,,,,,,,,,0:00:10,FALSE,,0,,,,0:00:19,,,TRUE
13-Aug-21,10020,10447,S1E15,Susan Lewis,F,15:41:23,16:27:43,10020_10447_22,In-transit,15:53:33,15:53:43,0:00:10,0:00:10,10,0,0,0,Hospital,user,10020_10447_21,1,2,10020_10447_21,15:53:33,15:53:43,,,,,,,,,,,,,0:00:10,FALSE,,0,,,,0:00:10,,,TRUE
13-Aug-21,10020,10447,S1E15,Susan Lewis,F,15:41:23,16:27:43,10020_10447_23,Off-Screen,15:53:49,15:54:54,0:01:05,0:01:05,65,0,0,0,Off-Screen,10020_10447_24,,0,,,,,,,,,,,,,,,,,0:00:00,FALSE,,0,,,,0:01:05,,,TRUE
13-Aug-21,10020,10447,S1E15,Susan Lewis,F,15:41:23,16:27:43,10020_10447_24,Nothing Happening,15:54:54,15:55:28,0:00:34,0:00:34,34,0,0,0,Nothing Happening,10020_10447_25,,0,,,,,,,,,,,,,,,,,0:00:00,FALSE,,0,,,,0:00:34,,,TRUE
13-Aug-21,10020,10447,S1E15,Susan Lewis,F,15:41:23,16:27:43,10020_10447_25,Off-Screen,15:55:28,15:55:47,0:00:19,0:00:19,19,0,0,0,Off-Screen,10020_10447_26,,0,,,,,,,,,,,,,,,,,0:00:00,FALSE,,0,,,,0:00:19,,,TRUE
13-Aug-21,10020,10447,S1E15,Susan Lewis,F,15:41:23,16:27:43,10020_10447_26,Professional Communication,15:55:47,15:56:11,0:00:24,0:00:24,24,Nurse,Talking,0,Hospital,10020_10447_27,,0,,,,,,,,,,,,,,,,,0:00:00,FALSE,,0,,,,0:00:24,,,TRUE
13-Aug-21,10020,10447,S1E15,Susan Lewis,F,15:41:23,16:27:43,10020_10447_27,Off-Screen,15:56:11,16:03:14,0:07:03,0:07:03,423,0,0,0,Off-Screen,10020_10447_28,,0,,,,,,,,,,,,,,,,,0:00:00,FALSE,,0,,,,0:07:03,,,TRUE
13-Aug-21,10020,10447,S1E15,Susan Lewis,F,15:41:23,16:27:43,10020_10447_28,Nothing Happening,16:03:14,16:03:46,0:00:32,0:00:32,32,0,0,0,Nothing Happening,10020_10447_29,,0,,,,,,,,,,,,,,,,,0:00:00,FALSE,,0,,,,0:00:32,,,TRUE
13-Aug-21,10020,10447,S1E15,Susan Lewis,F,15:41:23,16:27:43,10020_10447_29,Off-Screen,16:03:46,16:08:26,0:04:40,0:04:40,280,0,0,0,Off-Screen,10020_10447_30,,0,,,,,,,,,,,,,,,,,0:00:00,FALSE,,0,,,,0:04:40,,,TRUE
13-Aug-21,10020,10447,S1E15,Susan Lewis,F,15:41:23,16:27:43,10020_10447_30,Professional Communication,16:08:26,16:08:49,0:00:23,0:00:23,23,Doctor(s),Talking,0,Hospital,10020_10447_32,10020_10447_31,1,2,10020_10447_31,16:08:29,16:08:49,,,,,,,,,,,,,0:00:20,FALSE,,0,,,,0:00:23,,,TRUE
13-Aug-21,10020,10447,S1E15,Susan Lewis,F,15:41:23,16:27:43,10020_10447_31,In-transit,16:08:29,16:08:49,0:00:20,0:00:20,20,0,0,0,Hospital,10020_10447_32,10020_10447_30,1,2,10020_10447_30,16:08:29,16:08:49,,,,,,,,,,,,,0:00:20,FALSE,,0,,,,0:00:20,,,TRUE
13-Aug-21,10020,10447,S1E15,Susan Lewis,F,15:41:23,16:27:43,10020_10447_32,Off-Screen,16:08:49,16:09:03,0:00:14,0:00:14,14,0,0,0,Off-Screen,10020_10447_33,,0,,,,,,,,,,,,,,,,,0:00:00,FALSE,,0,,,,0:00:14,,,TRUE
13-Aug-21,10020,10447,S1E15,Susan Lewis,F,15:41:23,16:27:43,10020_10447_33,Direct Care,16:09:03,16:09:24,0:00:21,0:00:21,21,0,0,0,Hospital,10020_10447_35,10020_10447_34,1,2,10020_10447_34,16:09:05,16:09:24,,,,,,,,,,,,,0:00:19,FALSE,,0,,,,0:00:21,,,TRUE
13-Aug-21,10020,10447,S1E15,Susan Lewis,F,15:41:23,16:27:43,10020_10447_34,Professional Communication,16:09:05,16:09:24,0:00:19,0:00:19,19,Nurse,Talking,0,Hospital,10020_10447_35,10020_10447_33,1,2,10020_10447_33,16:09:05,16:09:24,,,,,,,,,,,,,0:00:19,FALSE,,0,,,,0:00:19,,,TRUE
13-Aug-21,10020,10447,S1E15,Susan Lewis,F,15:41:23,16:27:43,10020_10447_35,Off-Screen,16:09:24,16:11:40,0:02:16,0:02:16,136,0,0,0,Off-Screen,10020_10447_36,,0,,,,,,,,,,,,,,,,,0:00:00,FALSE,,0,,,,0:02:16,,,TRUE
13-Aug-21,10020,10447,S1E15,Susan Lewis,F,15:41:23,16:27:43,10020_10447_36,Professional Communication,16:11:40,16:11:47,0:00:07,0:00:07,7,Nurse,Talking,0,Hospital,10020_10447_38,10020_10447_37,1,2,10020_10447_37,16:11:43,16:11:47,,,,,,,,,,,,,0:00:04,FALSE,,0,,,,0:00:07,,,TRUE
13-Aug-21,10020,10447,S1E15,Susan Lewis,F,15:41:23,16:27:43,10020_10447_37,In-transit,16:11:43,16:11:47,0:00:04,0:00:04,4,0,0,0,Hospital,10020_10447_38,10020_10447_36,1,2,10020_10447_36,16:11:43,16:11:47,,,,,,,,,,,,,0:00:04,FALSE,,0,,,,0:00:04,,,TRUE
13-Aug-21,10020,10447,S1E15,Susan Lewis,F,15:41:23,16:27:43,10020_10447_38,In-transit,16:11:47,16:11:54,0:00:07,0:00:07,7,0,0,0,Hospital,user,10020_10447_39,1,2,10020_10447_39,16:11:49,16:11:54,,,,,,,,,,,,,0:00:05,FALSE,,0,,,,0:00:07,,,TRUE
13-Aug-21,10020,10447,S1E15,Susan Lewis,F,15:41:23,16:27:43,10020_10447_39,Professional Communication,16:11:49,16:12:43,0:00:54,0:00:54,54,Doctor(s),Talking,0,Hospital,10020_10447_41,"10020_10447_38,10020_10447_40",2,2,10020_10447_38,16:11:49,16:11:54,2,10020_10447_40,16:12:05,16:12:20,,,,,,,,,0:00:20,FALSE,,0,,,,0:00:54,,,TRUE
13-Aug-21,10020,10447,S1E15,Susan Lewis,F,15:41:23,16:27:43,10020_10447_40,In-transit,16:12:05,16:12:20,0:00:15,0:00:15,15,0,0,0,Hospital,user,10020_10447_39,1,2,10020_10447_39,16:12:05,16:12:20,,,,,,,,,,,,,0:00:15,FALSE,,0,,,,0:00:15,,,TRUE
13-Aug-21,10020,10447,S1E15,Susan Lewis,F,15:41:23,16:27:43,10020_10447_41,In-transit,16:12:43,16:12:45,0:00:02,0:00:02,2,0,0,0,Hospital,10020_10447_42,,0,,,,,,,,,,,,,,,,,0:00:00,FALSE,,0,,,,0:00:02,,,TRUE
13-Aug-21,10020,10447,S1E15,Susan Lewis,F,15:41:23,16:27:43,10020_10447_42,Off-Screen,16:12:45,16:15:13,0:02:28,0:02:28,148,0,0,0,Off-Screen,10020_10447_43,,0,,,,,,,,,,,,,,,,,0:00:00,FALSE,,0,,,,0:02:28,,,TRUE
13-Aug-21,10020,10447,S1E15,Susan Lewis,F,15:41:23,16:27:43,10020_10447_43,Nothing Happening,16:15:13,16:15:44,0:00:31,0:00:31,31,0,0,0,Nothing Happening,10020_10447_44,,0,,,,,,,,,,,,,,,,,0:00:00,FALSE,,0,,,,0:00:31,,,TRUE
13-Aug-21,10020,10447,S1E15,Susan Lewis,F,15:41:23,16:27:43,10020_10447_44,Off-Screen,16:15:44,16:19:05,0:03:21,0:03:21,201,0,0,0,Off-Screen,10020_10447_45,,0,,,,,,,,,,,,,,,,,0:00:00,FALSE,,0,,,,0:03:21,,,TRUE
13-Aug-21,10020,10447,S1E15,Susan Lewis,F,15:41:23,16:27:43,10020_10447_45,In-transit,16:19:05,16:19:12,0:00:07,0:00:07,7,0,0,0,Hospital,10020_10447_46,,0,,,,,,,,,,,,,,,,,0:00:00,FALSE,,0,,,,0:00:07,,,TRUE
13-Aug-21,10020,10447,S1E15,Susan Lewis,F,15:41:23,16:27:43,10020_10447_46,Professional Communication,16:19:12,16:20:12,0:01:00,0:01:00,60,Doctor(s),Talking,0,Hospital,10020_10447_47,,0,,,,,,,,,,,,,,,,,0:00:00,FALSE,,0,,,,0:01:00,,,TRUE
13-Aug-21,10020,10447,S1E15,Susan Lewis,F,15:41:23,16:27:43,10020_10447_47,Social,16:20:12,16:20:44,0:00:32,0:00:32,32,Doctor(s),Talking,0,Hospital,10020_10447_48,,0,,,,,,,,,,,,,,,,,0:00:00,FALSE,,0,,,,0:00:32,,,TRUE
13-Aug-21,10020,10447,S1E15,Susan Lewis,F,15:41:23,16:27:43,10020_10447_48,In-transit,16:20:44,16:20:47,0:00:03,0:00:03,3,0,0,0,Hospital,10020_10447_49,,0,,,,,,,,,,,,,,,,,0:00:00,FALSE,,0,,,,0:00:03,,,TRUE
13-Aug-21,10020,10447,S1E15,Susan Lewis,F,15:41:23,16:27:43,10020_10447_49,Off-Screen,16:20:47,16:21:06,0:00:19,0:00:19,19,0,0,0,Off-Screen,10020_10447_50,,0,,,,,,,,,,,,,,,,,0:00:00,FALSE,,0,,,,0:00:19,,,TRUE
13-Aug-21,10020,10447,S1E15,Susan Lewis,F,15:41:23,16:27:43,10020_10447_50,In-transit,16:21:06,16:21:09,0:00:03,0:00:03,3,0,0,0,Hospital,10020_10447_51,,0,,,,,,,,,,,,,,,,,0:00:00,FALSE,,0,,,,0:00:03,,,TRUE
13-Aug-21,10020,10447,S1E15,Susan Lewis,F,15:41:23,16:27:43,10020_10447_51,Off-Screen,16:21:09,16:27:43,0:06:34,0:06:34,394,0,0,0,Off-Screen,session,,0,,,,,,,,,,,,,,,,,0:00:00,FALSE,,0,,,,0:06:34,,,TRUE
13-Aug-21,10020,10446,S1E16,Susan Lewis,F,16:36:41,17:21:34,10020_10446_1,Nothing Happening,16:36:41,16:36:51,0:00:10,0:00:10,10,0,0,0,Nothing Happening,10020_10446_2,,0,,,,,,,,,,,,,,,,,0:00:00,FALSE,,0,,,,0:00:10,,,TRUE
13-Aug-21,10020,10446,S1E16,Susan Lewis,F,16:36:41,17:21:34,10020_10446_2,Off-Screen,16:36:51,16:38:47,0:01:56,0:01:56,116,0,0,0,Off-Screen,10020_10446_3,,0,,,,,,,,,,,,,,,,,0:00:00,FALSE,,0,,,,0:01:56,,,TRUE
13-Aug-21,10020,10446,S1E16,Susan Lewis,F,16:36:41,17:21:34,10020_10446_3,Social,16:38:47,16:38:50,0:00:03,0:00:03,3,Nurse,Talking,0,Hospital,10020_10446_4,,0,,,,,,,,,,,,,,,,,0:00:00,FALSE,,0,,,,0:00:03,,,TRUE
13-Aug-21,10020,10446,S1E16,Susan Lewis,F,16:36:41,17:21:34,10020_10446_4,Off-Screen,16:38:50,16:39:07,0:00:17,0:00:17,17,0,0,0,Off-Screen,10020_10446_5,,0,,,,,,,,,,,,,,,,,0:00:00,FALSE,,0,,,,0:00:17,,,TRUE
13-Aug-21,10020,10446,S1E16,Susan Lewis,F,16:36:41,17:21:34,10020_10446_5,Social,16:39:07,16:39:15,0:00:08,0:00:08,8,Doctor(s),Talking,0,Hospital,10020_10446_6,,0,,,,,,,,,,,,,,,,,0:00:00,FALSE,,0,,,,0:00:08,,,TRUE
13-Aug-21,10020,10446,S1E16,Susan Lewis,F,16:36:41,17:21:34,10020_10446_6,Professional Communication,16:39:15,16:39:24,0:00:09,0:00:09,9,Other,Talking,0,Hospital,10020_10446_8,10020_10446_7,1,2,10020_10446_7,16:39:18,16:39:24,,,,,,,,,,,,,0:00:06,FALSE,,0,,,,0:00:09,,,TRUE
13-Aug-21,10020,10446,S1E16,Susan Lewis,F,16:36:41,17:21:34,10020_10446_7,In-transit,16:39:18,16:39:24,0:00:06,0:00:06,6,0,0,0,Hospital,10020_10446_8,10020_10446_6,1,2,10020_10446_6,16:39:18,16:39:24,,,,,,,,,,,,,0:00:06,FALSE,,0,,,,0:00:06,,,TRUE
13-Aug-21,10020,10446,S1E16,Susan Lewis,F,16:36:41,17:21:34,10020_10446_8,Direct Care,16:39:24,16:39:32,0:00:08,0:00:08,8,Patient,0,0,Hospital,10020_10446_9,,0,,,,,,,,,,,,,,,,,0:00:00,FALSE,,0,,,,0:00:08,,,TRUE
13-Aug-21,10020,10446,S1E16,Susan Lewis,F,16:36:41,17:21:34,10020_10446_9,Off-Screen,16:39:32,16:39:53,0:00:21,0:00:21,21,0,0,0,Off-Screen,10020_10446_10,,0,,,,,,,,,,,,,,,,,0:00:00,FALSE,,0,,,,0:00:21,,,TRUE
13-Aug-21,10020,10446,S1E16,Susan Lewis,F,16:36:41,17:21:34,10020_10446_10,Direct Care,16:39:53,16:40:31,0:00:38,0:00:38,38,0,0,0,Hospital,10020_10446_12,10020_10446_11,1,2,10020_10446_11,16:39:55,16:40:31,,,,,,,,,,,,,0:00:36,FALSE,,0,,,,0:00:38,,,TRUE
13-Aug-21,10020,10446,S1E16,Susan Lewis,F,16:36:41,17:21:34,10020_10446_11,Professional Communication,16:39:55,16:40:31,0:00:36,0:00:36,36,Nurse,Talking,0,Hospital,10020_10446_12,10020_10446_10,1,2,10020_10446_10,16:39:55,16:40:31,,,,,,,,,,,,,0:00:36,FALSE,,0,,,,0:00:36,,,TRUE
13-Aug-21,10020,10446,S1E16,Susan Lewis,F,16:36:41,17:21:34,10020_10446_12,Nothing Happening,16:40:31,16:41:53,0:01:22,0:01:22,82,0,0,0,Nothing Happening,10020_10446_13,,0,,,,,,,,,,,,,,,,,0:00:00,FALSE,,0,,,,0:01:22,,,TRUE
13-Aug-21,10020,10446,S1E16,Susan Lewis,F,16:36:41,17:21:34,10020_10446_13,Off-Screen,16:41:53,16:42:06,0:00:13,0:00:13,13,0,0,0,Off-Screen,10020_10446_14,,0,,,,,,,,,,,,,,,,,0:00:00,FALSE,,0,,,,0:00:13,,,TRUE
13-Aug-21,10020,10446,S1E16,Susan Lewis,F,16:36:41,17:21:34,10020_10446_14,Indirect Care,16:42:06,16:42:56,0:00:50,0:00:50,50,0,0,0,Hospital,10020_10446_16,10020_10446_15,1,2,10020_10446_15,16:42:13,16:42:56,,,,,,,,,,,,,0:00:43,FALSE,,0,,,,0:00:50,,,TRUE
13-Aug-21,10020,10446,S1E16,Susan Lewis,F,16:36:41,17:21:34,10020_10446_15,Professional Communication,16:42:13,16:42:56,0:00:43,0:00:43,43,Doctor(s),Talking,0,Hospital,10020_10446_16,10020_10446_14,1,2,10020_10446_14,16:42:13,16:42:56,,,,,,,,,,,,,0:00:43,FALSE,,0,,,,0:00:43,,,TRUE
13-Aug-21,10020,10446,S1E16,Susan Lewis,F,16:36:41,17:21:34,10020_10446_16,Direct Care,16:42:56,16:43:21,0:00:25,0:00:25,25,Patient,0,0,Hospital,user,10020_10446_17,1,2,10020_10446_17,16:42:59,16:43:21,,,,,,,,,,,,,0:00:22,FALSE,,0,,,,0:00:25,,,TRUE
13-Aug-21,10020,10446,S1E16,Susan Lewis,F,16:36:41,17:21:34,10020_10446_17,Professional Communication,16:42:59,16:43:33,0:00:34,0:00:34,34,Doctor(s),Talking,0,Hospital,10020_10446_18,10020_10446_16,1,2,10020_10446_16,16:42:59,16:43:21,,,,,,,,,,,,,0:00:22,FALSE,,0,,,,0:00:34,,,TRUE
13-Aug-21,10020,10446,S1E16,Susan Lewis,F,16:36:41,17:21:34,10020_10446_18,Off-Screen,16:43:33,16:45:08,0:01:35,0:01:35,95,0,0,0,Off-Screen,10020_10446_19,,0,,,,,,,,,,,,,,,,,0:00:00,FALSE,,0,,,,0:01:35,,,TRUE
13-Aug-21,10020,10446,S1E16,Susan Lewis,F,16:36:41,17:21:34,10020_10446_19,Social,16:45:08,16:45:44,0:00:36,0:00:36,36,Doctor(s),Talking,0,Hospital,10020_10446_21,10020_10446_20,1,2,10020_10446_20,16:45:11,16:45:42,,,,,,,,,,,,,0:00:31,FALSE,,0,,,,0:00:36,,,TRUE
13-Aug-21,10020,10446,S1E16,Susan Lewis,F,16:36:41,17:21:34,10020_10446_20,In-transit,16:45:11,16:45:42,0:00:31,0:00:31,31,0,0,0,Hospital,user,10020_10446_19,1,2,10020_10446_19,16:45:11,16:45:42,,,,,,,,,,,,,0:00:31,FALSE,,0,,,,0:00:31,,,TRUE
13-Aug-21,10020,10446,S1E16,Susan Lewis,F,16:36:41,17:21:34,10020_10446_21,Off-Screen,16:45:44,16:46:39,0:00:55,0:00:55,55,0,0,0,Off-Screen,10020_10446_22,,0,,,,,,,,,,,,,,,,,0:00:00,FALSE,,0,,,,0:00:55,,,TRUE
13-Aug-21,10020,10446,S1E16,Susan Lewis,F,16:36:41,17:21:34,10020_10446_22,Professional Communication,16:46:39,16:47:04,0:00:25,0:00:25,25,Nurse,Talking,0,Hospital,10020_10446_24,10020_10446_23,1,2,10020_10446_23,16:46:43,16:46:54,,,,,,,,,,,,,0:00:11,FALSE,,0,,,,0:00:25,,,TRUE
13-Aug-21,10020,10446,S1E16,Susan Lewis,F,16:36:41,17:21:34,10020_10446_23,In-transit,16:46:43,16:46:54,0:00:11,0:00:11,11,0,0,0,Hospital,user,10020_10446_22,1,2,10020_10446_22,16:46:43,16:46:54,,,,,,,,,,,,,0:00:11,FALSE,,0,,,,0:00:11,,,TRUE
13-Aug-21,10020,10446,S1E16,Susan Lewis,F,16:36:41,17:21:34,10020_10446_24,Direct Care,16:47:04,16:47:35,0:00:31,0:00:31,31,Other,Talking,0,Hospital,10020_10446_25,,0,,,,,,,,,,,,,,,,,0:00:00,FALSE,,0,,,,0:00:31,,,TRUE
13-Aug-21,10020,10446,S1E16,Susan Lewis,F,16:36:41,17:21:34,10020_10446_25,Off-Screen,16:47:35,16:50:06,0:02:31,0:02:31,151,0,0,0,Off-Screen,10020_10446_26,,0,,,,,,,,,,,,,,,,,0:00:00,FALSE,,0,,,,0:02:31,,,TRUE
13-Aug-21,10020,10446,S1E16,Susan Lewis,F,16:36:41,17:21:34,10020_10446_26,Social,16:50:06,16:50:33,0:00:27,0:00:27,27,Doctor(s),Talking,0,Hospital,10020_10446_27,,0,,,,,,,,,,,,,,,,,0:00:00,FALSE,,0,,,,0:00:27,,,TRUE
13-Aug-21,10020,10446,S1E16,Susan Lewis,F,16:36:41,17:21:34,10020_10446_27,Nothing Happening,16:50:33,16:50:55,0:00:22,0:00:22,22,0,0,0,Nothing Happening,10020_10446_28,,0,,,,,,,,,,,,,,,,,0:00:00,FALSE,,0,,,,0:00:22,,,TRUE
13-Aug-21,10020,10446,S1E16,Susan Lewis,F,16:36:41,17:21:34,10020_10446_28,Off-Screen,16:50:55,16:52:29,0:01:34,0:01:34,94,0,0,0,Off-Screen,10020_10446_29,,0,,,,,,,,,,,,,,,,,0:00:00,FALSE,,0,,,,0:01:34,,,TRUE
13-Aug-21,10020,10446,S1E16,Susan Lewis,F,16:36:41,17:21:34,10020_10446_29,Direct Care,16:52:29,16:53:44,0:01:15,0:01:15,75,Patient,Talking,0,Hospital,10020_10446_30,,0,,,,,,,,,,,,,,,,,0:00:00,FALSE,,0,,,,0:01:15,,,TRUE
13-Aug-21,10020,10446,S1E16,Susan Lewis,F,16:36:41,17:21:34,10020_10446_30,Off-Screen,16:53:44,16:57:37,0:03:53,0:03:53,233,0,0,0,Off-Screen,10020_10446_31,,0,,,,,,,,,,,,,,,,,0:00:00,FALSE,,0,,,,0:03:53,,,TRUE
13-Aug-21,10020,10446,S1E16,Susan Lewis,F,16:36:41,17:21:34,10020_10446_31,Nothing Happening,16:57:37,16:57:57,0:00:20,0:00:20,20,0,0,0,Nothing Happening,10020_10446_32,,0,,,,,,,,,,,,,,,,,0:00:00,FALSE,,0,,,,0:00:20,,,TRUE
13-Aug-21,10020,10446,S1E16,Susan Lewis,F,16:36:41,17:21:34,10020_10446_32,Off-Screen,16:57:57,17:01:02,0:03:05,0:03:05,185,0,0,0,Off-Screen,10020_10446_33,,0,,,,,,,,,,,,,,,,,0:00:00,FALSE,,0,,,,0:03:05,,,TRUE
13-Aug-21,10020,10446,S1E16,Susan Lewis,F,16:36:41,17:21:34,10020_10446_33,In-transit,17:01:02,17:01:27,0:00:25,0:00:25,25,0,0,0,Hospital,user,10020_10446_34,1,2,10020_10446_34,17:01:04,17:01:27,,,,,,,,,,,,,0:00:23,FALSE,,0,,,,0:00:25,,,TRUE
13-Aug-21,10020,10446,S1E16,Susan Lewis,F,16:36:41,17:21:34,10020_10446_34,Direct Care,17:01:04,17:01:29,0:00:25,0:00:25,25,Other,Talking,0,Hospital,10020_10446_35,10020_10446_33,1,2,10020_10446_33,17:01:04,17:01:27,,,,,,,,,,,,,0:00:23,FALSE,,0,,,,0:00:25,,,TRUE
13-Aug-21,10020,10446,S1E16,Susan Lewis,F,16:36:41,17:21:34,10020_10446_35,Off-Screen,17:01:29,17:03:14,0:01:45,0:01:45,105,0,0,0,Off-Screen,10020_10446_36,,0,,,,,,,,,,,,,,,,,0:00:00,FALSE,,0,,,,0:01:45,,,TRUE
13-Aug-21,10020,10446,S1E16,Susan Lewis,F,16:36:41,17:21:34,10020_10446_36,Professional Communication,17:03:14,17:03:25,0:00:11,0:00:11,11,Doctor(s),Talking,0,Hospital,10020_10446_37,,0,,,,,,,,,,,,,,,,,0:00:00,FALSE,,0,,,,0:00:11,,,TRUE
13-Aug-21,10020,10446,S1E16,Susan Lewis,F,16:36:41,17:21:34,10020_10446_37,Social,17:03:25,17:04:06,0:00:41,0:00:41,41,Doctor(s),Talking,0,Hospital,10020_10446_40,"10020_10446_38,10020_10446_39",2,2,10020_10446_38,17:03:27,17:03:54,2,10020_10446_39,17:03:59,17:04:06,,,,,,,,,0:00:34,FALSE,,0,,,,0:00:41,,,TRUE
13-Aug-21,10020,10446,S1E16,Susan Lewis,F,16:36:41,17:21:34,10020_10446_38,In-transit,17:03:27,17:03:54,0:00:27,0:00:27,27,0,0,0,Hospital,user,10020_10446_37,1,2,10020_10446_37,17:03:27,17:03:54,,,,,,,,,,,,,0:00:27,FALSE,,0,,,,0:00:27,,,TRUE
13-Aug-21,10020,10446,S1E16,Susan Lewis,F,16:36:41,17:21:34,10020_10446_39,In-transit,17:03:59,17:04:06,0:00:07,0:00:07,7,0,0,0,Hospital,10020_10446_40,10020_10446_37,1,2,10020_10446_37,17:03:59,17:04:06,,,,,,,,,,,,,0:00:07,FALSE,,0,,,,0:00:07,,,TRUE
13-Aug-21,10020,10446,S1E16,Susan Lewis,F,16:36:41,17:21:34,10020_10446_40,In-transit,17:04:06,17:04:09,0:00:03,0:00:03,3,0,0,0,Hospital,10020_10446_41,,0,,,,,,,,,,,,,,,,,0:00:00,FALSE,,0,,,,0:00:03,,,TRUE
13-Aug-21,10020,10446,S1E16,Susan Lewis,F,16:36:41,17:21:34,10020_10446_41,Off-Screen,17:04:09,17:09:45,0:05:36,0:05:36,336,0,0,0,Off-Screen,10020_10446_42,,0,,,,,,,,,,,,,,,,,0:00:00,FALSE,,0,,,,0:05:36,,,TRUE
13-Aug-21,10020,10446,S1E16,Susan Lewis,F,16:36:41,17:21:34,10020_10446_42,Nothing Happening,17:09:45,17:10:20,0:00:35,0:00:35,35,0,0,0,Nothing Happening,10020_10446_43,,0,,,,,,,,,,,,,,,,,0:00:00,FALSE,,0,,,,0:00:35,,,TRUE
13-Aug-21,10020,10446,S1E16,Susan Lewis,F,16:36:41,17:21:34,10020_10446_43,Off-Screen,17:10:20,17:10:29,0:00:09,0:00:09,9,0,0,0,Off-Screen,10020_10446_44,,0,,,,,,,,,,,,,,,,,0:00:00,FALSE,,0,,,,0:00:09,,,TRUE
13-Aug-21,10020,10446,S1E16,Susan Lewis,F,16:36:41,17:21:34,10020_10446_44,In-transit,17:10:29,17:10:40,0:00:11,0:00:11,11,0,0,0,Hospital,10020_10446_46,10020_10446_45,1,2,10020_10446_45,17:10:30,17:10:40,,,,,,,,,,,,,0:00:10,FALSE,,0,,,,0:00:11,,,TRUE
13-Aug-21,10020,10446,S1E16,Susan Lewis,F,16:36:41,17:21:34,10020_10446_45,Direct Care,17:10:30,17:10:40,0:00:10,0:00:10,10,Relative (Patient),Talking,0,Hospital,10020_10446_46,10020_10446_44,1,2,10020_10446_44,17:10:30,17:10:40,,,,,,,,,,,,,0:00:10,FALSE,,0,,,,0:00:10,,,TRUE
13-Aug-21,10020,10446,S1E16,Susan Lewis,F,16:36:41,17:21:34,10020_10446_46,Professional Communication,17:10:40,17:13:23,0:02:43,0:02:43,163,Doctor(s),Talking,0,Hospital,10020_10446_48,10020_10446_47,1,2,10020_10446_47,17:10:46,17:13:23,,,,,,,,,,,,,0:02:37,FALSE,,0,,,,0:02:43,,,TRUE
13-Aug-21,10020,10446,S1E16,Susan Lewis,F,16:36:41,17:21:34,10020_10446_47,Direct Care,17:10:46,17:13:23,0:02:37,0:02:37,157,Patient,0,0,Hospital,10020_10446_48,10020_10446_46,1,2,10020_10446_46,17:10:46,17:13:23,,,,,,,,,,,,,0:02:37,FALSE,,0,,,,0:02:37,,,TRUE
13-Aug-21,10020,10446,S1E16,Susan Lewis,F,16:36:41,17:21:34,10020_10446_48,Off-Screen,17:13:23,17:13:37,0:00:14,0:00:14,14,0,0,0,Off-Screen,10020_10446_49,,0,,,,,,,,,,,,,,,,,0:00:00,FALSE,,0,,,,0:00:14,,,TRUE
13-Aug-21,10020,10446,S1E16,Susan Lewis,F,16:36:41,17:21:34,10020_10446_49,Social,17:13:37,17:13:50,0:00:13,0:00:13,13,Doctor(s),Talking,0,Hospital,10020_10446_50,,0,,,,,,,,,,,,,,,,,0:00:00,FALSE,,0,,,,0:00:13,,,TRUE
13-Aug-21,10020,10446,S1E16,Susan Lewis,F,16:36:41,17:21:34,10020_10446_50,Off-Screen,17:13:50,17:18:56,0:05:06,0:05:06,306,0,0,0,Off-Screen,10020_10446_51,,0,,,,,,,,,,,,,,,,,0:00:00,FALSE,,0,,,,0:05:06,,,TRUE
13-Aug-21,10020,10446,S1E16,Susan Lewis,F,16:36:41,17:21:34,10020_10446_51,In-transit,17:18:56,17:19:27,0:00:31,0:00:31,31,0,0,0,Community,10020_10446_53,10020_10446_52,1,2,10020_10446_52,17:19:05,17:19:27,,,,,,,,,,,,,0:00:22,FALSE,,0,,,,0:00:31,,,TRUE
13-Aug-21,10020,10446,S1E16,Susan Lewis,F,16:36:41,17:21:34,10020_10446_52,Professional Communication,17:19:05,17:19:27,0:00:22,0:00:22,22,Doctor(s),Talking,0,Community,10020_10446_53,10020_10446_51,1,2,10020_10446_51,17:19:05,17:19:27,,,,,,,,,,,,,0:00:22,FALSE,,0,,,,0:00:22,,,TRUE
13-Aug-21,10020,10446,S1E16,Susan Lewis,F,16:36:41,17:21:34,10020_10446_53,In-transit,17:19:27,17:19:56,0:00:29,0:00:29,29,0,Med Chart,0,Community,10020_10446_55,10020_10446_54,1,2,10020_10446_54,17:19:30,17:19:56,,,,,,,,,,,,,0:00:26,FALSE,,0,,,,0:00:29,,,TRUE
13-Aug-21,10020,10446,S1E16,Susan Lewis,F,16:36:41,17:21:34,10020_10446_54,Social,17:19:30,17:19:56,0:00:26,0:00:26,26,Doctor(s),Talking,0,Hospital,10020_10446_55,10020_10446_53,1,2,10020_10446_53,17:19:30,17:19:56,,,,,,,,,,,,,0:00:26,FALSE,,0,,,,0:00:26,,,TRUE
13-Aug-21,10020,10446,S1E16,Susan Lewis,F,16:36:41,17:21:34,10020_10446_55,Off-Screen,17:19:56,17:21:34,0:01:38,0:01:38,98,0,0,0,Off-Screen,session,,0,,,,,,,,,,,,,,,,,0:00:00,FALSE,,0,,,,0:01:38,,,TRUE
16-Aug-21,10020,10487,S1E25,Susan Lewis,F,17:33:18,18:19:30,10020_10487_1,Nothing Happening,17:33:18,17:33:30,0:00:12,0:00:12,12,0,0,0,Nothing Happening,10020_10487_2,,0,,,,,,,,,,,,,,,,,0:00:00,FALSE,,0,,,,0:00:12,,,TRUE
16-Aug-21,10020,10487,S1E25,Susan Lewis,F,17:33:18,18:19:30,10020_10487_2,Off-Screen,17:33:30,17:36:59,0:03:29,0:03:29,209,0,0,0,Off-Screen,10020_10487_3,,0,,,,,,,,,,,,,,,,,0:00:00,FALSE,,0,,,,0:03:29,,,TRUE
16-Aug-21,10020,10487,S1E25,Susan Lewis,F,17:33:18,18:19:30,10020_10487_3,Nothing Happening,17:36:59,17:38:06,0:01:07,0:01:07,67,0,0,0,Nothing Happening,10020_10487_4,,0,,,,,,,,,,,,,,,,,0:00:00,FALSE,,0,,,,0:01:07,,,TRUE
16-Aug-21,10020,10487,S1E25,Susan Lewis,F,17:33:18,18:19:30,10020_10487_4,Off-Screen,17:38:06,17:38:56,0:00:50,0:00:50,50,0,0,0,Off-Screen,10020_10487_5,,0,,,,,,,,,,,,,,,,,0:00:00,FALSE,,0,,,,0:00:50,,,TRUE
16-Aug-21,10020,10487,S1E25,Susan Lewis,F,17:33:18,18:19:30,10020_10487_5,Social,17:38:56,17:39:39,0:00:43,0:00:43,43,Other,Talking,0,Community,10020_10487_6,,0,,,,,,,,,,,,,,,,,0:00:00,FALSE,,0,,,,0:00:43,,,TRUE
16-Aug-21,10020,10487,S1E25,Susan Lewis,F,17:33:18,18:19:30,10020_10487_6,In-transit,17:39:39,17:39:44,0:00:05,0:00:05,5,0,0,0,Community,10020_10487_7,,0,,,,,,,,,,,,,,,,,0:00:00,FALSE,,0,,,,0:00:05,,,TRUE
16-Aug-21,10020,10487,S1E25,Susan Lewis,F,17:33:18,18:19:30,10020_10487_7,Off-Screen,17:39:44,17:46:16,0:06:32,0:06:32,392,0,0,0,Off-Screen,10020_10487_8,,0,,,,,,,,,,,,,,,,,0:00:00,FALSE,,0,,,,0:06:32,,,TRUE
16-Aug-21,10020,10487,S1E25,Susan Lewis,F,17:33:18,18:19:30,10020_10487_8,Direct Care,17:46:16,17:47:06,0:00:50,0:00:50,50,Patient,0,0,Hospital,10020_10487_10,10020_10487_9,1,2,10020_10487_9,17:46:43,17:47:06,,,,,,,,,,,,,0:00:23,FALSE,,0,,,,0:00:50,,,TRUE
16-Aug-21,10020,10487,S1E25,Susan Lewis,F,17:33:18,18:19:30,10020_10487_9,Professional Communication,17:46:43,17:47:06,0:00:23,0:00:23,23,Doctor(s),Talking,0,Hospital,10020_10487_10,10020_10487_8,1,2,10020_10487_8,17:46:43,17:47:06,,,,,,,,,,,,,0:00:23,FALSE,,0,,,,0:00:23,,,TRUE
16-Aug-21,10020,10487,S1E25,Susan Lewis,F,17:33:18,18:19:30,10020_10487_10,Direct Care,17:47:06,17:47:19,0:00:13,0:00:13,13,Relative (Patient),Talking,0,Hospital,10020_10487_11,,0,,,,,,,,,,,,,,,,,0:00:00,FALSE,,0,,,,0:00:13,,,TRUE
16-Aug-21,10020,10487,S1E25,Susan Lewis,F,17:33:18,18:19:30,10020_10487_11,In-transit,17:47:19,17:47:21,0:00:02,0:00:02,2,0,0,0,Hospital,10020_10487_12,,0,,,,,,,,,,,,,,,,,0:00:00,FALSE,,0,,,,0:00:02,,,TRUE
16-Aug-21,10020,10487,S1E25,Susan Lewis,F,17:33:18,18:19:30,10020_10487_12,Off-Screen,17:47:21,17:49:29,0:02:08,0:02:08,128,0,0,0,Off-Screen,10020_10487_13,,0,,,,,,,,,,,,,,,,,0:00:00,FALSE,,0,,,,0:02:08,,,TRUE
16-Aug-21,10020,10487,S1E25,Susan Lewis,F,17:33:18,18:19:30,10020_10487_13,Social,17:49:29,17:49:40,0:00:11,0:00:11,11,Doctor(s),Talking,0,Hospital,10020_10487_15,10020_10487_14,1,2,10020_10487_14,17:49:33,17:49:40,,,,,,,,,,,,,0:00:07,FALSE,,0,,,,0:00:11,,,TRUE
16-Aug-21,10020,10487,S1E25,Susan Lewis,F,17:33:18,18:19:30,10020_10487_14,In-transit,17:49:33,17:49:40,0:00:07,0:00:07,7,0,0,0,Hospital,10020_10487_15,10020_10487_13,1,2,10020_10487_13,17:49:33,17:49:40,,,,,,,,,,,,,0:00:07,FALSE,,0,,,,0:00:07,,,TRUE
16-Aug-21,10020,10487,S1E25,Susan Lewis,F,17:33:18,18:19:30,10020_10487_15,Off-Screen,17:49:40,17:50:30,0:00:50,0:00:50,50,0,0,0,Off-Screen,10020_10487_16,,0,,,,,,,,,,,,,,,,,0:00:00,FALSE,,0,,,,0:00:50,,,TRUE
16-Aug-21,10020,10487,S1E25,Susan Lewis,F,17:33:18,18:19:30,10020_10487_16,In-transit,17:50:30,17:50:32,0:00:02,0:00:02,2,0,0,0,Hospital,10020_10487_17,,0,,,,,,,,,,,,,,,,,0:00:00,FALSE,,0,,,,0:00:02,,,TRUE
16-Aug-21,10020,10487,S1E25,Susan Lewis,F,17:33:18,18:19:30,10020_10487_17,Off-Screen,17:50:32,17:52:44,0:02:12,0:02:12,132,0,0,0,Off-Screen,10020_10487_18,,0,,,,,,,,,,,,,,,,,0:00:00,FALSE,,0,,,,0:02:12,,,TRUE
16-Aug-21,10020,10487,S1E25,Susan Lewis,F,17:33:18,18:19:30,10020_10487_18,Nothing Happening,17:52:44,17:54:48,0:02:04,0:02:04,124,0,0,0,Nothing Happening,10020_10487_19,,0,,,,,,,,,,,,,,,,,0:00:00,FALSE,,0,,,,0:02:04,,,TRUE
16-Aug-21,10020,10487,S1E25,Susan Lewis,F,17:33:18,18:19:30,10020_10487_19,Off-Screen,17:54:48,17:59:56,0:05:08,0:05:08,308,0,0,0,Off-Screen,10020_10487_20,,0,,,,,,,,,,,,,,,,,0:00:00,FALSE,,0,,,,0:05:08,,,TRUE
16-Aug-21,10020,10487,S1E25,Susan Lewis,F,17:33:18,18:19:30,10020_10487_20,In-transit,17:59:56,18:00:15,0:00:19,0:00:19,19,0,0,0,Community,user,10020_10487_21,1,2,10020_10487_21,18:00:09,18:00:15,,,,,,,,,,,,,0:00:06,FALSE,,0,,,,0:00:19,,,TRUE
16-Aug-21,10020,10487,S1E25,Susan Lewis,F,17:33:18,18:19:30,10020_10487_21,Social,18:00:09,18:00:30,0:00:21,0:00:21,21,Doctor(s),Talking,0,Community,10020_10487_22,10020_10487_20,1,2,10020_10487_20,18:00:09,18:00:15,,,,,,,,,,,,,0:00:06,FALSE,,0,,,,0:00:21,,,TRUE
16-Aug-21,10020,10487,S1E25,Susan Lewis,F,17:33:18,18:19:30,10020_10487_22,Off-Screen,18:00:30,18:00:38,0:00:08,0:00:08,8,0,0,0,Off-Screen,10020_10487_23,,0,,,,,,,,,,,,,,,,,0:00:00,FALSE,,0,,,,0:00:08,,,TRUE
16-Aug-21,10020,10487,S1E25,Susan Lewis,F,17:33:18,18:19:30,10020_10487_23,Nothing Happening,18:00:38,18:00:44,0:00:06,0:00:06,6,0,0,0,Community,10020_10487_24,,0,,,,,,,,,,,,,,,,,0:00:00,FALSE,,0,,,,0:00:06,,,TRUE
16-Aug-21,10020,10487,S1E25,Susan Lewis,F,17:33:18,18:19:30,10020_10487_24,Off-Screen,18:00:44,18:01:01,0:00:17,0:00:17,17,0,0,0,Off-Screen,10020_10487_25,,0,,,,,,,,,,,,,,,,,0:00:00,FALSE,,0,,,,0:00:17,,,TRUE
16-Aug-21,10020,10487,S1E25,Susan Lewis,F,17:33:18,18:19:30,10020_10487_25,Social,18:01:01,18:01:11,0:00:10,0:00:10,10,Other,Talking,0,Hospital,10020_10487_26,,0,,,,,,,,,,,,,,,,,0:00:00,FALSE,,0,,,,0:00:10,,,TRUE
16-Aug-21,10020,10487,S1E25,Susan Lewis,F,17:33:18,18:19:30,10020_10487_26,Off-Screen,18:01:11,18:01:15,0:00:04,0:00:04,4,0,0,0,Off-Screen,10020_10487_27,,0,,,,,,,,,,,,,,,,,0:00:00,FALSE,,0,,,,0:00:04,,,TRUE
16-Aug-21,10020,10487,S1E25,Susan Lewis,F,17:33:18,18:19:30,10020_10487_27,Social,18:01:15,18:01:31,0:00:16,0:00:16,16,Other,Talking,0,Community,10020_10487_28,,0,,,,,,,,,,,,,,,,,0:00:00,FALSE,,0,,,,0:00:16,,,TRUE
16-Aug-21,10020,10487,S1E25,Susan Lewis,F,17:33:18,18:19:30,10020_10487_28,Off-Screen,18:01:31,18:05:57,0:04:26,0:04:26,266,0,0,0,Off-Screen,10020_10487_29,,0,,,,,,,,,,,,,,,,,0:00:00,FALSE,,0,,,,0:04:26,,,TRUE
16-Aug-21,10020,10487,S1E25,Susan Lewis,F,17:33:18,18:19:30,10020_10487_29,Nothing Happening,18:05:57,18:06:18,0:00:21,0:00:21,21,0,0,0,Nothing Happening,10020_10487_30,,0,,,,,,,,,,,,,,,,,0:00:00,FALSE,,0,,,,0:00:21,,,TRUE
16-Aug-21,10020,10487,S1E25,Susan Lewis,F,17:33:18,18:19:30,10020_10487_30,Off-Screen,18:06:18,18:10:21,0:04:03,0:04:03,243,0,0,0,Off-Screen,10020_10487_31,,0,,,,,,,,,,,,,,,,,0:00:00,FALSE,,0,,,,0:04:03,,,TRUE
16-Aug-21,10020,10487,S1E25,Susan Lewis,F,17:33:18,18:19:30,10020_10487_31,Social,18:10:21,18:11:12,0:00:51,0:00:51,51,Other,Talking,0,Community,10020_10487_32,,0,,,,,,,,,,,,,,,,,0:00:00,FALSE,,0,,,,0:00:51,,,TRUE
16-Aug-21,10020,10487,S1E25,Susan Lewis,F,17:33:18,18:19:30,10020_10487_32,Off-Screen,18:11:12,18:14:43,0:03:31,0:03:31,211,0,0,0,Off-Screen,10020_10487_33,,0,,,,,,,,,,,,,,,,,0:00:00,FALSE,,0,,,,0:03:31,,,TRUE
16-Aug-21,10020,10487,S1E25,Susan Lewis,F,17:33:18,18:19:30,10020_10487_33,Social,18:14:43,18:14:58,0:00:15,0:00:15,15,Nurse,Talking,0,Community,10020_10487_34,,0,,,,,,,,,,,,,,,,,0:00:00,FALSE,,0,,,,0:00:15,,,TRUE
16-Aug-21,10020,10487,S1E25,Susan Lewis,F,17:33:18,18:19:30,10020_10487_34,Off-Screen,18:14:58,18:15:21,0:00:23,0:00:23,23,0,0,0,Off-Screen,10020_10487_35,,0,,,,,,,,,,,,,,,,,0:00:00,FALSE,,0,,,,0:00:23,,,TRUE
16-Aug-21,10020,10487,S1E25,Susan Lewis,F,17:33:18,18:19:30,10020_10487_35,Social,18:15:21,18:16:02,0:00:41,0:00:41,41,Other,Talking,0,Community,10020_10487_36,,0,,,,,,,,,,,,,,,,,0:00:00,FALSE,,0,,,,0:00:41,,,TRUE
16-Aug-21,10020,10487,S1E25,Susan Lewis,F,17:33:18,18:19:30,10020_10487_36,Off-Screen,18:16:02,18:16:41,0:00:39,0:00:39,39,0,0,0,Off-Screen,10020_10487_37,,0,,,,,,,,,,,,,,,,,0:00:00,FALSE,,0,,,,0:00:39,,,TRUE
16-Aug-21,10020,10487,S1E25,Susan Lewis,F,17:33:18,18:19:30,10020_10487_37,Nothing Happening,18:16:41,18:16:44,0:00:03,0:00:03,3,0,0,0,Community,10020_10487_38,,0,,,,,,,,,,,,,,,,,0:00:00,FALSE,,0,,,,0:00:03,,,TRUE
16-Aug-21,10020,10487,S1E25,Susan Lewis,F,17:33:18,18:19:30,10020_10487_38,Off-Screen,18:16:44,18:16:51,0:00:07,0:00:07,7,0,0,0,Off-Screen,10020_10487_39,,0,,,,,,,,,,,,,,,,,0:00:00,FALSE,,0,,,,0:00:07,,,TRUE
16-Aug-21,10020,10487,S1E25,Susan Lewis,F,17:33:18,18:19:30,10020_10487_39,Nothing Happening,18:16:51,18:17:01,0:00:10,0:00:10,10,0,0,0,Community,10020_10487_40,,0,,,,,,,,,,,,,,,,,0:00:00,FALSE,,0,,,,0:00:10,,,TRUE
16-Aug-21,10020,10487,S1E25,Susan Lewis,F,17:33:18,18:19:30,10020_10487_40,Off-Screen,18:17:01,18:17:41,0:00:40,0:00:40,40,0,0,0,Off-Screen,10020_10487_41,,0,,,,,,,,,,,,,,,,,0:00:00,FALSE,,0,,,,0:00:40,,,TRUE
16-Aug-21,10020,10487,S1E25,Susan Lewis,F,17:33:18,18:19:30,10020_10487_41,Nothing Happening,18:17:41,18:17:45,0:00:04,0:00:04,4,0,0,0,Community,10020_10487_42,,0,,,,,,,,,,,,,,,,,0:00:00,FALSE,,0,,,,0:00:04,,,TRUE
16-Aug-21,10020,10487,S1E25,Susan Lewis,F,17:33:18,18:19:30,10020_10487_42,Off-Screen,18:17:45,18:19:30,0:01:45,0:01:45,105,0,0,0,Off-Screen,session,,0,,,,,,,,,,,,,,,,,0:00:00,FALSE,,0,,,,0:01:45,,,TRUE
5-May-22,10040,10620,Season 1 Episode 2,Susan Lewis,F,7:54:28,8:49:43,10040_10620_1,Off-Screen,7:54:28,7:55:18,0:00:50,0:00:50,50,0,0,0,Off-Screen,10040_10620_2,,0,,,,,,,,,,,,,,,,,0:00:00,FALSE,,0,,,,0:00:50,,,TRUE
5-May-22,10040,10620,Season 1 Episode 2,Susan Lewis,F,7:54:28,8:49:43,10040_10620_2,Professional Communication,7:55:18,7:55:32,0:00:14,0:00:14,14,Nurse,Talking,0,Hospital,10040_10620_3,,0,,,,,,,,,,,,,,,,,0:00:00,FALSE,,0,,,,0:00:14,,,TRUE
5-May-22,10040,10620,Season 1 Episode 2,Susan Lewis,F,7:54:28,8:49:43,10040_10620_3,In-transit,7:55:32,7:55:37,0:00:05,0:00:05,5,0,0,0,Hospital,10040_10620_4,,0,,,,,,,,,,,,,,,,,0:00:00,FALSE,,0,,,,0:00:05,,,TRUE
5-May-22,10040,10620,Season 1 Episode 2,Susan Lewis,F,7:54:28,8:49:43,10040_10620_4,Direct Care,7:55:37,7:56:01,0:00:24,0:00:24,24,Doctor(s),Talking,0,Hospital,10040_10620_5,,0,,,,,,,,,,,,,,,,,0:00:00,FALSE,,0,,,,0:00:24,,,TRUE
5-May-22,10040,10620,Season 1 Episode 2,Susan Lewis,F,7:54:28,8:49:43,10040_10620_5,Direct Care,7:56:01,7:56:46,0:00:45,0:00:45,45,Patient,Talking,0,Hospital,10040_10620_6,,0,,,,,,,,,,,,,,,,,0:00:00,FALSE,,0,,,,0:00:45,,,TRUE
5-May-22,10040,10620,Season 1 Episode 2,Susan Lewis,F,7:54:28,8:49:43,10040_10620_6,Direct Care,7:56:46,7:57:00,0:00:14,0:00:14,14,Patient,Talking,0,Hospital,10040_10620_7,,0,,,,,,,,,,,,,,,,,0:00:00,FALSE,,0,,,,0:00:14,,,TRUE
5-May-22,10040,10620,Season 1 Episode 2,Susan Lewis,F,7:54:28,8:49:43,10040_10620_7,Direct Care,7:57:00,7:57:36,0:00:36,0:00:36,36,Patient,Talking,0,Hospital,user,10040_10620_8,1,2,10040_10620_8,7:57:25,7:57:36,,,,,,,,,,,,,0:00:11,FALSE,,0,,,,0:00:36,,,TRUE
5-May-22,10040,10620,Season 1 Episode 2,Susan Lewis,F,7:54:28,8:49:43,10040_10620_8,Professional Communication,7:57:25,7:57:38,0:00:13,0:00:13,13,Nurse,Talking,0,Hospital,10040_10620_9,10040_10620_7,1,2,10040_10620_7,7:57:25,7:57:36,,,,,,,,,,,,,0:00:11,FALSE,,0,,,,0:00:13,,,TRUE
5-May-22,10040,10620,Season 1 Episode 2,Susan Lewis,F,7:54:28,8:49:43,10040_10620_9,Off-Screen,7:57:38,8:01:46,0:04:08,0:04:08,248,0,0,0,Off-Screen,10040_10620_10,,0,,,,,,,,,,,,,,,,,0:00:00,FALSE,,0,,,,0:04:08,,,TRUE
5-May-22,10040,10620,Season 1 Episode 2,Susan Lewis,F,7:54:28,8:49:43,10040_10620_10,Professional Communication,8:01:46,8:02:05,0:00:19,0:00:19,19,Nurse,Talking,0,Hospital,user,10040_10620_11,1,2,10040_10620_11,8:01:52,8:02:05,,,,,,,,,,,,,0:00:13,FALSE,,0,,,,0:00:19,,,TRUE
5-May-22,10040,10620,Season 1 Episode 2,Susan Lewis,F,7:54:28,8:49:43,10040_10620_11,In-transit,8:01:52,8:02:09,0:00:17,0:00:17,17,0,Talking,0,Hospital,10040_10620_12,10040_10620_10,1,2,10040_10620_10,8:01:52,8:02:05,,,,,,,,,,,,,0:00:13,FALSE,,0,,,,0:00:17,,,TRUE
5-May-22,10040,10620,Season 1 Episode 2,Susan Lewis,F,7:54:28,8:49:43,10040_10620_12,Professional Communication,8:02:09,8:02:12,0:00:03,0:00:03,3,Doctor(s),Talking,0,Hospital,10040_10620_13,,0,,,,,,,,,,,,,,,,,0:00:00,FALSE,,0,,,,0:00:03,,,TRUE
5-May-22,10040,10620,Season 1 Episode 2,Susan Lewis,F,7:54:28,8:49:43,10040_10620_13,Direct Care,8:02:12,8:03:05,0:00:53,0:00:53,53,Patient,Talking,0,Hospital,10040_10620_15,10040_10620_14,1,2,10040_10620_14,8:02:19,8:03:04,,,,,,,,,,,,,0:00:45,FALSE,,0,,,,0:00:53,,,TRUE
5-May-22,10040,10620,Season 1 Episode 2,Susan Lewis,F,7:54:28,8:49:43,10040_10620_14,Professional Communication,8:02:19,8:03:04,0:00:45,0:00:45,45,Doctor(s),Talking,0,Hospital,user,10040_10620_13,1,2,10040_10620_13,8:02:19,8:03:04,,,,,,,,,,,,,0:00:45,FALSE,,0,,,,0:00:45,,,TRUE
5-May-22,10040,10620,Season 1 Episode 2,Susan Lewis,F,7:54:28,8:49:43,10040_10620_15,Off-Screen,8:03:05,8:03:13,0:00:08,0:00:08,8,0,0,0,Off-Screen,10040_10620_16,,0,,,,,,,,,,,,,,,,,0:00:00,FALSE,,0,,,,0:00:08,,,TRUE
5-May-22,10040,10620,Season 1 Episode 2,Susan Lewis,F,7:54:28,8:49:43,10040_10620_16,Professional Communication,8:03:13,8:03:34,0:00:21,0:00:21,21,Doctor(s),Talking,0,Hospital,user,10040_10620_17,1,2,10040_10620_17,8:03:19,8:03:34,,,,,,,,,,,,,0:00:15,FALSE,,0,,,,0:00:21,,,TRUE
5-May-22,10040,10620,Season 1 Episode 2,Susan Lewis,F,7:54:28,8:49:43,10040_10620_17,In-transit,8:03:19,8:03:37,0:00:18,0:00:18,18,0,Talking,0,Hospital,10040_10620_18,10040_10620_16,1,2,10040_10620_16,8:03:19,8:03:34,,,,,,,,,,,,,0:00:15,FALSE,,0,,,,0:00:18,,,TRUE
5-May-22,10040,10620,Season 1 Episode 2,Susan Lewis,F,7:54:28,8:49:43,10040_10620_18,Nothing Happening,8:03:37,8:03:46,0:00:09,0:00:09,9,0,0,0,Nothing Happening,10040_10620_19,,0,,,,,,,,,,,,,,,,,0:00:00,FALSE,,0,,,,0:00:09,,,TRUE
5-May-22,10040,10620,Season 1 Episode 2,Susan Lewis,F,7:54:28,8:49:43,10040_10620_19,In-transit,8:03:46,8:04:40,0:00:54,0:00:54,54,Doctor(s),Talking,0,Hospital,10040_10620_21,10040_10620_20,1,2,10040_10620_20,8:03:53,8:04:39,,,,,,,,,,,,,0:00:46,FALSE,,0,,,,0:00:54,,,TRUE
5-May-22,10040,10620,Season 1 Episode 2,Susan Lewis,F,7:54:28,8:49:43,10040_10620_20,Direct Care,8:03:53,8:04:39,0:00:46,0:00:46,46,Patient,Talking,0,Hospital,user,10040_10620_19,1,2,10040_10620_19,8:03:53,8:04:39,,,,,,,,,,,,,0:00:46,FALSE,,0,,,,0:00:46,,,TRUE
5-May-22,10040,10620,Season 1 Episode 2,Susan Lewis,F,7:54:28,8:49:43,10040_10620_21,Off-Screen,8:04:40,8:05:17,0:00:37,0:00:37,37,0,0,0,Off-Screen,10040_10620_22,,0,,,,,,,,,,,,,,,,,0:00:00,FALSE,,0,,,,0:00:37,,,TRUE
5-May-22,10040,10620,Season 1 Episode 2,Susan Lewis,F,7:54:28,8:49:43,10040_10620_22,Direct Care,8:05:17,8:05:41,0:00:24,0:00:24,24,Patient,0,0,Hospital,10040_10620_23,,0,,,,,,,,,,,,,,,,,0:00:00,FALSE,,0,,,,0:00:24,,,TRUE
5-May-22,10040,10620,Season 1 Episode 2,Susan Lewis,F,7:54:28,8:49:43,10040_10620_23,Off-Screen,8:05:41,8:06:01,0:00:20,0:00:20,20,0,0,0,Off-Screen,10040_10620_24,,0,,,,,,,,,,,,,,,,,0:00:00,FALSE,,0,,,,0:00:20,,,TRUE
5-May-22,10040,10620,Season 1 Episode 2,Susan Lewis,F,7:54:28,8:49:43,10040_10620_24,Professional Communication,8:06:01,8:06:22,0:00:21,0:00:21,21,Doctor(s),Talking,0,Hospital,10040_10620_26,10040_10620_25,1,2,10040_10620_25,8:06:06,8:06:21,,,,,,,,,,,,,0:00:15,FALSE,,0,,,,0:00:21,,,TRUE
5-May-22,10040,10620,Season 1 Episode 2,Susan Lewis,F,7:54:28,8:49:43,10040_10620_25,Direct Care,8:06:06,8:06:21,0:00:15,0:00:15,15,Patient,Talking,0,Hospital,user,10040_10620_24,1,2,10040_10620_24,8:06:06,8:06:21,,,,,,,,,,,,,0:00:15,FALSE,,0,,,,0:00:15,,,TRUE
5-May-22,10040,10620,Season 1 Episode 2,Susan Lewis,F,7:54:28,8:49:43,10040_10620_26,Direct Care,8:06:22,8:06:43,0:00:21,0:00:21,21,Patient,Talking,0,Hospital,10040_10620_27,,0,,,,,,,,,,,,,,,,,0:00:00,FALSE,,0,,,,0:00:21,,,TRUE
5-May-22,10040,10620,Season 1 Episode 2,Susan Lewis,F,7:54:28,8:49:43,10040_10620_27,Off-Screen,8:06:43,8:08:48,0:02:05,0:02:05,125,0,0,0,Off-Screen,10040_10620_28,,0,,,,,,,,,,,,,,,,,0:00:00,FALSE,,0,,,,0:02:05,,,TRUE
5-May-22,10040,10620,Season 1 Episode 2,Susan Lewis,F,7:54:28,8:49:43,10040_10620_28,Professional Communication,8:08:48,8:09:12,0:00:24,0:00:24,24,Doctor(s),Talking,0,Hospital,10040_10620_29,,0,,,,,,,,,,,,,,,,,0:00:00,FALSE,,0,,,,0:00:24,,,TRUE
5-May-22,10040,10620,Season 1 Episode 2,Susan Lewis,F,7:54:28,8:49:43,10040_10620_29,Off-Screen,8:09:12,8:13:30,0:04:18,0:04:18,258,0,0,0,Off-Screen,10040_10620_30,,0,,,,,,,,,,,,,,,,,0:00:00,FALSE,,0,,,,0:04:18,,,TRUE
5-May-22,10040,10620,Season 1 Episode 2,Susan Lewis,F,7:54:28,8:49:43,10040_10620_30,Direct Care,8:13:30,8:13:43,0:00:13,0:00:13,13,Nurse,Talking,0,Hospital,user,10040_10620_31,1,2,10040_10620_31,8:13:36,8:13:43,,,,,,,,,,,,,0:00:07,FALSE,,0,,,,0:00:13,,,TRUE
5-May-22,10040,10620,Season 1 Episode 2,Susan Lewis,F,7:54:28,8:49:43,10040_10620_31,Direct Care,8:13:36,8:14:02,0:00:26,0:00:26,26,Patient,Talking,0,Hospital,10040_10620_33,"10040_10620_30,10040_10620_32",2,2,10040_10620_30,8:13:36,8:13:43,2,10040_10620_32,8:13:57,8:14:02,,,,,,,,,0:00:12,FALSE,,0,,,,0:00:26,,,TRUE
5-May-22,10040,10620,Season 1 Episode 2,Susan Lewis,F,7:54:28,8:49:43,10040_10620_32,Direct Care,8:13:57,8:14:02,0:00:05,0:00:05,5,Nurse,Talking,0,Hospital,user,10040_10620_31,1,2,10040_10620_31,8:13:57,8:14:02,,,,,,,,,,,,,0:00:05,FALSE,,0,,,,0:00:05,,,TRUE
5-May-22,10040,10620,Season 1 Episode 2,Susan Lewis,F,7:54:28,8:49:43,10040_10620_33,In-transit,8:14:02,8:14:05,0:00:03,0:00:03,3,0,0,0,Hospital,10040_10620_34,,0,,,,,,,,,,,,,,,,,0:00:00,FALSE,,0,,,,0:00:03,,,TRUE
5-May-22,10040,10620,Season 1 Episode 2,Susan Lewis,F,7:54:28,8:49:43,10040_10620_34,Off-Screen,8:14:05,8:16:36,0:02:31,0:02:31,151,0,0,0,Off-Screen,10040_10620_35,,0,,,,,,,,,,,,,,,,,0:00:00,FALSE,,0,,,,0:02:31,,,TRUE
5-May-22,10040,10620,Season 1 Episode 2,Susan Lewis,F,7:54:28,8:49:43,10040_10620_35,Direct Care,8:16:36,8:16:53,0:00:17,0:00:17,17,Doctor(s),Talking,0,Hospital,10040_10620_36,,0,,,,,,,,,,,,,,,,,0:00:00,FALSE,,0,,,,0:00:17,,,TRUE
5-May-22,10040,10620,Season 1 Episode 2,Susan Lewis,F,7:54:28,8:49:43,10040_10620_36,In-transit,8:16:53,8:17:12,0:00:19,0:00:19,19,0,Talking,0,Hospital,user,10040_10620_37,1,2,10040_10620_37,8:16:56,8:17:12,,,,,,,,,,,,,0:00:16,FALSE,,0,,,,0:00:19,,,TRUE
5-May-22,10040,10620,Season 1 Episode 2,Susan Lewis,F,7:54:28,8:49:43,10040_10620_37,Direct Care,8:16:56,8:17:44,0:00:48,0:00:48,48,Doctor(s),Talking,0,Hospital,10040_10620_39,"10040_10620_36,10040_10620_38",2,2,10040_10620_36,8:16:56,8:17:12,2,10040_10620_38,8:17:19,8:17:29,,,,,,,,,0:00:26,FALSE,,0,,,,0:00:48,,,TRUE
5-May-22,10040,10620,Season 1 Episode 2,Susan Lewis,F,7:54:28,8:49:43,10040_10620_38,In-transit,8:17:19,8:17:29,0:00:10,0:00:10,10,0,Talking,0,Hospital,user,10040_10620_37,1,2,10040_10620_37,8:17:19,8:17:29,,,,,,,,,,,,,0:00:10,FALSE,,0,,,,0:00:10,,,TRUE
5-May-22,10040,10620,Season 1 Episode 2,Susan Lewis,F,7:54:28,8:49:43,10040_10620_39,Off-Screen,8:17:44,8:20:32,0:02:48,0:02:48,168,0,0,0,Off-Screen,10040_10620_40,,0,,,,,,,,,,,,,,,,,0:00:00,FALSE,,0,,,,0:02:48,,,TRUE
5-May-22,10040,10620,Season 1 Episode 2,Susan Lewis,F,7:54:28,8:49:43,10040_10620_40,In-transit,8:20:32,8:20:55,0:00:23,0:00:23,23,Doctor(s),Talking,0,Hospital,user,10040_10620_41,1,2,10040_10620_41,8:20:38,8:20:55,,,,,,,,,,,,,0:00:17,FALSE,,0,,,,0:00:23,,,TRUE
5-May-22,10040,10620,Season 1 Episode 2,Susan Lewis,F,7:54:28,8:49:43,10040_10620_41,Direct Care,8:20:38,8:21:00,0:00:22,0:00:22,22,Doctor(s),Talking,0,Hospital,10040_10620_42,10040_10620_40,1,2,10040_10620_40,8:20:38,8:20:55,,,,,,,,,,,,,0:00:17,FALSE,,0,,,,0:00:22,,,TRUE
5-May-22,10040,10620,Season 1 Episode 2,Susan Lewis,F,7:54:28,8:49:43,10040_10620_42,Nothing Happening,8:21:00,8:21:10,0:00:10,0:00:10,10,0,0,0,Nothing Happening,10040_10620_43,,0,,,,,,,,,,,,,,,,,0:00:00,FALSE,,0,,,,0:00:10,,,TRUE
5-May-22,10040,10620,Season 1 Episode 2,Susan Lewis,F,7:54:28,8:49:43,10040_10620_43,In-transit,8:21:10,8:21:25,0:00:15,0:00:15,15,0,0,0,Hospital,10040_10620_44,,0,,,,,,,,,,,,,,,,,0:00:00,FALSE,,0,,,,0:00:15,,,TRUE
5-May-22,10040,10620,Season 1 Episode 2,Susan Lewis,F,7:54:28,8:49:43,10040_10620_44,Nothing Happening,8:21:25,8:21:44,0:00:19,0:00:19,19,0,0,0,Nothing Happening,10040_10620_45,,0,,,,,,,,,,,,,,,,,0:00:00,FALSE,,0,,,,0:00:19,,,TRUE
5-May-22,10040,10620,Season 1 Episode 2,Susan Lewis,F,7:54:28,8:49:43,10040_10620_45,Off-Screen,8:21:44,8:27:11,0:05:27,0:05:27,327,0,0,0,Off-Screen,10040_10620_46,,0,,,,,,,,,,,,,,,,,0:00:00,FALSE,,0,,,,0:05:27,,,TRUE
5-May-22,10040,10620,Season 1 Episode 2,Susan Lewis,F,7:54:28,8:49:43,10040_10620_46,Direct Care,8:27:11,8:27:32,0:00:21,0:00:21,21,Doctor(s),Talking,0,Hospital,10040_10620_47,,0,,,,,,,,,,,,,,,,,0:00:00,FALSE,,0,,,,0:00:21,,,TRUE
5-May-22,10040,10620,Season 1 Episode 2,Susan Lewis,F,7:54:28,8:49:43,10040_10620_47,Off-Screen,8:27:32,8:31:14,0:03:42,0:03:42,222,0,0,0,Off-Screen,10040_10620_48,,0,,,,,,,,,,,,,,,,,0:00:00,FALSE,,0,,,,0:03:42,,,TRUE
5-May-22,10040,10620,Season 1 Episode 2,Susan Lewis,F,7:54:28,8:49:43,10040_10620_48,Direct Care,8:31:14,8:31:50,0:00:36,0:00:36,36,Relative (Patient),Talking,0,Hospital,10040_10620_50,10040_10620_49,1,2,10040_10620_49,8:31:24,8:31:49,,,,,,,,,,,,,0:00:25,FALSE,,0,,,,0:00:36,,,TRUE
5-May-22,10040,10620,Season 1 Episode 2,Susan Lewis,F,7:54:28,8:49:43,10040_10620_49,Direct Care,8:31:24,8:31:49,0:00:25,0:00:25,25,Nurse,Talking,0,Hospital,user,10040_10620_48,1,2,10040_10620_48,8:31:24,8:31:49,,,,,,,,,,,,,0:00:25,FALSE,,0,,,,0:00:25,,,TRUE
5-May-22,10040,10620,Season 1 Episode 2,Susan Lewis,F,7:54:28,8:49:43,10040_10620_50,Off-Screen,8:31:50,8:36:11,0:04:21,0:04:21,261,0,0,0,Off-Screen,10040_10620_51,,0,,,,,,,,,,,,,,,,,0:00:00,FALSE,,0,,,,0:04:21,,,TRUE
5-May-22,10040,10620,Season 1 Episode 2,Susan Lewis,F,7:54:28,8:49:43,10040_10620_51,In-transit,8:36:11,8:36:29,0:00:18,0:00:18,18,0,0,0,Hospital,10040_10620_53,10040_10620_52,1,2,10040_10620_52,8:36:18,8:36:27,,,,,,,,,,,,,0:00:09,FALSE,,0,,,,0:00:18,,,TRUE
5-May-22,10040,10620,Season 1 Episode 2,Susan Lewis,F,7:54:28,8:49:43,10040_10620_52,Direct Care,8:36:18,8:36:27,0:00:09,0:00:09,9,Nurse,Talking,0,Hospital,user,10040_10620_51,1,2,10040_10620_51,8:36:18,8:36:27,,,,,,,,,,,,,0:00:09,FALSE,,0,,,,0:00:09,,,TRUE
5-May-22,10040,10620,Season 1 Episode 2,Susan Lewis,F,7:54:28,8:49:43,10040_10620_53,Direct Care,8:36:29,8:36:43,0:00:14,0:00:14,14,Patient,Talking,0,Hospital,10040_10620_55,10040_10620_54,1,2,10040_10620_54,8:36:32,8:36:42,,,,,,,,,,,,,0:00:10,FALSE,,0,,,,0:00:14,,,TRUE
5-May-22,10040,10620,Season 1 Episode 2,Susan Lewis,F,7:54:28,8:49:43,10040_10620_54,Direct Care,8:36:32,8:36:42,0:00:10,0:00:10,10,Nurse,Talking,0,Hospital,user,10040_10620_53,1,2,10040_10620_53,8:36:32,8:36:42,,,,,,,,,,,,,0:00:10,FALSE,,0,,,,0:00:10,,,TRUE
5-May-22,10040,10620,Season 1 Episode 2,Susan Lewis,F,7:54:28,8:49:43,10040_10620_55,Nothing Happening,8:36:43,8:36:47,0:00:04,0:00:04,4,0,0,0,Nothing Happening,10040_10620_56,,0,,,,,,,,,,,,,,,,,0:00:00,FALSE,,0,,,,0:00:04,,,TRUE
5-May-22,10040,10620,Season 1 Episode 2,Susan Lewis,F,7:54:28,8:49:43,10040_10620_56,Professional Communication,8:36:47,8:37:32,0:00:45,0:00:45,45,Doctor(s),Talking,0,Hospital,10040_10620_59,"10040_10620_57,10040_10620_58",2,2,10040_10620_57,8:36:54,8:36:58,2,10040_10620_58,8:37:18,8:37:27,,,,,,,,,0:00:13,FALSE,,0,,,,0:00:45,,,TRUE
5-May-22,10040,10620,Season 1 Episode 2,Susan Lewis,F,7:54:28,8:49:43,10040_10620_57,In-transit,8:36:54,8:36:58,0:00:04,0:00:04,4,0,0,0,Hospital,user,10040_10620_56,1,2,10040_10620_56,8:36:54,8:36:58,,,,,,,,,,,,,0:00:04,FALSE,,0,,,,0:00:04,,,TRUE
5-May-22,10040,10620,Season 1 Episode 2,Susan Lewis,F,7:54:28,8:49:43,10040_10620_58,In-transit,8:37:18,8:37:27,0:00:09,0:00:09,9,0,0,0,Hospital,user,10040_10620_56,1,2,10040_10620_56,8:37:18,8:37:27,,,,,,,,,,,,,0:00:09,FALSE,,0,,,,0:00:09,,,TRUE
5-May-22,10040,10620,Season 1 Episode 2,Susan Lewis,F,7:54:28,8:49:43,10040_10620_59,Professional Communication,8:37:32,8:38:02,0:00:30,0:00:30,30,Doctor(s),Talking,0,Hospital,10040_10620_60,,0,,,,,,,,,,,,,,,,,0:00:00,FALSE,,0,,,,0:00:30,,,TRUE
5-May-22,10040,10620,Season 1 Episode 2,Susan Lewis,F,7:54:28,8:49:43,10040_10620_60,Nothing Happening,8:38:02,8:38:06,0:00:04,0:00:04,4,0,0,0,Nothing Happening,10040_10620_61,,0,,,,,,,,,,,,,,,,,0:00:00,FALSE,,0,,,,0:00:04,,,TRUE
5-May-22,10040,10620,Season 1 Episode 2,Susan Lewis,F,7:54:28,8:49:43,10040_10620_61,Off-Screen,8:38:06,8:45:11,0:07:05,0:07:05,425,0,0,0,Off-Screen,10040_10620_62,,0,,,,,,,,,,,,,,,,,0:00:00,FALSE,,0,,,,0:07:05,,,TRUE
5-May-22,10040,10620,Season 1 Episode 2,Susan Lewis,F,7:54:28,8:49:43,10040_10620_62,Social,8:45:11,8:46:07,0:00:56,0:00:56,56,Other,Talking,0,Community,10040_10620_63,,0,,,,,,,,,,,,,,,,,0:00:00,FALSE,,0,,,,0:00:56,,,TRUE
5-May-22,10040,10620,Season 1 Episode 2,Susan Lewis,F,7:54:28,8:49:43,10040_10620_63,Off-Screen,8:46:07,8:49:43,0:03:36,0:03:36,216,0,0,0,Off-Screen,user,,0,,,,,,,,,,,,,,,,,0:00:00,FALSE,,0,,,,0:03:36,,,TRUE
29-Jun-22,10040,10661,Season 1 Episode 12,Susan Lewis,F,13:00:58,13:56:19,10040_10661_1,Off-Screen,13:00:58,13:09:47,0:08:49,0:08:49,529,0,0,0,Off-Screen,10040_10661_2,,0,,,,,,,,,,,,,,,,,0:00:00,FALSE,,0,,,,0:08:49,,,TRUE
29-Jun-22,10040,10661,Season 1 Episode 12,Susan Lewis,F,13:00:58,13:56:19,10040_10661_2,In-transit,13:09:47,13:09:59,0:00:12,0:00:12,12,0,0,0,Hospital,10040_10661_4,10040_10661_3,1,2,10040_10661_3,13:09:50,13:09:59,,,,,,,,,,,,,0:00:09,FALSE,,0,,,,0:00:12,,,TRUE
29-Jun-22,10040,10661,Season 1 Episode 12,Susan Lewis,F,13:00:58,13:56:19,10040_10661_3,Professional Communication,13:09:50,13:09:59,0:00:09,0:00:09,9,Doctor(s),Talking,0,Hospital,user,10040_10661_2,1,2,10040_10661_2,13:09:50,13:09:59,,,,,,,,,,,,,0:00:09,FALSE,,0,,,,0:00:09,,,TRUE
29-Jun-22,10040,10661,Season 1 Episode 12,Susan Lewis,F,13:00:58,13:56:19,10040_10661_4,In-transit,13:09:59,13:10:02,0:00:03,0:00:03,3,0,0,0,Hospital,10040_10661_5,,0,,,,,,,,,,,,,,,,,0:00:00,FALSE,,0,,,,0:00:03,,,TRUE
29-Jun-22,10040,10661,Season 1 Episode 12,Susan Lewis,F,13:00:58,13:56:19,10040_10661_5,Direct Care,13:10:02,13:10:16,0:00:14,0:00:14,14,Patient,Talking,0,Hospital,user,10040_10661_6,1,2,10040_10661_6,13:10:12,13:10:16,,,,,,,,,,,,,0:00:04,FALSE,,0,,,,0:00:14,,,TRUE
29-Jun-22,10040,10661,Season 1 Episode 12,Susan Lewis,F,13:00:58,13:56:19,10040_10661_6,In-transit,13:10:12,13:10:17,0:00:05,0:00:05,5,0,0,0,Hospital,10040_10661_7,10040_10661_5,1,2,10040_10661_5,13:10:12,13:10:16,,,,,,,,,,,,,0:00:04,FALSE,,0,,,,0:00:05,,,TRUE
29-Jun-22,10040,10661,Season 1 Episode 12,Susan Lewis,F,13:00:58,13:56:19,10040_10661_7,Off-Screen,13:10:17,13:12:25,0:02:08,0:02:08,128,0,0,0,Off-Screen,10040_10661_8,,0,,,,,,,,,,,,,,,,,0:00:00,FALSE,,0,,,,0:02:08,,,TRUE
29-Jun-22,10040,10661,Season 1 Episode 12,Susan Lewis,F,13:00:58,13:56:19,10040_10661_8,In-transit,13:12:25,13:12:31,0:00:06,0:00:06,6,0,0,0,Hospital,user,10040_10661_9,1,2,10040_10661_9,13:12:27,13:12:31,,,,,,,,,,,,,0:00:04,FALSE,,0,,,,0:00:06,,,TRUE
29-Jun-22,10040,10661,Season 1 Episode 12,Susan Lewis,F,13:00:58,13:56:19,10040_10661_9,Professional Communication,13:12:27,13:12:50,0:00:23,0:00:23,23,Doctor(s),Talking,0,Hospital,user,"10040_10661_8,10040_10661_10",2,2,10040_10661_8,13:12:27,13:12:31,2,10040_10661_10,13:12:38,13:12:50,,,,,,,,,0:00:16,FALSE,,0,,,,0:00:23,,,TRUE
29-Jun-22,10040,10661,Season 1 Episode 12,Susan Lewis,F,13:00:58,13:56:19,10040_10661_10,Social,13:12:38,13:13:13,0:00:35,0:00:35,35,Other,Talking,0,Hospital,10040_10661_12,"10040_10661_9,10040_10661_11",2,2,10040_10661_9,13:12:38,13:12:50,2,10040_10661_11,13:12:51,13:12:55,,,,,,,,,0:00:16,FALSE,,0,,,,0:00:35,,,TRUE
29-Jun-22,10040,10661,Season 1 Episode 12,Susan Lewis,F,13:00:58,13:56:19,10040_10661_11,Professional Communication,13:12:51,13:12:55,0:00:04,0:00:04,4,Nurse,Talking,0,Hospital,user,10040_10661_10,1,2,10040_10661_10,13:12:51,13:12:55,,,,,,,,,,,,,0:00:04,FALSE,,0,,,,0:00:04,,,TRUE
29-Jun-22,10040,10661,Season 1 Episode 12,Susan Lewis,F,13:00:58,13:56:19,10040_10661_12,In-transit,13:13:13,13:13:16,0:00:03,0:00:03,3,0,0,0,Hospital,10040_10661_13,,0,,,,,,,,,,,,,,,,,0:00:00,FALSE,,0,,,,0:00:03,,,TRUE
29-Jun-22,10040,10661,Season 1 Episode 12,Susan Lewis,F,13:00:58,13:56:19,10040_10661_13,Social,13:13:16,13:14:46,0:01:30,0:01:30,90,Other,Talking,0,Community,10040_10661_14,,0,,,,,,,,,,,,,,,,,0:00:00,FALSE,,0,,,,0:01:30,,,TRUE
29-Jun-22,10040,10661,Season 1 Episode 12,Susan Lewis,F,13:00:58,13:56:19,10040_10661_14,Nothing Happening,13:14:46,13:15:25,0:00:39,0:00:39,39,Other,Talking,0,Nothing Happening,10040_10661_15,,0,,,,,,,,,,,,,,,,,0:00:00,FALSE,,0,,,,0:00:39,,,TRUE
29-Jun-22,10040,10661,Season 1 Episode 12,Susan Lewis,F,13:00:58,13:56:19,10040_10661_15,Social,13:15:25,13:15:35,0:00:10,0:00:10,10,Other,Talking,0,Community,10040_10661_16,,0,,,,,,,,,,,,,,,,,0:00:00,FALSE,,0,,,,0:00:10,,,TRUE
29-Jun-22,10040,10661,Season 1 Episode 12,Susan Lewis,F,13:00:58,13:56:19,10040_10661_16,Nothing Happening,13:15:35,13:16:04,0:00:29,0:00:29,29,0,0,0,Nothing Happening,10040_10661_17,,0,,,,,,,,,,,,,,,,,0:00:00,FALSE,,0,,,,0:00:29,,,TRUE
29-Jun-22,10040,10661,Season 1 Episode 12,Susan Lewis,F,13:00:58,13:56:19,10040_10661_17,Off-Screen,13:16:04,13:23:56,0:07:52,0:07:52,472,0,0,0,Off-Screen,10040_10661_18,,0,,,,,,,,,,,,,,,,,0:00:00,FALSE,,0,,,,0:07:52,,,TRUE
29-Jun-22,10040,10661,Season 1 Episode 12,Susan Lewis,F,13:00:58,13:56:19,10040_10661_18,Direct Care,13:23:56,13:24:40,0:00:44,0:00:44,44,Patient,Talking,0,Hospital,10040_10661_19,,0,,,,,,,,,,,,,,,,,0:00:00,FALSE,,0,,,,0:00:44,,,TRUE
29-Jun-22,10040,10661,Season 1 Episode 12,Susan Lewis,F,13:00:58,13:56:19,10040_10661_19,Off-Screen,13:24:40,13:29:59,0:05:19,0:05:19,319,0,0,0,Off-Screen,10040_10661_20,,0,,,,,,,,,,,,,,,,,0:00:00,FALSE,,0,,,,0:05:19,,,TRUE
29-Jun-22,10040,10661,Season 1 Episode 12,Susan Lewis,F,13:00:58,13:56:19,10040_10661_20,Direct Care,13:29:59,13:30:32,0:00:33,0:00:33,33,Doctor(s),Talking,0,Hospital,10040_10661_22,10040_10661_21,1,2,10040_10661_21,13:30:01,13:30:31,,,,,,,,,,,,,0:00:30,FALSE,,0,,,,0:00:33,,,TRUE
29-Jun-22,10040,10661,Season 1 Episode 12,Susan Lewis,F,13:00:58,13:56:19,10040_10661_21,In-transit,13:30:01,13:30:31,0:00:30,0:00:30,30,0,0,0,Hospital,user,10040_10661_20,1,2,10040_10661_20,13:30:01,13:30:31,,,,,,,,,,,,,0:00:30,FALSE,,0,,,,0:00:30,,,TRUE
29-Jun-22,10040,10661,Season 1 Episode 12,Susan Lewis,F,13:00:58,13:56:19,10040_10661_22,In-transit,13:30:32,13:30:35,0:00:03,0:00:03,3,0,0,0,Hospital,10040_10661_23,,0,,,,,,,,,,,,,,,,,0:00:00,FALSE,,0,,,,0:00:03,,,TRUE
29-Jun-22,10040,10661,Season 1 Episode 12,Susan Lewis,F,13:00:58,13:56:19,10040_10661_23,Direct Care,13:30:35,13:30:51,0:00:16,0:00:16,16,Patient,Talking,0,Hospital,10040_10661_24,,0,,,,,,,,,,,,,,,,,0:00:00,FALSE,,0,,,,0:00:16,,,TRUE
29-Jun-22,10040,10661,Season 1 Episode 12,Susan Lewis,F,13:00:58,13:56:19,10040_10661_24,Professional Communication,13:30:51,13:31:24,0:00:33,0:00:33,33,Doctor(s),Talking,0,Hospital,10040_10661_26,10040_10661_25,1,2,10040_10661_25,13:30:56,13:31:01,,,,,,,,,,,,,0:00:05,FALSE,,0,,,,0:00:33,,,TRUE
29-Jun-22,10040,10661,Season 1 Episode 12,Susan Lewis,F,13:00:58,13:56:19,10040_10661_25,In-transit,13:30:56,13:31:01,0:00:05,0:00:05,5,0,0,0,Hospital,user,10040_10661_24,1,2,10040_10661_24,13:30:56,13:31:01,,,,,,,,,,,,,0:00:05,FALSE,,0,,,,0:00:05,,,TRUE
29-Jun-22,10040,10661,Season 1 Episode 12,Susan Lewis,F,13:00:58,13:56:19,10040_10661_26,Nothing Happening,13:31:24,13:31:27,0:00:03,0:00:03,3,0,0,0,Nothing Happening,10040_10661_27,,0,,,,,,,,,,,,,,,,,0:00:00,FALSE,,0,,,,0:00:03,,,TRUE
29-Jun-22,10040,10661,Season 1 Episode 12,Susan Lewis,F,13:00:58,13:56:19,10040_10661_27,Off-Screen,13:31:27,13:31:59,0:00:32,0:00:32,32,0,0,0,Off-Screen,10040_10661_28,,0,,,,,,,,,,,,,,,,,0:00:00,FALSE,,0,,,,0:00:32,,,TRUE
29-Jun-22,10040,10661,Season 1 Episode 12,Susan Lewis,F,13:00:58,13:56:19,10040_10661_28,Direct Care,13:31:59,13:32:51,0:00:52,0:00:52,52,Doctor(s),Talking,0,Hospital,10040_10661_31,"10040_10661_29,10040_10661_30",2,2,10040_10661_29,13:32:07,13:32:10,2,10040_10661_30,13:32:13,13:32:50,,,,,,,,,0:00:40,FALSE,,0,,,,0:00:52,,,TRUE
29-Jun-22,10040,10661,Season 1 Episode 12,Susan Lewis,F,13:00:58,13:56:19,10040_10661_29,In-transit,13:32:07,13:32:10,0:00:03,0:00:03,3,0,0,0,Hospital,user,10040_10661_28,1,2,10040_10661_28,13:32:07,13:32:10,,,,,,,,,,,,,0:00:03,FALSE,,0,,,,0:00:03,,,TRUE
29-Jun-22,10040,10661,Season 1 Episode 12,Susan Lewis,F,13:00:58,13:56:19,10040_10661_30,Direct Care,13:32:13,13:32:50,0:00:37,0:00:37,37,Patient,Talking,0,Hospital,user,10040_10661_28,1,2,10040_10661_28,13:32:13,13:32:50,,,,,,,,,,,,,0:00:37,FALSE,,0,,,,0:00:37,,,TRUE
29-Jun-22,10040,10661,Season 1 Episode 12,Susan Lewis,F,13:00:58,13:56:19,10040_10661_31,Off-Screen,13:32:51,13:33:01,0:00:10,0:00:10,10,0,0,0,Off-Screen,10040_10661_32,,0,,,,,,,,,,,,,,,,,0:00:00,FALSE,,0,,,,0:00:10,,,TRUE
29-Jun-22,10040,10661,Season 1 Episode 12,Susan Lewis,F,13:00:58,13:56:19,10040_10661_32,In-transit,13:33:01,13:33:27,0:00:26,0:00:26,26,0,0,0,Hospital,user,10040_10661_33,1,2,10040_10661_33,13:33:03,13:33:27,,,,,,,,,,,,,0:00:24,FALSE,,0,,,,0:00:26,,,TRUE
29-Jun-22,10040,10661,Season 1 Episode 12,Susan Lewis,F,13:00:58,13:56:19,10040_10661_33,Direct Care,13:33:03,13:33:39,0:00:36,0:00:36,36,Patient,Talking,0,Hospital,10040_10661_35,"10040_10661_32,10040_10661_34",2,2,10040_10661_32,13:33:03,13:33:27,2,10040_10661_34,13:33:29,13:33:38,,,,,,,,,0:00:33,FALSE,,0,,,,0:00:36,,,TRUE
29-Jun-22,10040,10661,Season 1 Episode 12,Susan Lewis,F,13:00:58,13:56:19,10040_10661_34,Direct Care,13:33:29,13:33:38,0:00:09,0:00:09,9,Doctor(s),Talking,0,Hospital,user,10040_10661_33,1,2,10040_10661_33,13:33:29,13:33:38,,,,,,,,,,,,,0:00:09,FALSE,,0,,,,0:00:09,,,TRUE
29-Jun-22,10040,10661,Season 1 Episode 12,Susan Lewis,F,13:00:58,13:56:19,10040_10661_35,Off-Screen,13:33:39,13:34:26,0:00:47,0:00:47,47,0,0,0,Off-Screen,10040_10661_36,,0,,,,,,,,,,,,,,,,,0:00:00,FALSE,,0,,,,0:00:47,,,TRUE
29-Jun-22,10040,10661,Season 1 Episode 12,Susan Lewis,F,13:00:58,13:56:19,10040_10661_36,Direct Care,13:34:26,13:35:05,0:00:39,0:00:39,39,Patient,Talking,0,Hospital,user,10040_10661_37,1,2,10040_10661_37,13:34:36,13:35:05,,,,,,,,,,,,,0:00:29,FALSE,,0,,,,0:00:39,,,TRUE
29-Jun-22,10040,10661,Season 1 Episode 12,Susan Lewis,F,13:00:58,13:56:19,10040_10661_37,Direct Care,13:34:36,13:35:27,0:00:51,0:00:51,51,Doctor(s),Talking,0,Hospital,10040_10661_39,"10040_10661_36,10040_10661_38",2,2,10040_10661_36,13:34:36,13:35:05,2,10040_10661_38,13:35:21,13:35:27,,,,,,,,,0:00:35,FALSE,,0,,,,0:00:51,,,TRUE
29-Jun-22,10040,10661,Season 1 Episode 12,Susan Lewis,F,13:00:58,13:56:19,10040_10661_38,Nothing Happening,13:35:21,13:35:27,0:00:06,0:00:06,6,0,0,0,Nothing Happening,10040_10661_39,10040_10661_37,1,2,10040_10661_37,13:35:21,13:35:27,,,,,,,,,,,,,0:00:06,FALSE,,0,,,,0:00:06,,,TRUE
29-Jun-22,10040,10661,Season 1 Episode 12,Susan Lewis,F,13:00:58,13:56:19,10040_10661_39,Off-Screen,13:35:27,13:35:45,0:00:18,0:00:18,18,0,0,0,Off-Screen,10040_10661_40,,0,,,,,,,,,,,,,,,,,0:00:00,FALSE,,0,,,,0:00:18,,,TRUE
29-Jun-22,10040,10661,Season 1 Episode 12,Susan Lewis,F,13:00:58,13:56:19,10040_10661_40,Professional Communication,13:35:45,13:35:51,0:00:06,0:00:06,6,Nurse,Talking,0,Hospital,10040_10661_41,,0,,,,,,,,,,,,,,,,,0:00:00,FALSE,,0,,,,0:00:06,,,TRUE
29-Jun-22,10040,10661,Season 1 Episode 12,Susan Lewis,F,13:00:58,13:56:19,10040_10661_41,Direct Care,13:35:51,13:36:39,0:00:48,0:00:48,48,Patient,0,0,Hospital,10040_10661_44,"10040_10661_42,10040_10661_43",2,2,10040_10661_42,13:36:01,13:36:21,2,10040_10661_43,13:36:22,13:36:37,,,,,,,,,0:00:35,FALSE,,0,,,,0:00:48,,,TRUE
29-Jun-22,10040,10661,Season 1 Episode 12,Susan Lewis,F,13:00:58,13:56:19,10040_10661_42,Direct Care,13:36:01,13:36:21,0:00:20,0:00:20,20,Nurse,Talking,0,Hospital,user,10040_10661_41,1,2,10040_10661_41,13:36:01,13:36:21,,,,,,,,,,,,,0:00:20,FALSE,,0,,,,0:00:20,,,TRUE
29-Jun-22,10040,10661,Season 1 Episode 12,Susan Lewis,F,13:00:58,13:56:19,10040_10661_43,Direct Care,13:36:22,13:36:37,0:00:15,0:00:15,15,Doctor(s),Talking,0,Hospital,user,10040_10661_41,1,2,10040_10661_41,13:36:22,13:36:37,,,,,,,,,,,,,0:00:15,FALSE,,0,,,,0:00:15,,,TRUE
29-Jun-22,10040,10661,Season 1 Episode 12,Susan Lewis,F,13:00:58,13:56:19,10040_10661_44,Nothing Happening,13:36:39,13:36:48,0:00:09,0:00:09,9,0,0,0,Nothing Happening,10040_10661_45,,0,,,,,,,,,,,,,,,,,0:00:00,FALSE,,0,,,,0:00:09,,,TRUE
29-Jun-22,10040,10661,Season 1 Episode 12,Susan Lewis,F,13:00:58,13:56:19,10040_10661_45,Off-Screen,13:36:48,13:36:52,0:00:04,0:00:04,4,0,0,0,Off-Screen,10040_10661_46,,0,,,,,,,,,,,,,,,,,0:00:00,FALSE,,0,,,,0:00:04,,,TRUE
29-Jun-22,10040,10661,Season 1 Episode 12,Susan Lewis,F,13:00:58,13:56:19,10040_10661_46,Nothing Happening,13:36:52,13:36:56,0:00:04,0:00:04,4,0,0,0,Nothing Happening,10040_10661_47,,0,,,,,,,,,,,,,,,,,0:00:00,FALSE,,0,,,,0:00:04,,,TRUE
29-Jun-22,10040,10661,Season 1 Episode 12,Susan Lewis,F,13:00:58,13:56:19,10040_10661_47,Off-Screen,13:36:56,13:39:57,0:03:01,0:03:01,181,0,0,0,Off-Screen,10040_10661_48,,0,,,,,,,,,,,,,,,,,0:00:00,FALSE,,0,,,,0:03:01,,,TRUE
29-Jun-22,10040,10661,Season 1 Episode 12,Susan Lewis,F,13:00:58,13:56:19,10040_10661_48,Education,13:39:57,13:40:02,0:00:05,0:00:05,5,Doctor(s),Talking,0,Hospital,10040_10661_49,,0,,,,,,,,,,,,,,,,,0:00:00,FALSE,,0,,,,0:00:05,,,TRUE
29-Jun-22,10040,10661,Season 1 Episode 12,Susan Lewis,F,13:00:58,13:56:19,10040_10661_49,Professional Communication,13:40:02,13:40:25,0:00:23,0:00:23,23,Doctor(s),Talking,0,Hospital,10040_10661_50,,0,,,,,,,,,,,,,,,,,0:00:00,FALSE,,0,,,,0:00:23,,,TRUE
29-Jun-22,10040,10661,Season 1 Episode 12,Susan Lewis,F,13:00:58,13:56:19,10040_10661_50,Off-Screen,13:40:25,13:52:30,0:12:05,0:12:05,725,0,0,0,Off-Screen,10040_10661_51,,0,,,,,,,,,,,,,,,,,0:00:00,FALSE,,0,,,,0:12:05,,,TRUE
29-Jun-22,10040,10661,Season 1 Episode 12,Susan Lewis,F,13:00:58,13:56:19,10040_10661_51,Social,13:52:30,13:54:25,0:01:55,0:01:55,115,Doctor(s),Talking,0,Community,10040_10661_52,,0,,,,,,,,,,,,,,,,,0:00:00,FALSE,,0,,,,0:01:55,,,TRUE
29-Jun-22,10040,10661,Season 1 Episode 12,Susan Lewis,F,13:00:58,13:56:19,10040_10661_52,In-transit,13:54:25,13:54:28,0:00:03,0:00:03,3,0,0,0,Community,10040_10661_53,,0,,,,,,,,,,,,,,,,,0:00:00,FALSE,,0,,,,0:00:03,,,TRUE
29-Jun-22,10040,10661,Season 1 Episode 12,Susan Lewis,F,13:00:58,13:56:19,10040_10661_53,Off-Screen,13:54:28,13:54:34,0:00:06,0:00:06,6,0,0,0,Off-Screen,10040_10661_54,,0,,,,,,,,,,,,,,,,,0:00:00,FALSE,,0,,,,0:00:06,,,TRUE
29-Jun-22,10040,10661,Season 1 Episode 12,Susan Lewis,F,13:00:58,13:56:19,10040_10661_54,In-transit,13:54:34,13:54:40,0:00:06,0:00:06,6,0,0,0,Hospital,10040_10661_55,,0,,,,,,,,,,,,,,,,,0:00:00,FALSE,,0,,,,0:00:06,,,TRUE
29-Jun-22,10040,10661,Season 1 Episode 12,Susan Lewis,F,13:00:58,13:56:19,10040_10661_55,Professional Communication,13:54:40,13:54:44,0:00:04,0:00:04,4,Nurse,Talking,0,Hospital,10040_10661_56,,0,,,,,,,,,,,,,,,,,0:00:00,FALSE,,0,,,,0:00:04,,,TRUE
29-Jun-22,10040,10661,Season 1 Episode 12,Susan Lewis,F,13:00:58,13:56:19,10040_10661_56,Professional Communication,13:54:44,13:55:36,0:00:52,0:00:52,52,Doctor(s),Talking,0,Hospital,10040_10661_57,,0,,,,,,,,,,,,,,,,,0:00:00,FALSE,,0,,,,0:00:52,,,TRUE
29-Jun-22,10040,10661,Season 1 Episode 12,Susan Lewis,F,13:00:58,13:56:19,10040_10661_57,Nothing Happening,13:55:36,13:55:39,0:00:03,0:00:03,3,0,0,0,Nothing Happening,10040_10661_58,,0,,,,,,,,,,,,,,,,,0:00:00,FALSE,,0,,,,0:00:03,,,TRUE
29-Jun-22,10040,10661,Season 1 Episode 12,Susan Lewis,F,13:00:58,13:56:19,10040_10661_58,Professional Communication,13:55:39,13:55:47,0:00:08,0:00:08,8,Doctor(s),Talking,0,Hospital,10040_10661_59,,0,,,,,,,,,,,,,,,,,0:00:00,FALSE,,0,,,,0:00:08,,,TRUE
29-Jun-22,10040,10661,Season 1 Episode 12,Susan Lewis,F,13:00:58,13:56:19,10040_10661_59,Professional Communication,13:55:47,13:55:51,0:00:04,0:00:04,4,Nurse,Talking,0,Hospital,10040_10661_60,,0,,,,,,,,,,,,,,,,,0:00:00,FALSE,,0,,,,0:00:04,,,TRUE
29-Jun-22,10040,10661,Season 1 Episode 12,Susan Lewis,F,13:00:58,13:56:19,10040_10661_60,Nothing Happening,13:55:51,13:56:10,0:00:19,0:00:19,19,0,0,0,Nothing Happening,10040_10661_61,,0,,,,,,,,,,,,,,,,,0:00:00,FALSE,,0,,,,0:00:19,,,TRUE
29-Jun-22,10040,10661,Season 1 Episode 12,Susan Lewis,F,13:00:58,13:56:19,10040_10661_61,Off-Screen,13:56:10,13:56:19,0:00:09,0:00:09,9,0,0,0,Off-Screen,user,,0,,,,,,,,,,,,,,,,,0:00:00,FALSE,,0,,,,0:00:09,,,TRUE
30-Jun-22,10040,10662,Season 1 Episode 15,Susan Lewis,F,14:25:18,15:17:52,10040_10662_1,Off-Screen,14:25:18,14:33:08,0:07:50,0:07:50,470,0,0,0,Off-Screen,10040_10662_2,,0,,,,,,,,,,,,,,,,,0:00:00,FALSE,,0,,,,0:07:50,,,TRUE
30-Jun-22,10040,10662,Season 1 Episode 15,Susan Lewis,F,14:25:18,15:17:52,10040_10662_2,In-transit,14:33:08,14:33:23,0:00:15,0:00:15,15,0,0,0,Hospital,10040_10662_4,10040_10662_3,1,2,10040_10662_3,14:33:10,14:33:22,,,,,,,,,,,,,0:00:12,FALSE,,0,,,,0:00:15,,,TRUE
30-Jun-22,10040,10662,Season 1 Episode 15,Susan Lewis,F,14:25:18,15:17:52,10040_10662_3,Direct Care,14:33:10,14:33:22,0:00:12,0:00:12,12,Other,Talking,0,Hospital,user,10040_10662_2,1,2,10040_10662_2,14:33:10,14:33:22,,,,,,,,,,,,,0:00:12,FALSE,,0,,,,0:00:12,,,TRUE
30-Jun-22,10040,10662,Season 1 Episode 15,Susan Lewis,F,14:25:18,15:17:52,10040_10662_4,Direct Care,14:33:23,14:34:00,0:00:37,0:00:37,37,Patient,Talking,0,Hospital,user,10040_10662_5,1,2,10040_10662_5,14:33:27,14:34:00,,,,,,,,,,,,,0:00:33,FALSE,,0,,,,0:00:37,,,TRUE
30-Jun-22,10040,10662,Season 1 Episode 15,Susan Lewis,F,14:25:18,15:17:52,10040_10662_5,Direct Care,14:33:27,14:34:15,0:00:48,0:00:48,48,Doctor(s),Talking,0,Hospital,10040_10662_7,"10040_10662_4,10040_10662_6",2,2,10040_10662_4,14:33:27,14:34:00,2,10040_10662_6,14:34:01,14:34:15,,,,,,,,,0:00:47,FALSE,,0,,,,0:00:48,,,TRUE
30-Jun-22,10040,10662,Season 1 Episode 15,Susan Lewis,F,14:25:18,15:17:52,10040_10662_6,Direct Care,14:34:01,14:34:15,0:00:14,0:00:14,14,Patient,0,0,Hospital,user,10040_10662_5,1,2,10040_10662_5,14:34:01,14:34:15,,,,,,,,,,,,,0:00:14,FALSE,,0,,,,0:00:14,,,TRUE
30-Jun-22,10040,10662,Season 1 Episode 15,Susan Lewis,F,14:25:18,15:17:52,10040_10662_7,Off-Screen,14:34:15,14:34:51,0:00:36,0:00:36,36,0,0,0,Off-Screen,10040_10662_8,,0,,,,,,,,,,,,,,,,,0:00:00,FALSE,,0,,,,0:00:36,,,TRUE
30-Jun-22,10040,10662,Season 1 Episode 15,Susan Lewis,F,14:25:18,15:17:52,10040_10662_8,Direct Care,14:34:51,14:35:10,0:00:19,0:00:19,19,Doctor(s),Talking,0,Hospital,user,10040_10662_9,1,2,10040_10662_9,14:34:55,14:35:10,,,,,,,,,,,,,0:00:15,FALSE,,0,,,,0:00:19,,,TRUE
30-Jun-22,10040,10662,Season 1 Episode 15,Susan Lewis,F,14:25:18,15:17:52,10040_10662_9,Direct Care,14:34:55,14:35:16,0:00:21,0:00:21,21,Patient,0,0,Hospital,10040_10662_11,"10040_10662_8,10040_10662_10",2,2,10040_10662_8,14:34:55,14:35:10,2,10040_10662_10,14:35:11,14:35:16,,,,,,,,,0:00:20,FALSE,,0,,,,0:00:21,,,TRUE
30-Jun-22,10040,10662,Season 1 Episode 15,Susan Lewis,F,14:25:18,15:17:52,10040_10662_10,In-transit,14:35:11,14:35:16,0:00:05,0:00:05,5,0,0,0,Hospital,user,10040_10662_9,1,2,10040_10662_9,14:35:11,14:35:16,,,,,,,,,,,,,0:00:05,FALSE,,0,,,,0:00:05,,,TRUE
30-Jun-22,10040,10662,Season 1 Episode 15,Susan Lewis,F,14:25:18,15:17:52,10040_10662_11,Off-Screen,14:35:16,14:36:18,0:01:02,0:01:02,62,0,0,0,Off-Screen,10040_10662_12,,0,,,,,,,,,,,,,,,,,0:00:00,FALSE,,0,,,,0:01:02,,,TRUE
30-Jun-22,10040,10662,Season 1 Episode 15,Susan Lewis,F,14:25:18,15:17:52,10040_10662_12,Nothing Happening,14:36:18,14:37:31,0:01:13,0:01:13,73,0,0,0,Nothing Happening,10040_10662_13,,0,,,,,,,,,,,,,,,,,0:00:00,FALSE,,0,,,,0:01:13,,,TRUE
30-Jun-22,10040,10662,Season 1 Episode 15,Susan Lewis,F,14:25:18,15:17:52,10040_10662_13,Off-Screen,14:37:31,14:39:42,0:02:11,0:02:11,131,0,0,0,Off-Screen,10040_10662_14,,0,,,,,,,,,,,,,,,,,0:00:00,FALSE,,0,,,,0:02:11,,,TRUE
30-Jun-22,10040,10662,Season 1 Episode 15,Susan Lewis,F,14:25:18,15:17:52,10040_10662_14,In-transit,14:39:42,14:40:01,0:00:19,0:00:19,19,0,0,0,Hospital,10040_10662_16,10040_10662_15,1,2,10040_10662_15,14:39:44,14:40:00,,,,,,,,,,,,,0:00:16,FALSE,,0,,,,0:00:19,,,TRUE
30-Jun-22,10040,10662,Season 1 Episode 15,Susan Lewis,F,14:25:18,15:17:52,10040_10662_15,Professional Communication,14:39:44,14:40:00,0:00:16,0:00:16,16,Doctor(s),Talking,0,Hospital,user,10040_10662_14,1,2,10040_10662_14,14:39:44,14:40:00,,,,,,,,,,,,,0:00:16,FALSE,,0,,,,0:00:16,,,TRUE
30-Jun-22,10040,10662,Season 1 Episode 15,Susan Lewis,F,14:25:18,15:17:52,10040_10662_16,Off-Screen,14:40:01,14:57:34,0:17:33,0:17:33,1053,0,0,0,Off-Screen,10040_10662_17,,0,,,,,,,,,,,,,,,,,0:00:00,FALSE,,0,,,,0:17:33,,,TRUE
30-Jun-22,10040,10662,Season 1 Episode 15,Susan Lewis,F,14:25:18,15:17:52,10040_10662_17,In-transit,14:57:34,14:57:57,0:00:23,0:00:23,23,0,0,0,Hospital,10040_10662_19,10040_10662_18,1,2,10040_10662_18,14:57:36,14:57:57,,,,,,,,,,,,,0:00:21,FALSE,,0,,,,0:00:23,,,TRUE
30-Jun-22,10040,10662,Season 1 Episode 15,Susan Lewis,F,14:25:18,15:17:52,10040_10662_18,Professional Communication,14:57:36,14:57:57,0:00:21,0:00:21,21,Other,Talking,0,Hospital,user,10040_10662_17,1,2,10040_10662_17,14:57:36,14:57:57,,,,,,,,,,,,,0:00:21,FALSE,,0,,,,0:00:21,,,TRUE
30-Jun-22,10040,10662,Season 1 Episode 15,Susan Lewis,F,14:25:18,15:17:52,10040_10662_19,Off-Screen,14:57:57,14:58:10,0:00:13,0:00:13,13,0,0,0,Off-Screen,10040_10662_20,,0,,,,,,,,,,,,,,,,,0:00:00,FALSE,,0,,,,0:00:13,,,TRUE
30-Jun-22,10040,10662,Season 1 Episode 15,Susan Lewis,F,14:25:18,15:17:52,10040_10662_20,Direct Care,14:58:10,14:58:32,0:00:22,0:00:22,22,Patient,0,0,ICU,10040_10662_22,10040_10662_21,1,2,10040_10662_21,14:58:14,14:58:32,,,,,,,,,,,,,0:00:18,FALSE,,0,,,,0:00:22,,,TRUE
30-Jun-22,10040,10662,Season 1 Episode 15,Susan Lewis,F,14:25:18,15:17:52,10040_10662_21,Direct Care,14:58:14,14:58:32,0:00:18,0:00:18,18,Nurse,Talking,0,ICU,user,10040_10662_20,1,2,10040_10662_20,14:58:14,14:58:32,,,,,,,,,,,,,0:00:18,FALSE,,0,,,,0:00:18,,,TRUE
30-Jun-22,10040,10662,Season 1 Episode 15,Susan Lewis,F,14:25:18,15:17:52,10040_10662_22,Off-Screen,14:58:32,15:00:47,0:02:15,0:02:15,135,0,0,0,Off-Screen,10040_10662_23,,0,,,,,,,,,,,,,,,,,0:00:00,FALSE,,0,,,,0:02:15,,,TRUE
30-Jun-22,10040,10662,Season 1 Episode 15,Susan Lewis,F,14:25:18,15:17:52,10040_10662_23,In-transit,15:00:47,15:01:02,0:00:15,0:00:15,15,0,0,0,Hospital,user,"10040_10662_24,10040_10662_25",2,2,10040_10662_24,15:00:49,15:00:56,2,10040_10662_25,15:00:57,15:01:02,,,,,,,,,0:00:12,FALSE,,0,,,,0:00:15,,,TRUE
30-Jun-22,10040,10662,Season 1 Episode 15,Susan Lewis,F,14:25:18,15:17:52,10040_10662_24,Professional Communication,15:00:49,15:00:56,0:00:07,0:00:07,7,Nurse,Talking,0,Hospital,user,10040_10662_23,1,2,10040_10662_23,15:00:49,15:00:56,,,,,,,,,,,,,0:00:07,FALSE,,0,,,,0:00:07,,,TRUE
30-Jun-22,10040,10662,Season 1 Episode 15,Susan Lewis,F,14:25:18,15:17:52,10040_10662_25,Professional Communication,15:00:57,15:01:51,0:00:54,0:00:54,54,Doctor(s),Talking,0,Hospital,10040_10662_27,"10040_10662_23,10040_10662_26",2,2,10040_10662_23,15:00:57,15:01:02,2,10040_10662_26,15:01:12,15:01:27,,,,,,,,,0:00:20,FALSE,,0,,,,0:00:54,,,TRUE
30-Jun-22,10040,10662,Season 1 Episode 15,Susan Lewis,F,14:25:18,15:17:52,10040_10662_26,In-transit,15:01:12,15:01:27,0:00:15,0:00:15,15,0,0,0,Hospital,user,10040_10662_25,1,2,10040_10662_25,15:01:12,15:01:27,,,,,,,,,,,,,0:00:15,FALSE,,0,,,,0:00:15,,,TRUE
30-Jun-22,10040,10662,Season 1 Episode 15,Susan Lewis,F,14:25:18,15:17:52,10040_10662_27,Off-Screen,15:01:51,15:09:21,0:07:30,0:07:30,450,0,0,0,Off-Screen,10040_10662_28,,0,,,,,,,,,,,,,,,,,0:00:00,FALSE,,0,,,,0:07:30,,,TRUE
30-Jun-22,10040,10662,Season 1 Episode 15,Susan Lewis,F,14:25:18,15:17:52,10040_10662_28,Professional Communication,15:09:21,15:10:49,0:01:28,0:01:28,88,Doctor(s),Talking,0,Hospital,10040_10662_29,,0,,,,,,,,,,,,,,,,,0:00:00,FALSE,,0,,,,0:01:28,,,TRUE
30-Jun-22,10040,10662,Season 1 Episode 15,Susan Lewis,F,14:25:18,15:17:52,10040_10662_29,In-transit,15:10:49,15:10:52,0:00:03,0:00:03,3,0,0,0,Hospital,10040_10662_30,,0,,,,,,,,,,,,,,,,,0:00:00,FALSE,,0,,,,0:00:03,,,TRUE
30-Jun-22,10040,10662,Season 1 Episode 15,Susan Lewis,F,14:25:18,15:17:52,10040_10662_30,Off-Screen,15:10:52,15:17:52,0:07:00,0:07:00,420,0,0,0,Off-Screen,user,,0,,,,,,,,,,,,,,,,,0:00:00,FALSE,,0,,,,0:07:00,,,TRUE
1-Jul-22,10040,10664,Season 1 Episode 16,Susan Lewis ,F,11:19:48,12:01:01,10040_10664_1,Off-Screen,11:19:48,11:22:37,0:02:49,0:02:49,169,0,0,0,Off-Screen,10040_10664_2,,0,,,,,,,,,,,,,,,,,0:00:00,FALSE,,0,,,,0:02:49,,,TRUE
1-Jul-22,10040,10664,Season 1 Episode 16,Susan Lewis ,F,11:19:48,12:01:01,10040_10664_2,Social,11:22:37,11:22:40,0:00:03,0:00:03,3,Nurse,Talking,0,Hospital,10040_10664_3,,0,,,,,,,,,,,,,,,,,0:00:00,FALSE,,0,,,,0:00:03,,,TRUE
1-Jul-22,10040,10664,Season 1 Episode 16,Susan Lewis ,F,11:19:48,12:01:01,10040_10664_3,Off-Screen,11:22:40,11:22:44,0:00:04,0:00:04,4,0,0,0,Off-Screen,10040_10664_4,,0,,,,,,,,,,,,,,,,,0:00:00,FALSE,,0,,,,0:00:04,,,TRUE
1-Jul-22,10040,10664,Season 1 Episode 16,Susan Lewis ,F,11:19:48,12:01:01,10040_10664_4,Social,11:22:44,11:23:00,0:00:16,0:00:16,16,Doctor(s),Talking,0,Hospital,10040_10664_5,,0,,,,,,,,,,,,,,,,,0:00:00,FALSE,,0,,,,0:00:16,,,TRUE
1-Jul-22,10040,10664,Season 1 Episode 16,Susan Lewis ,F,11:19:48,12:01:01,10040_10664_5,In-transit,11:23:00,11:23:16,0:00:16,0:00:16,16,0,0,0,Hospital,user,10040_10664_6,1,2,10040_10664_6,11:23:03,11:23:16,,,,,,,,,,,,,0:00:13,FALSE,,0,,,,0:00:16,,,TRUE
1-Jul-22,10040,10664,Season 1 Episode 16,Susan Lewis ,F,11:19:48,12:01:01,10040_10664_6,Professional Communication,11:23:03,11:23:19,0:00:16,0:00:16,16,Other,Talking,0,Hospital,10040_10664_7,10040_10664_5,1,2,10040_10664_5,11:23:03,11:23:16,,,,,,,,,,,,,0:00:13,FALSE,,0,,,,0:00:16,,,TRUE
1-Jul-22,10040,10664,Season 1 Episode 16,Susan Lewis ,F,11:19:48,12:01:01,10040_10664_7,Off-Screen,11:23:19,11:23:22,0:00:03,0:00:03,3,0,0,0,Off-Screen,10040_10664_8,,0,,,,,,,,,,,,,,,,,0:00:00,FALSE,,0,,,,0:00:03,,,TRUE
1-Jul-22,10040,10664,Season 1 Episode 16,Susan Lewis ,F,11:19:48,12:01:01,10040_10664_8,Off-Screen,11:23:22,11:23:43,0:00:21,0:00:21,21,0,0,0,Off-Screen,10040_10664_9,,0,,,,,,,,,,,,,,,,,0:00:00,FALSE,,0,,,,0:00:21,,,TRUE
1-Jul-22,10040,10664,Season 1 Episode 16,Susan Lewis ,F,11:19:48,12:01:01,10040_10664_9,Direct Care,11:23:43,11:24:22,0:00:39,0:00:39,39,Doctor(s),Talking,0,Hospital,10040_10664_11,10040_10664_10,1,2,10040_10664_10,11:23:51,11:24:22,,,,,,,,,,,,,0:00:31,FALSE,,0,,,,0:00:39,,,TRUE
1-Jul-22,10040,10664,Season 1 Episode 16,Susan Lewis ,F,11:19:48,12:01:01,10040_10664_10,Direct Care,11:23:51,11:24:22,0:00:31,0:00:31,31,Patient,0,0,Hospital,user,10040_10664_9,1,2,10040_10664_9,11:23:51,11:24:22,,,,,,,,,,,,,0:00:31,FALSE,,0,,,,0:00:31,,,TRUE
1-Jul-22,10040,10664,Season 1 Episode 16,Susan Lewis ,F,11:19:48,12:01:01,10040_10664_11,Off-Screen,11:24:22,11:26:53,0:02:31,0:02:31,151,0,0,0,Off-Screen,10040_10664_12,,0,,,,,,,,,,,,,,,,,0:00:00,FALSE,,0,,,,0:02:31,,,TRUE
1-Jul-22,10040,10664,Season 1 Episode 16,Susan Lewis ,F,11:19:48,12:01:01,10040_10664_12,Indirect Care,11:26:53,11:27:33,0:00:40,0:00:40,40,0,Paper,0,Hospital,user,10040_10664_13,1,2,10040_10664_13,11:27:05,11:27:33,,,,,,,,,,,,,0:00:28,FALSE,,0,,,,0:00:40,,,TRUE
1-Jul-22,10040,10664,Season 1 Episode 16,Susan Lewis ,F,11:19:48,12:01:01,10040_10664_13,Direct Care,11:27:05,11:28:16,0:01:11,0:01:11,71,Doctor(s),Talking,0,Hospital,10040_10664_15,"10040_10664_12,10040_10664_14",2,2,10040_10664_12,11:27:05,11:27:33,2,10040_10664_14,11:27:46,11:27:56,,,,,,,,,0:00:38,FALSE,,0,,,,0:01:11,,,TRUE
1-Jul-22,10040,10664,Season 1 Episode 16,Susan Lewis ,F,11:19:48,12:01:01,10040_10664_14,Direct Care,11:27:46,11:27:56,0:00:10,0:00:10,10,Patient,0,0,Hospital,user,10040_10664_13,1,2,10040_10664_13,11:27:46,11:27:56,,,,,,,,,,,,,0:00:10,FALSE,,0,,,,0:00:10,,,TRUE
1-Jul-22,10040,10664,Season 1 Episode 16,Susan Lewis ,F,11:19:48,12:01:01,10040_10664_15,Off-Screen,11:28:16,11:29:55,0:01:39,0:01:39,99,0,0,0,Off-Screen,10040_10664_16,,0,,,,,,,,,,,,,,,,,0:00:00,FALSE,,0,,,,0:01:39,,,TRUE
1-Jul-22,10040,10664,Season 1 Episode 16,Susan Lewis ,F,11:19:48,12:01:01,10040_10664_16,In-transit,11:29:55,11:30:22,0:00:27,0:00:27,27,0,0,0,Hospital,user,10040_10664_17,1,2,10040_10664_17,11:29:56,11:30:22,,,,,,,,,,,,,0:00:26,FALSE,,0,,,,0:00:27,,,TRUE
1-Jul-22,10040,10664,Season 1 Episode 16,Susan Lewis ,F,11:19:48,12:01:01,10040_10664_17,Social,11:29:56,11:30:29,0:00:33,0:00:33,33,Doctor(s),Talking,0,Hospital,10040_10664_18,10040_10664_16,1,2,10040_10664_16,11:29:56,11:30:22,,,,,,,,,,,,,0:00:26,FALSE,,0,,,,0:00:33,,,TRUE
1-Jul-22,10040,10664,Season 1 Episode 16,Susan Lewis ,F,11:19:48,12:01:01,10040_10664_18,Off-Screen,11:30:29,11:31:21,0:00:52,0:00:52,52,0,0,0,Off-Screen,10040_10664_19,,0,,,,,,,,,,,,,,,,,0:00:00,FALSE,,0,,,,0:00:52,,,TRUE
1-Jul-22,10040,10664,Season 1 Episode 16,Susan Lewis ,F,11:19:48,12:01:01,10040_10664_19,Professional Communication,11:31:21,11:32:00,0:00:39,0:00:39,39,Nurse,Talking,0,Hospital,user,"10040_10664_20,10040_10664_21",2,2,10040_10664_20,11:31:30,11:31:39,2,10040_10664_21,11:31:48,11:32:00,,,,,,,,,0:00:21,FALSE,,0,,,,0:00:39,,,TRUE
1-Jul-22,10040,10664,Season 1 Episode 16,Susan Lewis ,F,11:19:48,12:01:01,10040_10664_20,In-transit,11:31:30,11:31:39,0:00:09,0:00:09,9,0,0,0,Hospital,user,10040_10664_19,1,2,10040_10664_19,11:31:30,11:31:39,,,,,,,,,,,,,0:00:09,FALSE,,0,,,,0:00:09,,,TRUE
1-Jul-22,10040,10664,Season 1 Episode 16,Susan Lewis ,F,11:19:48,12:01:01,10040_10664_21,Direct Care,11:31:48,11:32:05,0:00:17,0:00:17,17,Other,Talking,0,Hospital,10040_10664_22,10040_10664_19,1,2,10040_10664_19,11:31:48,11:32:00,,,,,,,,,,,,,0:00:12,FALSE,,0,,,,0:00:17,,,TRUE
1-Jul-22,10040,10664,Season 1 Episode 16,Susan Lewis ,F,11:19:48,12:01:01,10040_10664_22,Direct Care,11:32:05,11:32:22,0:00:17,0:00:17,17,Patient,0,0,Hospital,10040_10664_23,,0,,,,,,,,,,,,,,,,,0:00:00,FALSE,,0,,,,0:00:17,,,TRUE
1-Jul-22,10040,10664,Season 1 Episode 16,Susan Lewis ,F,11:19:48,12:01:01,10040_10664_23,Off-Screen,11:32:22,11:34:51,0:02:29,0:02:29,149,0,0,0,Off-Screen,10040_10664_24,,0,,,,,,,,,,,,,,,,,0:00:00,FALSE,,0,,,,0:02:29,,,TRUE
1-Jul-22,10040,10664,Season 1 Episode 16,Susan Lewis ,F,11:19:48,12:01:01,10040_10664_24,Professional Communication,11:34:51,11:35:15,0:00:24,0:00:24,24,Doctor(s),Talking,0,Hospital,10040_10664_25,,0,,,,,,,,,,,,,,,,,0:00:00,FALSE,,0,,,,0:00:24,,,TRUE
1-Jul-22,10040,10664,Season 1 Episode 16,Susan Lewis ,F,11:19:48,12:01:01,10040_10664_25,Nothing Happening,11:35:15,11:35:19,0:00:04,0:00:04,4,0,0,0,Nothing Happening,10040_10664_26,,0,,,,,,,,,,,,,,,,,0:00:00,FALSE,,0,,,,0:00:04,,,TRUE
1-Jul-22,10040,10664,Season 1 Episode 16,Susan Lewis ,F,11:19:48,12:01:01,10040_10664_26,Off-Screen,11:35:19,11:38:57,0:03:38,0:03:38,218,0,0,0,Off-Screen,10040_10664_27,,0,,,,,,,,,,,,,,,,,0:00:00,FALSE,,0,,,,0:03:38,,,TRUE
1-Jul-22,10040,10664,Season 1 Episode 16,Susan Lewis ,F,11:19:48,12:01:01,10040_10664_27,Professional Communication,11:38:57,11:40:13,0:01:16,0:01:16,76,Doctor(s),Talking,0,Hospital,10040_10664_28,,0,,,,,,,,,,,,,,,,,0:00:00,FALSE,,0,,,,0:01:16,,,TRUE
1-Jul-22,10040,10664,Season 1 Episode 16,Susan Lewis ,F,11:19:48,12:01:01,10040_10664_28,Off-Screen,11:40:13,11:45:41,0:05:28,0:05:28,328,0,0,0,Off-Screen,10040_10664_29,,0,,,,,,,,,,,,,,,,,0:00:00,FALSE,,0,,,,0:05:28,,,TRUE
1-Jul-22,10040,10664,Season 1 Episode 16,Susan Lewis ,F,11:19:48,12:01:01,10040_10664_29,In-transit,11:45:41,11:46:09,0:00:28,0:00:28,28,0,0,0,Hospital,user,10040_10664_30,1,2,10040_10664_30,11:45:43,11:46:09,,,,,,,,,,,,,0:00:26,FALSE,,0,,,,0:00:28,,,TRUE
1-Jul-22,10040,10664,Season 1 Episode 16,Susan Lewis ,F,11:19:48,12:01:01,10040_10664_30,Direct Care,11:45:43,11:46:11,0:00:28,0:00:28,28,Relative (Patient),Talking,0,Hospital,10040_10664_31,10040_10664_29,1,2,10040_10664_29,11:45:43,11:46:09,,,,,,,,,,,,,0:00:26,FALSE,,0,,,,0:00:28,,,TRUE
1-Jul-22,10040,10664,Season 1 Episode 16,Susan Lewis ,F,11:19:48,12:01:01,10040_10664_31,Off-Screen,11:46:11,11:46:35,0:00:24,0:00:24,24,0,0,0,Off-Screen,10040_10664_32,,0,,,,,,,,,,,,,,,,,0:00:00,FALSE,,0,,,,0:00:24,,,TRUE
1-Jul-22,10040,10664,Season 1 Episode 16,Susan Lewis ,F,11:19:48,12:01:01,10040_10664_32,Nothing Happening,11:46:35,11:46:46,0:00:11,0:00:11,11,0,0,0,Nothing Happening,10040_10664_33,,0,,,,,,,,,,,,,,,,,0:00:00,FALSE,,0,,,,0:00:11,,,TRUE
1-Jul-22,10040,10664,Season 1 Episode 16,Susan Lewis ,F,11:19:48,12:01:01,10040_10664_33,Nothing Happening,11:46:46,11:47:15,0:00:29,0:00:29,29,0,0,0,Nothing Happening,10040_10664_34,,0,,,,,,,,,,,,,,,,,0:00:00,FALSE,,0,,,,0:00:29,,,TRUE
1-Jul-22,10040,10664,Season 1 Episode 16,Susan Lewis ,F,11:19:48,12:01:01,10040_10664_34,Social,11:47:15,11:47:51,0:00:36,0:00:36,36,Doctor(s),Talking,0,Hospital,10040_10664_36,10040_10664_35,1,2,10040_10664_35,11:47:23,11:47:51,,,,,,,,,,,,,0:00:28,FALSE,,0,,,,0:00:36,,,TRUE
1-Jul-22,10040,10664,Season 1 Episode 16,Susan Lewis ,F,11:19:48,12:01:01,10040_10664_35,In-transit,11:47:23,11:47:51,0:00:28,0:00:28,28,0,0,0,Hospital,user,10040_10664_34,1,2,10040_10664_34,11:47:23,11:47:51,,,,,,,,,,,,,0:00:28,FALSE,,0,,,,0:00:28,,,TRUE
1-Jul-22,10040,10664,Season 1 Episode 16,Susan Lewis ,F,11:19:48,12:01:01,10040_10664_36,Off-Screen,11:47:51,11:50:48,0:02:57,0:02:57,177,0,0,0,Off-Screen,10040_10664_37,,0,,,,,,,,,,,,,,,,,0:00:00,FALSE,,0,,,,0:02:57,,,TRUE
1-Jul-22,10040,10664,Season 1 Episode 16,Susan Lewis ,F,11:19:48,12:01:01,10040_10664_37,In-transit,11:50:48,11:51:02,0:00:14,0:00:14,14,0,0,0,Hospital,user,10040_10664_38,1,2,10040_10664_38,11:50:49,11:51:02,,,,,,,,,,,,,0:00:13,FALSE,,0,,,,0:00:14,,,TRUE
1-Jul-22,10040,10664,Season 1 Episode 16,Susan Lewis ,F,11:19:48,12:01:01,10040_10664_38,Direct Care,11:50:49,11:51:12,0:00:23,0:00:23,23,Relative (Patient),Talking,0,Hospital,user,"10040_10664_37,10040_10664_39",2,2,10040_10664_37,11:50:49,11:51:02,2,10040_10664_39,11:51:05,11:51:12,,,,,,,,,0:00:20,FALSE,,0,,,,0:00:23,,,TRUE
1-Jul-22,10040,10664,Season 1 Episode 16,Susan Lewis ,F,11:19:48,12:01:01,10040_10664_39,Direct Care,11:51:05,11:53:42,0:02:37,0:02:37,157,Patient,0,0,ICU,10040_10664_42,"10040_10664_38,10040_10664_40,10040_10664_41",3,2,10040_10664_38,11:51:05,11:51:12,2,10040_10664_40,11:51:13,11:52:56,3,"10040_10664_40,10040_10664_41",11:52:56,11:53:40,,,,,0:02:34,FALSE,,0,,,,0:02:37,,,TRUE
1-Jul-22,10040,10664,Season 1 Episode 16,Susan Lewis ,F,11:19:48,12:01:01,10040_10664_40,Direct Care,11:51:13,11:53:40,0:02:27,0:02:27,147,Doctor(s),Talking,0,ICU,user,"10040_10664_39,10040_10664_41",2,2,10040_10664_39,11:51:13,11:52:56,3,"10040_10664_39,10040_10664_41",11:52:56,11:53:40,,,,,,,,,0:02:27,FALSE,,0,,,,0:02:27,,,TRUE
1-Jul-22,10040,10664,Season 1 Episode 16,Susan Lewis ,F,11:19:48,12:01:01,10040_10664_41,Direct Care,11:52:56,11:53:24,0:00:28,0:00:28,28,Relative (Patient),Talking,0,ICU,user,"10040_10664_40,10040_10664_39",1,3,"10040_10664_40,10040_10664_39",11:52:56,11:53:24,,,,,,,,,,,,,0:00:28,FALSE,,0,,,,0:00:28,,,TRUE
1-Jul-22,10040,10664,Season 1 Episode 16,Susan Lewis ,F,11:19:48,12:01:01,10040_10664_42,Off-Screen,11:53:42,11:53:59,0:00:17,0:00:17,17,0,0,0,Off-Screen,10040_10664_43,,0,,,,,,,,,,,,,,,,,0:00:00,FALSE,,0,,,,0:00:17,,,TRUE
1-Jul-22,10040,10664,Season 1 Episode 16,Susan Lewis ,F,11:19:48,12:01:01,10040_10664_43,Professional Communication,11:53:59,11:54:07,0:00:08,0:00:08,8,Doctor(s),Talking,0,Hospital,10040_10664_44,,0,,,,,,,,,,,,,,,,,0:00:00,FALSE,,0,,,,0:00:08,,,TRUE
1-Jul-22,10040,10664,Season 1 Episode 16,Susan Lewis ,F,11:19:48,12:01:01,10040_10664_44,Off-Screen,11:54:07,11:58:31,0:04:24,0:04:24,264,0,0,0,Off-Screen,10040_10664_45,,0,,,,,,,,,,,,,,,,,0:00:00,FALSE,,0,,,,0:04:24,,,TRUE
1-Jul-22,10040,10664,Season 1 Episode 16,Susan Lewis ,F,11:19:48,12:01:01,10040_10664_45,Social,11:58:31,11:59:28,0:00:57,0:00:57,57,Doctor(s),Talking,0,Community,10040_10664_46,,0,,,,,,,,,,,,,,,,,0:00:00,FALSE,,0,,,,0:00:57,,,TRUE
1-Jul-22,10040,10664,Season 1 Episode 16,Susan Lewis ,F,11:19:48,12:01:01,10040_10664_46,Off-Screen,11:59:28,12:01:01,0:01:33,0:01:33,93,0,0,0,Off-Screen,user,,0,,,,,,,,,,,,,,,,,0:00:00,FALSE,,0,,,,0:01:33,,,TRUE
8-Jul-22,10040,10710,Season 1 Episode 25,Susan Lewis ,F,17:18:52,18:14:43,10040_10710_1,Off-Screen,17:18:52,17:26:33,0:07:41,0:07:41,461,0,0,0,Off-Screen,10040_10710_2,,0,,,,,,,,,,,,,,,,,0:00:00,FALSE,,0,,,,0:07:41,,,TRUE
8-Jul-22,10040,10710,Season 1 Episode 25,Susan Lewis ,F,17:18:52,18:14:43,10040_10710_2,Social,17:26:33,17:27:13,0:00:40,0:00:40,40,Other,Talking,0,Community,10040_10710_3,,0,,,,,,,,,,,,,,,,,0:00:00,FALSE,,0,,,,0:00:40,,,TRUE
8-Jul-22,10040,10710,Season 1 Episode 25,Susan Lewis ,F,17:18:52,18:14:43,10040_10710_3,Off-Screen,17:27:13,17:27:17,0:00:04,0:00:04,4,0,0,0,Off-Screen,10040_10710_4,,0,,,,,,,,,,,,,,,,,0:00:00,FALSE,,0,,,,0:00:04,,,TRUE
8-Jul-22,10040,10710,Season 1 Episode 25,Susan Lewis ,F,17:18:52,18:14:43,10040_10710_4,In-transit,17:27:17,17:27:19,0:00:02,0:00:02,2,0,0,0,Community,10040_10710_5,,0,,,,,,,,,,,,,,,,,0:00:00,FALSE,,0,,,,0:00:02,,,TRUE
8-Jul-22,10040,10710,Season 1 Episode 25,Susan Lewis ,F,17:18:52,18:14:43,10040_10710_5,Off-Screen,17:27:19,17:35:52,0:08:33,0:08:33,513,0,0,0,Off-Screen,10040_10710_6,,0,,,,,,,,,,,,,,,,,0:00:00,FALSE,,0,,,,0:08:33,,,TRUE
8-Jul-22,10040,10710,Season 1 Episode 25,Susan Lewis ,F,17:18:52,18:14:43,10040_10710_6,Direct Care,17:35:52,17:36:13,0:00:21,0:00:21,21,Relative (Patient),Talking,0,Hospital,user,"10040_10710_7,10040_10710_8",2,2,10040_10710_7,17:36:00,17:36:07,3,"10040_10710_7,10040_10710_8",17:36:07,17:36:13,,,,,,,,,0:00:13,FALSE,,0,,,,0:00:21,,,TRUE
8-Jul-22,10040,10710,Season 1 Episode 25,Susan Lewis ,F,17:18:52,18:14:43,10040_10710_7,Direct Care,17:36:00,17:36:41,0:00:41,0:00:41,41,Nurse,Talking,0,Hospital,10040_10710_9,"10040_10710_6,10040_10710_8",2,2,10040_10710_6,17:36:00,17:36:07,3,"10040_10710_6,10040_10710_8",17:36:07,17:36:41,,,,,,,,,0:00:41,FALSE,,0,,,,0:00:41,,,TRUE
8-Jul-22,10040,10710,Season 1 Episode 25,Susan Lewis ,F,17:18:52,18:14:43,10040_10710_8,Direct Care,17:36:07,17:36:41,0:00:34,0:00:34,34,Doctor(s),Talking,0,Hospital,10040_10710_9,"10040_10710_7,10040_10710_6",1,3,"10040_10710_7,10040_10710_6",17:36:07,17:36:41,,,,,,,,,,,,,0:00:34,FALSE,,0,,,,0:00:34,,,TRUE
8-Jul-22,10040,10710,Season 1 Episode 25,Susan Lewis ,F,17:18:52,18:14:43,10040_10710_9,Direct Care,17:36:41,17:36:54,0:00:13,0:00:13,13,Relative (Patient),Talking,0,Hospital,10040_10710_10,,0,,,,,,,,,,,,,,,,,0:00:00,FALSE,,0,,,,0:00:13,,,TRUE
8-Jul-22,10040,10710,Season 1 Episode 25,Susan Lewis ,F,17:18:52,18:14:43,10040_10710_10,Off-Screen,17:36:54,17:39:05,0:02:11,0:02:11,131,0,0,0,Off-Screen,10040_10710_11,,0,,,,,,,,,,,,,,,,,0:00:00,FALSE,,0,,,,0:02:11,,,TRUE
8-Jul-22,10040,10710,Season 1 Episode 25,Susan Lewis ,F,17:18:52,18:14:43,10040_10710_11,In-transit,17:39:05,17:39:15,0:00:10,0:00:10,10,0,0,0,Hospital,10040_10710_13,10040_10710_12,1,2,10040_10710_12,17:39:08,17:39:14,,,,,,,,,,,,,0:00:06,FALSE,,0,,,,0:00:10,,,TRUE
8-Jul-22,10040,10710,Season 1 Episode 25,Susan Lewis ,F,17:18:52,18:14:43,10040_10710_12,Social,17:39:08,17:39:14,0:00:06,0:00:06,6,Doctor(s),Talking,0,Hospital,user,10040_10710_11,1,2,10040_10710_11,17:39:08,17:39:14,,,,,,,,,,,,,0:00:06,FALSE,,0,,,,0:00:06,,,TRUE
8-Jul-22,10040,10710,Season 1 Episode 25,Susan Lewis ,F,17:18:52,18:14:43,10040_10710_13,Off-Screen,17:39:15,17:44:21,0:05:06,0:05:06,306,0,0,0,Off-Screen,10040_10710_14,,0,,,,,,,,,,,,,,,,,0:00:00,FALSE,,0,,,,0:05:06,,,TRUE
8-Jul-22,10040,10710,Season 1 Episode 25,Susan Lewis ,F,17:18:52,18:14:43,10040_10710_14,Social,17:44:21,17:45:06,0:00:45,0:00:45,45,Other,Talking,0,Community,10040_10710_15,,0,,,,,,,,,,,,,,,,,0:00:00,FALSE,,0,,,,0:00:45,,,TRUE
8-Jul-22,10040,10710,Season 1 Episode 25,Susan Lewis ,F,17:18:52,18:14:43,10040_10710_15,Off-Screen,17:45:06,17:51:03,0:05:57,0:05:57,357,0,0,0,Off-Screen,10040_10710_16,,0,,,,,,,,,,,,,,,,,0:00:00,FALSE,,0,,,,0:05:57,,,TRUE
8-Jul-22,10040,10710,Season 1 Episode 25,Susan Lewis ,F,17:18:52,18:14:43,10040_10710_16,In-transit,17:51:03,17:51:13,0:00:10,0:00:10,10,0,0,0,Community,10040_10710_17,,0,,,,,,,,,,,,,,,,,0:00:00,FALSE,,0,,,,0:00:10,,,TRUE
8-Jul-22,10040,10710,Season 1 Episode 25,Susan Lewis ,F,17:18:52,18:14:43,10040_10710_17,Social,17:51:13,17:51:28,0:00:15,0:00:15,15,Doctor(s),Talking,0,Community,10040_10710_18,,0,,,,,,,,,,,,,,,,,0:00:00,FALSE,,0,,,,0:00:15,,,TRUE
8-Jul-22,10040,10710,Season 1 Episode 25,Susan Lewis ,F,17:18:52,18:14:43,10040_10710_18,In-transit,17:51:28,17:51:33,0:00:05,0:00:05,5,0,0,0,Community,10040_10710_19,,0,,,,,,,,,,,,,,,,,0:00:00,FALSE,,0,,,,0:00:05,,,TRUE
8-Jul-22,10040,10710,Season 1 Episode 25,Susan Lewis ,F,17:18:52,18:14:43,10040_10710_19,Social,17:51:33,17:51:43,0:00:10,0:00:10,10,Other,Talking,0,Community,10040_10710_20,,0,,,,,,,,,,,,,,,,,0:00:00,FALSE,,0,,,,0:00:10,,,TRUE
8-Jul-22,10040,10710,Season 1 Episode 25,Susan Lewis ,F,17:18:52,18:14:43,10040_10710_20,Nothing Happening,17:51:43,17:52:10,0:00:27,0:00:27,27,0,0,0,Nothing Happening,10040_10710_21,,0,,,,,,,,,,,,,,,,,0:00:00,FALSE,,0,,,,0:00:27,,,TRUE
8-Jul-22,10040,10710,Season 1 Episode 25,Susan Lewis ,F,17:18:52,18:14:43,10040_10710_21,Social,17:52:10,17:52:35,0:00:25,0:00:25,25,Nurse,Talking,0,Community,10040_10710_22,,0,,,,,,,,,,,,,,,,,0:00:00,FALSE,,0,,,,0:00:25,,,TRUE
8-Jul-22,10040,10710,Season 1 Episode 25,Susan Lewis ,F,17:18:52,18:14:43,10040_10710_22,Nothing Happening,17:52:35,17:52:46,0:00:11,0:00:11,11,0,0,0,Nothing Happening,10040_10710_23,,0,,,,,,,,,,,,,,,,,0:00:00,FALSE,,0,,,,0:00:11,,,TRUE
8-Jul-22,10040,10710,Season 1 Episode 25,Susan Lewis ,F,17:18:52,18:14:43,10040_10710_23,Off-Screen,17:52:46,18:03:54,0:11:08,0:11:08,668,0,0,0,Off-Screen,10040_10710_24,,0,,,,,,,,,,,,,,,,,0:00:00,FALSE,,0,,,,0:11:08,,,TRUE
8-Jul-22,10040,10710,Season 1 Episode 25,Susan Lewis ,F,17:18:52,18:14:43,10040_10710_24,Social,18:03:54,18:04:06,0:00:12,0:00:12,12,Nurse,Talking,0,Community,10040_10710_25,,0,,,,,,,,,,,,,,,,,0:00:00,FALSE,,0,,,,0:00:12,,,TRUE
8-Jul-22,10040,10710,Season 1 Episode 25,Susan Lewis ,F,17:18:52,18:14:43,10040_10710_25,Nothing Happening,18:04:06,18:04:36,0:00:30,0:00:30,30,0,0,0,Nothing Happening,10040_10710_26,,0,,,,,,,,,,,,,,,,,0:00:00,FALSE,,0,,,,0:00:30,,,TRUE
8-Jul-22,10040,10710,Season 1 Episode 25,Susan Lewis ,F,17:18:52,18:14:43,10040_10710_26,Social,18:04:36,18:04:41,0:00:05,0:00:05,5,Other,Talking,0,Community,10040_10710_27,,0,,,,,,,,,,,,,,,,,0:00:00,FALSE,,0,,,,0:00:05,,,TRUE
8-Jul-22,10040,10710,Season 1 Episode 25,Susan Lewis ,F,17:18:52,18:14:43,10040_10710_27,Off-Screen,18:04:41,18:09:58,0:05:17,0:05:17,317,0,0,0,Off-Screen,10040_10710_28,,0,,,,,,,,,,,,,,,,,0:00:00,FALSE,,0,,,,0:05:17,,,TRUE
8-Jul-22,10040,10710,Season 1 Episode 25,Susan Lewis ,F,17:18:52,18:14:43,10040_10710_28,Social,18:09:58,18:10:09,0:00:11,0:00:11,11,Nurse,Talking,0,Community,10040_10710_29,,0,,,,,,,,,,,,,,,,,0:00:00,FALSE,,0,,,,0:00:11,,,TRUE
8-Jul-22,10040,10710,Season 1 Episode 25,Susan Lewis ,F,17:18:52,18:14:43,10040_10710_29,Nothing Happening,18:10:09,18:13:06,0:02:57,0:02:57,177,0,0,0,Nothing Happening,10040_10710_30,,0,,,,,,,,,,,,,,,,,0:00:00,FALSE,,0,,,,0:02:57,,,TRUE
8-Jul-22,10040,10710,Season 1 Episode 25,Susan Lewis ,F,17:18:52,18:14:43,10040_10710_30,Off-Screen,18:13:06,18:14:43,0:01:37,0:01:37,97,0,0,0,Off-Screen,user,,0,,,,,,,,,,,,,,,,,0:00:00,FALSE,,0,,,,0:01:37,,,TRUE